#  81 angles,  1 tensor ranks for 0=projectile
@subtitle   "39K(3He,d)40Ca 21 MeV DWBA ZR 9432 keV Jpi=3- l=1 n=3 j=3/2"                   
@legend ON
@legend x1 0.2
@legend y1 0.8
@g0 type LOGY
@yaxis ticklabel format power
@xaxis label "Scattering angle (degrees)"
@yaxis label "Cross section (mb/sr)"
@legend string   0 "Partition=  1 Excit=  1 near/far= 1"
#legend string   0 "Lab energy =   21.0000"
@s0 linestyle   1
#  Theta       sigma       iT11        T20         T21         T22         Kyy for projectile
  0.1000E-01   1.000    
   1.000      0.9997    
   2.000       1.001    
   3.000      0.9801    
   4.000      0.9937    
   5.000       1.036    
   6.000       1.069    
   7.000       1.070    
   8.000       1.043    
   9.000       1.001    
   10.00      0.9589    
   11.00      0.9259    
   12.00      0.9030    
   13.00      0.8865    
   14.00      0.8704    
   15.00      0.8486    
   16.00      0.8173    
   17.00      0.7752    
   18.00      0.7238    
   19.00      0.6664    
   20.00      0.6075    
   21.00      0.5518    
   22.00      0.5029    
   23.00      0.4636    
   24.00      0.4347    
   25.00      0.4158    
   26.00      0.4051    
   27.00      0.3999    
   28.00      0.3972    
   29.00      0.3941    
   30.00      0.3882    
   31.00      0.3777    
   32.00      0.3620    
   33.00      0.3412    
   34.00      0.3163    
   35.00      0.2889    
   36.00      0.2608    
   37.00      0.2340    
   38.00      0.2104    
   39.00      0.1911    
   40.00      0.1770    
   41.00      0.1682    
   42.00      0.1644    
   43.00      0.1646    
   44.00      0.1677    
   45.00      0.1721    
   46.00      0.1765    
   47.00      0.1796    
   48.00      0.1803    
   49.00      0.1779    
   50.00      0.1722    
   51.00      0.1633    
   52.00      0.1516    
   53.00      0.1378    
   54.00      0.1229    
   55.00      0.1077    
   56.00      0.9318E-01
   57.00      0.8011E-01
   58.00      0.6912E-01
   59.00      0.6059E-01
   60.00      0.5467E-01
   61.00      0.5129E-01
   62.00      0.5018E-01
   63.00      0.5093E-01
   64.00      0.5301E-01
   65.00      0.5587E-01
   66.00      0.5895E-01
   67.00      0.6177E-01
   68.00      0.6392E-01
   69.00      0.6510E-01
   70.00      0.6515E-01
   71.00      0.6402E-01
   72.00      0.6176E-01
   73.00      0.5853E-01
   74.00      0.5453E-01
   75.00      0.5000E-01
   76.00      0.4522E-01
   77.00      0.4042E-01
   78.00      0.3583E-01
   79.00      0.3163E-01
   80.00      0.2793E-01
 END
@legend string   1 "Partition=  2 Excit=  1 near/far= 1"
#legend string   0 "Lab energy =   21.0000"
@s1 linestyle   2
#  Theta       sigma       iT11        T20         T21         T22         Kyy for projectile
   0.000       37.30    
   1.000       37.20    
   2.000       36.90    
   3.000       36.38    
   4.000       35.63    
   5.000       34.65    
   6.000       33.41    
   7.000       31.92    
   8.000       30.18    
   9.000       28.21    
   10.00       26.05    
   11.00       23.76    
   12.00       21.40    
   13.00       19.06    
   14.00       16.79    
   15.00       14.69    
   16.00       12.79    
   17.00       11.15    
   18.00       9.788    
   19.00       8.708    
   20.00       7.898    
   21.00       7.330    
   22.00       6.962    
   23.00       6.749    
   24.00       6.642    
   25.00       6.590    
   26.00       6.550    
   27.00       6.485    
   28.00       6.369    
   29.00       6.184    
   30.00       5.924    
   31.00       5.593    
   32.00       5.201    
   33.00       4.764    
   34.00       4.300    
   35.00       3.831    
   36.00       3.374    
   37.00       2.948    
   38.00       2.566    
   39.00       2.237    
   40.00       1.967    
   41.00       1.758    
   42.00       1.608    
   43.00       1.511    
   44.00       1.460    
   45.00       1.446    
   46.00       1.459    
   47.00       1.489    
   48.00       1.528    
   49.00       1.566    
   50.00       1.599    
   51.00       1.619    
   52.00       1.625    
   53.00       1.613    
   54.00       1.584    
   55.00       1.538    
   56.00       1.477    
   57.00       1.402    
   58.00       1.317    
   59.00       1.224    
   60.00       1.127    
   61.00       1.028    
   62.00      0.9304    
   63.00      0.8361    
   64.00      0.7468    
   65.00      0.6640    
   66.00      0.5886    
   67.00      0.5214    
   68.00      0.4625    
   69.00      0.4119    
   70.00      0.3694    
   71.00      0.3344    
   72.00      0.3064    
   73.00      0.2846    
   74.00      0.2681    
   75.00      0.2562    
   76.00      0.2482    
   77.00      0.2431    
   78.00      0.2405    
   79.00      0.2396    
   80.00      0.2399    
 END
