     0.0   1.496      1
     0.0   2.994     -1
     1.0   13.48      1
     1.0   26.98     -1
     2.0   29.95      1
     2.0   59.96     -1
     3.0   41.97      1
     3.0   83.98     -1
     4.0   53.91      1
     4.0   107.9     -1
     5.0   65.82      1
     5.0   131.5     -1
     6.0   76.22      1
     6.0   153.4     -1
     7.0   86.21      1
     7.0   169.7     -1
     8.0   84.94      1
     8.0   173.4     -1
     9.0   80.62      1
     9.0   159.4     -1
    10.0   64.57      1
    10.0   129.3     -1
    11.0   43.96      1
    11.0   91.23     -1
    12.0   30.54      1
    12.0   56.27     -1
    13.0   14.24      1
    13.0   31.77     -1
    14.0   9.611      1
    14.0   17.37     -1
    15.0   4.201      1
    15.0   9.405     -1
    16.0   2.802      1
    16.0   5.064     -1
    17.0   1.211      1
    17.0   2.713     -1
    18.0  0.8010      1
    18.0   1.447     -1
    19.0  0.3428      1
    19.0  0.7683     -1
    20.0  0.2252      1
    20.0  0.4064     -1
    21.0  0.9552E-01  1
    21.0  0.2142     -1
    22.0  0.6238E-01  1
    22.0  0.1125     -1
    23.0  0.2628E-01  1
    23.0  0.5895E-01 -1
    24.0  0.1707E-01  1
    24.0  0.3080E-01 -1
    25.0  0.7147E-02  1
    25.0  0.1604E-01 -1
    26.0  0.4623E-02  1
    26.0  0.8336E-02 -1
    27.0  0.1925E-02  1
    27.0  0.4322E-02 -1
    28.0  0.1240E-02  1
    28.0  0.2236E-02 -1
    29.0  0.5144E-03  1
    29.0  0.1154E-02 -1
    30.0  0.3289E-03  1
    30.0  0.5932E-03 -1
