     0.0   1.498      1
     0.0   3.000     -1
     1.0   13.49      1
     1.0   27.01     -1
     2.0   29.98      1
     2.0   60.02     -1
     3.0   41.97      1
     3.0   83.98     -1
     4.0   53.83      1
     4.0   107.8     -1
     5.0   65.68      1
     5.0   131.2     -1
     6.0   75.99      1
     6.0   152.9     -1
     7.0   85.80      1
     7.0   169.1     -1
     8.0   84.26      1
     8.0   172.3     -1
     9.0   79.82      1
     9.0   157.8     -1
    10.0   63.51      1
    10.0   127.3     -1
    11.0   43.27      1
    11.0   89.46     -1
    12.0   29.77      1
    12.0   55.13     -1
    13.0   14.07      1
    13.0   31.20     -1
    14.0   9.429      1
    14.0   17.11     -1
    15.0   4.167      1
    15.0   9.291     -1
    16.0   2.768      1
    16.0   5.014     -1
    17.0   1.205      1
    17.0   2.692     -1
    18.0  0.7947      1
    18.0   1.438     -1
    19.0  0.3416      1
    19.0  0.7645     -1
    20.0  0.2240      1
    20.0  0.4048     -1
    21.0  0.9531E-01  1
    21.0  0.2135     -1
    22.0  0.6218E-01  1
    22.0  0.1123     -1
    23.0  0.2624E-01  1
    23.0  0.5884E-01 -1
    24.0  0.1704E-01  1
    24.0  0.3075E-01 -1
    25.0  0.7145E-02  1
    25.0  0.1603E-01 -1
    26.0  0.4621E-02  1
    26.0  0.8336E-02 -1
    27.0  0.1928E-02  1
    27.0  0.4326E-02 -1
    28.0  0.1242E-02  1
    28.0  0.2240E-02 -1
    29.0  0.5159E-03  1
    29.0  0.1158E-02 -1
    30.0  0.3312E-03  1
    30.0  0.5973E-03 -1
