#  81 angles,  1 tensor ranks for 0=projectile
@subtitle   "39K(3He,d)40Ca 21 MeV DWBA ZR 7114 keV Jpi=4- l=3 n=2 j=5/2"                   
@legend ON
@legend x1 0.2
@legend y1 0.8
@g0 type LOGY
@yaxis ticklabel format power
@legend string   0 "Lab energy =   21.0000"
#legend string   0 "Partition=  2 Excit=  1 near/far= 1"
#  Theta       sigma       iT11        T20         T21         T22         Kyy for projectile
   0.000       9.603    
   1.000       9.645    
   2.000       9.769    
   3.000       9.973    
   4.000       10.25    
   5.000       10.60    
   6.000       11.01    
   7.000       11.46    
   8.000       11.96    
   9.000       12.49    
   10.00       13.03    
   11.00       13.56    
   12.00       14.08    
   13.00       14.54    
   14.00       14.93    
   15.00       15.23    
   16.00       15.41    
   17.00       15.45    
   18.00       15.34    
   19.00       15.06    
   20.00       14.62    
   21.00       14.02    
   22.00       13.27    
   23.00       12.41    
   24.00       11.44    
   25.00       10.40    
   26.00       9.319    
   27.00       8.234    
   28.00       7.173    
   29.00       6.167    
   30.00       5.240    
   31.00       4.414    
   32.00       3.702    
   33.00       3.112    
   34.00       2.645    
   35.00       2.296    
   36.00       2.053    
   37.00       1.902    
   38.00       1.825    
   39.00       1.805    
   40.00       1.823    
   41.00       1.862    
   42.00       1.908    
   43.00       1.948    
   44.00       1.974    
   45.00       1.977    
   46.00       1.955    
   47.00       1.906    
   48.00       1.831    
   49.00       1.733    
   50.00       1.616    
   51.00       1.486    
   52.00       1.349    
   53.00       1.210    
   54.00       1.074    
   55.00      0.9467    
   56.00      0.8309    
   57.00      0.7290    
   58.00      0.6422    
   59.00      0.5707    
   60.00      0.5137    
   61.00      0.4698    
   62.00      0.4372    
   63.00      0.4137    
   64.00      0.3972    
   65.00      0.3855    
   66.00      0.3766    
   67.00      0.3691    
   68.00      0.3614    
   69.00      0.3527    
   70.00      0.3423    
   71.00      0.3300    
   72.00      0.3159    
   73.00      0.3001    
   74.00      0.2833    
   75.00      0.2660    
   76.00      0.2488    
   77.00      0.2323    
   78.00      0.2171    
   79.00      0.2037    
   80.00      0.1924    
 END
