     0.0   1.503      1
     0.0   3.007     -1
     1.0   13.53      1
     1.0   27.06     -1
     2.0   30.07      1
     2.0   60.13     -1
     3.0   42.10      1
     3.0   84.17     -1
     4.0   54.05      1
     4.0   108.1     -1
     5.0   65.97      1
     5.0   131.6     -1
     6.0   76.43      1
     6.0   153.6     -1
     7.0   86.57      1
     7.0   170.3     -1
     8.0   85.43      1
     8.0   174.4     -1
     9.0   81.46      1
     9.0   160.8     -1
    10.0   65.32      1
    10.0   130.8     -1
    11.0   44.37      1
    11.0   92.27     -1
    12.0   30.88      1
    12.0   56.81     -1
    13.0   14.33      1
    13.0   32.02     -1
    14.0   9.682      1
    14.0   17.48     -1
    15.0   4.218      1
    15.0   9.454     -1
    16.0   2.816      1
    16.0   5.084     -1
    17.0   1.214      1
    17.0   2.721     -1
    18.0  0.8030      1
    18.0   1.449     -1
    19.0  0.3425      1
    19.0  0.7684     -1
    20.0  0.2245      1
    20.0  0.4050     -1
    21.0  0.9406E-01  1
    21.0  0.2113     -1
    22.0  0.6028E-01  1
    22.0  0.1082     -1
    23.0  0.2342E-01  1
    23.0  0.5352E-01 -1
    24.0  0.1440E-01  1
    24.0  0.2521E-01 -1
    25.0  0.4659E-02  1
    25.0  0.1116E-01 -1
    26.0  0.2736E-02  1
    26.0  0.4589E-02 -1
    27.0  0.6781E-03  1
    27.0  0.1745E-02 -1
    28.0  0.3832E-03  1
    28.0  0.6109E-03 -1
    29.0  0.7021E-04  1
    29.0  0.1970E-03 -1
    30.0  0.3858E-04  1
    30.0  0.5849E-04 -1
    31.0  0.5207E-05  1
    31.0  0.1603E-04 -1
    32.0  0.2803E-05  1
    32.0  0.4061E-05 -1
    33.0  0.2817E-06  1
    33.0  0.9536E-06 -1
    34.0  0.1494E-06  1
    34.0  0.2080E-06 -1
    35.0  0.1136E-07  1
    35.0  0.4226E-07 -1
