     0.0   1.503      1
     0.0   3.006     -1
     1.0   13.53      1
     1.0   27.06     -1
     2.0   30.06      1
     2.0   60.12     -1
     3.0   42.08      1
     3.0   84.14     -1
     4.0   54.02      1
     4.0   108.0     -1
     5.0   65.91      1
     5.0   131.6     -1
     6.0   76.39      1
     6.0   153.5     -1
     7.0   86.43      1
     7.0   170.1     -1
     8.0   85.35      1
     8.0   174.3     -1
     9.0   81.34      1
     9.0   160.6     -1
    10.0   65.28      1
    10.0   130.7     -1
    11.0   44.34      1
    11.0   92.18     -1
    12.0   30.84      1
    12.0   56.74     -1
    13.0   14.31      1
    13.0   31.98     -1
    14.0   9.671      1
    14.0   17.46     -1
    15.0   4.213      1
    15.0   9.445     -1
    16.0   2.815      1
    16.0   5.082     -1
    17.0   1.214      1
    17.0   2.721     -1
    18.0  0.8037      1
    18.0   1.451     -1
    19.0  0.3433      1
    19.0  0.7701     -1
    20.0  0.2257      1
    20.0  0.4072     -1
    21.0  0.9563E-01  1
    21.0  0.2146     -1
    22.0  0.6250E-01  1
    22.0  0.1127     -1
    23.0  0.2630E-01  1
    23.0  0.5904E-01 -1
    24.0  0.1710E-01  1
    24.0  0.3084E-01 -1
    25.0  0.7155E-02  1
    25.0  0.1607E-01 -1
    26.0  0.4631E-02  1
    26.0  0.8350E-02 -1
    27.0  0.1929E-02  1
    27.0  0.4331E-02 -1
    28.0  0.1243E-02  1
    28.0  0.2242E-02 -1
    29.0  0.5158E-03  1
    29.0  0.1158E-02 -1
    30.0  0.3311E-03  1
    30.0  0.5973E-03 -1
    31.0  0.1370E-03  1
    31.0  0.3075E-03 -1
    32.0  0.8742E-04  1
    32.0  0.1577E-03 -1
