     0.0   1.501      1
     0.0   3.004     -1
     1.0   13.51      1
     1.0   27.03     -1
     2.0   29.97      1
     2.0   60.00     -1
     3.0   41.95      1
     3.0   83.96     -1
     4.0   53.78      1
     4.0   107.8     -1
     5.0   65.62      1
     5.0   131.1     -1
     6.0   75.66      1
     6.0   152.5     -1
     7.0   85.22      1
     7.0   167.9     -1
     8.0   83.48      1
     8.0   170.6     -1
     9.0   79.46      1
     9.0   156.4     -1
    10.0   63.44      1
    10.0   127.3     -1
    11.0   43.37      1
    11.0   89.98     -1
    12.0   30.14      1
    12.0   55.57     -1
    13.0   14.10      1
    13.0   31.43     -1
    14.0   9.521      1
    14.0   17.22     -1
    15.0   4.173      1
    15.0   9.337     -1
    16.0   2.785      1
    16.0   5.034     -1
    17.0   1.206      1
    17.0   2.700     -1
    18.0  0.7978      1
    18.0   1.441     -1
    19.0  0.3418      1
    19.0  0.7659     -1
    20.0  0.2246      1
    20.0  0.4054     -1
    21.0  0.9532E-01  1
    21.0  0.2138     -1
    22.0  0.6227E-01  1
    22.0  0.1124     -1
    23.0  0.2624E-01  1
    23.0  0.5887E-01 -1
    24.0  0.1705E-01  1
    24.0  0.3076E-01 -1
    25.0  0.7143E-02  1
    25.0  0.1603E-01 -1
    26.0  0.4622E-02  1
    26.0  0.8336E-02 -1
    27.0  0.1927E-02  1
    27.0  0.4325E-02 -1
    28.0  0.1242E-02  1
    28.0  0.2239E-02 -1
    29.0  0.5156E-03  1
    29.0  0.1157E-02 -1
    30.0  0.3310E-03  1
    30.0  0.5970E-03 -1
