#  81 angles,  1 tensor ranks for 0=projectile
@subtitle   "39K(3He,d)40Ca 21 MeV DWBA ZR 6750 keV Jpi=2- l=1 n=3 j=3/2"                   
@legend ON
@legend x1 0.2
@legend y1 0.8
@g0 type LOGY
@yaxis ticklabel format power
@xaxis label "Scattering angle (degrees)"
@yaxis label "Cross section (mb/sr)"
@legend string   0 "Partition=  1 Excit=  1 near/far= 1"
#legend string   0 "Lab energy =   21.0000"
@s0 linestyle   1
#  Theta       sigma       iT11        T20         T21         T22         Kyy for projectile
  0.1000E-01   1.000    
   1.000      0.9997    
   2.000       1.001    
   3.000      0.9801    
   4.000      0.9937    
   5.000       1.036    
   6.000       1.069    
   7.000       1.070    
   8.000       1.043    
   9.000       1.001    
   10.00      0.9589    
   11.00      0.9259    
   12.00      0.9030    
   13.00      0.8865    
   14.00      0.8704    
   15.00      0.8486    
   16.00      0.8173    
   17.00      0.7752    
   18.00      0.7238    
   19.00      0.6664    
   20.00      0.6075    
   21.00      0.5518    
   22.00      0.5029    
   23.00      0.4636    
   24.00      0.4347    
   25.00      0.4158    
   26.00      0.4051    
   27.00      0.3999    
   28.00      0.3972    
   29.00      0.3941    
   30.00      0.3882    
   31.00      0.3777    
   32.00      0.3620    
   33.00      0.3412    
   34.00      0.3163    
   35.00      0.2889    
   36.00      0.2608    
   37.00      0.2340    
   38.00      0.2104    
   39.00      0.1911    
   40.00      0.1770    
   41.00      0.1682    
   42.00      0.1644    
   43.00      0.1646    
   44.00      0.1677    
   45.00      0.1721    
   46.00      0.1765    
   47.00      0.1796    
   48.00      0.1803    
   49.00      0.1779    
   50.00      0.1722    
   51.00      0.1633    
   52.00      0.1516    
   53.00      0.1378    
   54.00      0.1229    
   55.00      0.1077    
   56.00      0.9318E-01
   57.00      0.8011E-01
   58.00      0.6912E-01
   59.00      0.6059E-01
   60.00      0.5467E-01
   61.00      0.5129E-01
   62.00      0.5018E-01
   63.00      0.5093E-01
   64.00      0.5301E-01
   65.00      0.5587E-01
   66.00      0.5895E-01
   67.00      0.6177E-01
   68.00      0.6392E-01
   69.00      0.6510E-01
   70.00      0.6515E-01
   71.00      0.6402E-01
   72.00      0.6176E-01
   73.00      0.5853E-01
   74.00      0.5453E-01
   75.00      0.5000E-01
   76.00      0.4522E-01
   77.00      0.4042E-01
   78.00      0.3583E-01
   79.00      0.3163E-01
   80.00      0.2793E-01
 END
@legend string   1 "Partition=  2 Excit=  1 near/far= 1"
#legend string   0 "Lab energy =   21.0000"
@s1 linestyle   2
#  Theta       sigma       iT11        T20         T21         T22         Kyy for projectile
   0.000       40.63    
   1.000       40.94    
   2.000       41.80    
   3.000       43.09    
   4.000       44.59    
   5.000       46.04    
   6.000       47.15    
   7.000       47.68    
   8.000       47.43    
   9.000       46.27    
   10.00       44.16    
   11.00       41.18    
   12.00       37.46    
   13.00       33.22    
   14.00       28.72    
   15.00       24.22    
   16.00       19.98    
   17.00       16.19    
   18.00       13.02    
   19.00       10.54    
   20.00       8.773    
   21.00       7.661    
   22.00       7.113    
   23.00       7.004    
   24.00       7.192    
   25.00       7.534    
   26.00       7.903    
   27.00       8.195    
   28.00       8.335    
   29.00       8.277    
   30.00       8.009    
   31.00       7.543    
   32.00       6.910    
   33.00       6.158    
   34.00       5.339    
   35.00       4.507    
   36.00       3.712    
   37.00       2.993    
   38.00       2.381    
   39.00       1.893    
   40.00       1.536    
   41.00       1.306    
   42.00       1.190    
   43.00       1.170    
   44.00       1.223    
   45.00       1.326    
   46.00       1.456    
   47.00       1.592    
   48.00       1.717    
   49.00       1.817    
   50.00       1.882    
   51.00       1.909    
   52.00       1.897    
   53.00       1.847    
   54.00       1.764    
   55.00       1.655    
   56.00       1.527    
   57.00       1.388    
   58.00       1.244    
   59.00       1.102    
   60.00      0.9673    
   61.00      0.8436    
   62.00      0.7336    
   63.00      0.6388    
   64.00      0.5596    
   65.00      0.4954    
   66.00      0.4450    
   67.00      0.4067    
   68.00      0.3784    
   69.00      0.3580    
   70.00      0.3436    
   71.00      0.3334    
   72.00      0.3257    
   73.00      0.3192    
   74.00      0.3130    
   75.00      0.3065    
   76.00      0.2993    
   77.00      0.2911    
   78.00      0.2820    
   79.00      0.2722    
   80.00      0.2619    
 END
