#  81 angles,  1 tensor ranks for 0=projectile
@subtitle   "39K(3He,d)40Ca 21 MeV DWBA ZR 8359 keV Jpi=2- l=3 n=2 j=5/2"                   
@legend ON
@legend x1 0.2
@legend y1 0.8
@g0 type LOGY
@yaxis ticklabel format power
@legend string   0 "Lab energy =   21.0000"
#legend string   0 "Partition=  2 Excit=  1 near/far= 1"
#  Theta       sigma       iT11        T20         T21         T22         Kyy for projectile
   0.000       8.481    
   1.000       8.507    
   2.000       8.585    
   3.000       8.710    
   4.000       8.879    
   5.000       9.083    
   6.000       9.315    
   7.000       9.564    
   8.000       9.819    
   9.000       10.07    
   10.00       10.30    
   11.00       10.50    
   12.00       10.67    
   13.00       10.77    
   14.00       10.82    
   15.00       10.79    
   16.00       10.69    
   17.00       10.49    
   18.00       10.22    
   19.00       9.853    
   20.00       9.410    
   21.00       8.896    
   22.00       8.323    
   23.00       7.704    
   24.00       7.055    
   25.00       6.392    
   26.00       5.729    
   27.00       5.082    
   28.00       4.465    
   29.00       3.890    
   30.00       3.367    
   31.00       2.904    
   32.00       2.505    
   33.00       2.172    
   34.00       1.903    
   35.00       1.696    
   36.00       1.543    
   37.00       1.437    
   38.00       1.370    
   39.00       1.331    
   40.00       1.314    
   41.00       1.309    
   42.00       1.309    
   43.00       1.309    
   44.00       1.303    
   45.00       1.288    
   46.00       1.261    
   47.00       1.221    
   48.00       1.170    
   49.00       1.107    
   50.00       1.035    
   51.00      0.9566    
   52.00      0.8742    
   53.00      0.7907    
   54.00      0.7085    
   55.00      0.6300    
   56.00      0.5569    
   57.00      0.4905    
   58.00      0.4316    
   59.00      0.3806    
   60.00      0.3377    
   61.00      0.3023    
   62.00      0.2740    
   63.00      0.2517    
   64.00      0.2346    
   65.00      0.2214    
   66.00      0.2113    
   67.00      0.2032    
   68.00      0.1962    
   69.00      0.1898    
   70.00      0.1835    
   71.00      0.1770    
   72.00      0.1700    
   73.00      0.1627    
   74.00      0.1549    
   75.00      0.1469    
   76.00      0.1389    
   77.00      0.1309    
   78.00      0.1234    
   79.00      0.1165    
   80.00      0.1104    
 END
