#  81 angles,  1 tensor ranks for 0=projectile
@subtitle   "39K(3He,d)40Ca 21 MeV DWBA ZR 8935 keV Jpi=1- l=3 n=1 j=5/2"                   
@legend ON
@legend x1 0.2
@legend y1 0.8
@g0 type LOGY
@yaxis ticklabel format power
@legend string   0 "Lab energy =   21.0000"
#legend string   0 "Partition=  2 Excit=  1 near/far= 1"
#  Theta       sigma       iT11        T20         T21         T22         Kyy for projectile
   0.000       1.879    
   1.000       1.882    
   2.000       1.894    
   3.000       1.913    
   4.000       1.938    
   5.000       1.969    
   6.000       2.004    
   7.000       2.042    
   8.000       2.081    
   9.000       2.118    
   10.00       2.153    
   11.00       2.182    
   12.00       2.204    
   13.00       2.217    
   14.00       2.219    
   15.00       2.208    
   16.00       2.184    
   17.00       2.144    
   18.00       2.090    
   19.00       2.020    
   20.00       1.936    
   21.00       1.840    
   22.00       1.732    
   23.00       1.616    
   24.00       1.493    
   25.00       1.368    
   26.00       1.241    
   27.00       1.117    
   28.00      0.9967    
   29.00      0.8837    
   30.00      0.7795    
   31.00      0.6857    
   32.00      0.6035    
   33.00      0.5333    
   34.00      0.4751    
   35.00      0.4284    
   36.00      0.3923    
   37.00      0.3655    
   38.00      0.3465    
   39.00      0.3337    
   40.00      0.3255    
   41.00      0.3205    
   42.00      0.3171    
   43.00      0.3143    
   44.00      0.3110    
   45.00      0.3063    
   46.00      0.2998    
   47.00      0.2911    
   48.00      0.2801    
   49.00      0.2669    
   50.00      0.2518    
   51.00      0.2352    
   52.00      0.2176    
   53.00      0.1994    
   54.00      0.1812    
   55.00      0.1635    
   56.00      0.1465    
   57.00      0.1307    
   58.00      0.1163    
   59.00      0.1033    
   60.00      0.9193E-01
   61.00      0.8212E-01
   62.00      0.7383E-01
   63.00      0.6696E-01
   64.00      0.6137E-01
   65.00      0.5687E-01
   66.00      0.5329E-01
   67.00      0.5044E-01
   68.00      0.4815E-01
   69.00      0.4626E-01
   70.00      0.4466E-01
   71.00      0.4323E-01
   72.00      0.4192E-01
   73.00      0.4066E-01
   74.00      0.3943E-01
   75.00      0.3821E-01
   76.00      0.3699E-01
   77.00      0.3578E-01
   78.00      0.3460E-01
   79.00      0.3345E-01
   80.00      0.3237E-01
 END
