#  81 angles,  1 tensor ranks for 0=projectile
@subtitle   "39K(3He,d)40Ca 21 MeV DWBA ZR 9432 keV Jpi=1- l=1 n=3 j=1/2"                   
@legend ON
@legend x1 0.2
@legend y1 0.8
@g0 type LOGY
@yaxis ticklabel format power
@legend string   0 "Lab energy =   21.0000"
#legend string   0 "Partition=  2 Excit=  1 near/far= 1"
#  Theta       sigma       iT11        T20         T21         T22         Kyy for projectile
   0.000       18.27    
   1.000       18.20    
   2.000       18.02    
   3.000       17.71    
   4.000       17.27    
   5.000       16.69    
   6.000       15.97    
   7.000       15.12    
   8.000       14.15    
   9.000       13.08    
   10.00       11.92    
   11.00       10.72    
   12.00       9.509    
   13.00       8.319    
   14.00       7.187    
   15.00       6.146    
   16.00       5.223    
   17.00       4.434    
   18.00       3.790    
   19.00       3.292    
   20.00       2.931    
   21.00       2.693    
   22.00       2.558    
   23.00       2.503    
   24.00       2.503    
   25.00       2.533    
   26.00       2.572    
   27.00       2.603    
   28.00       2.611    
   29.00       2.587    
   30.00       2.529    
   31.00       2.435    
   32.00       2.310    
   33.00       2.159    
   34.00       1.990    
   35.00       1.812    
   36.00       1.632    
   37.00       1.458    
   38.00       1.296    
   39.00       1.149    
   40.00       1.022    
   41.00      0.9141    
   42.00      0.8262    
   43.00      0.7567    
   44.00      0.7033    
   45.00      0.6633    
   46.00      0.6335    
   47.00      0.6111    
   48.00      0.5932    
   49.00      0.5776    
   50.00      0.5624    
   51.00      0.5464    
   52.00      0.5288    
   53.00      0.5093    
   54.00      0.4880    
   55.00      0.4652    
   56.00      0.4415    
   57.00      0.4176    
   58.00      0.3941    
   59.00      0.3717    
   60.00      0.3509    
   61.00      0.3320    
   62.00      0.3151    
   63.00      0.3004    
   64.00      0.2877    
   65.00      0.2766    
   66.00      0.2669    
   67.00      0.2582    
   68.00      0.2500    
   69.00      0.2419    
   70.00      0.2336    
   71.00      0.2247    
   72.00      0.2152    
   73.00      0.2047    
   74.00      0.1934    
   75.00      0.1812    
   76.00      0.1683    
   77.00      0.1548    
   78.00      0.1410    
   79.00      0.1273    
   80.00      0.1138    
 END
