     0.0   1.503      1
     0.0   3.006     -1
     1.0   13.53      1
     1.0   27.06     -1
     2.0   30.06      1
     2.0   60.13     -1
     3.0   42.09      1
     3.0   84.16     -1
     4.0   54.03      1
     4.0   108.1     -1
     5.0   65.95      1
     5.0   131.6     -1
     6.0   76.38      1
     6.0   153.5     -1
     7.0   86.49      1
     7.0   170.1     -1
     8.0   85.25      1
     8.0   174.2     -1
     9.0   81.31      1
     9.0   160.6     -1
    10.0   65.09      1
    10.0   130.5     -1
    11.0   44.21      1
    11.0   92.00     -1
    12.0   30.64      1
    12.0   56.45     -1
    13.0   14.25      1
    13.0   31.78     -1
    14.0   9.562      1
    14.0   17.32     -1
    15.0   4.201      1
    15.0   9.376     -1
    16.0   2.789      1
    16.0   5.050     -1
    17.0   1.211      1
    17.0   2.707     -1
    18.0  0.7987      1
    18.0   1.444     -1
    19.0  0.3428      1
    19.0  0.7673     -1
    20.0  0.2247      1
    20.0  0.4060     -1
    21.0  0.9553E-01  1
    21.0  0.2141     -1
    22.0  0.6230E-01  1
    22.0  0.1125     -1
    23.0  0.2628E-01  1
    23.0  0.5892E-01 -1
    24.0  0.1706E-01  1
    24.0  0.3078E-01 -1
    25.0  0.7150E-02  1
    25.0  0.1604E-01 -1
    26.0  0.4622E-02  1
    26.0  0.8337E-02 -1
    27.0  0.1926E-02  1
    27.0  0.4323E-02 -1
    28.0  0.1240E-02  1
    28.0  0.2236E-02 -1
    29.0  0.5143E-03  1
    29.0  0.1154E-02 -1
    30.0  0.3285E-03  1
    30.0  0.5927E-03 -1
