#  81 angles,  1 tensor ranks for 0=projectile
@subtitle   "39K(3He,d)40Ca 21 MeV DWBA ZR 8851 keV Jpi=6- l=5 n=1 j=9/2"                   
@legend ON
@legend x1 0.2
@legend y1 0.8
@g0 type LOGY
@yaxis ticklabel format power
@legend string   0 "Lab energy =   21.0000"
#legend string   0 "Partition=  2 Excit=  1 near/far= 1"
#  Theta       sigma       iT11        T20         T21         T22         Kyy for projectile
   0.000      0.8910    
   1.000      0.8894    
   2.000      0.8845    
   3.000      0.8765    
   4.000      0.8657    
   5.000      0.8526    
   6.000      0.8377    
   7.000      0.8218    
   8.000      0.8055    
   9.000      0.7898    
   10.00      0.7757    
   11.00      0.7641    
   12.00      0.7558    
   13.00      0.7515    
   14.00      0.7518    
   15.00      0.7572    
   16.00      0.7675    
   17.00      0.7829    
   18.00      0.8030    
   19.00      0.8271    
   20.00      0.8547    
   21.00      0.8850    
   22.00      0.9169    
   23.00      0.9494    
   24.00      0.9816    
   25.00       1.012    
   26.00       1.040    
   27.00       1.064    
   28.00       1.084    
   29.00       1.098    
   30.00       1.105    
   31.00       1.106    
   32.00       1.099    
   33.00       1.085    
   34.00       1.063    
   35.00       1.034    
   36.00      0.9979    
   37.00      0.9557    
   38.00      0.9083    
   39.00      0.8567    
   40.00      0.8019    
   41.00      0.7451    
   42.00      0.6876    
   43.00      0.6304    
   44.00      0.5745    
   45.00      0.5209    
   46.00      0.4705    
   47.00      0.4238    
   48.00      0.3813    
   49.00      0.3434    
   50.00      0.3102    
   51.00      0.2819    
   52.00      0.2581    
   53.00      0.2388    
   54.00      0.2234    
   55.00      0.2117    
   56.00      0.2030    
   57.00      0.1968    
   58.00      0.1926    
   59.00      0.1898    
   60.00      0.1880    
   61.00      0.1867    
   62.00      0.1855    
   63.00      0.1840    
   64.00      0.1822    
   65.00      0.1797    
   66.00      0.1765    
   67.00      0.1726    
   68.00      0.1678    
   69.00      0.1624    
   70.00      0.1563    
   71.00      0.1498    
   72.00      0.1428    
   73.00      0.1356    
   74.00      0.1283    
   75.00      0.1210    
   76.00      0.1139    
   77.00      0.1070    
   78.00      0.1005    
   79.00      0.9446E-01
   80.00      0.8887E-01
 END
