     0.0   1.496      1
     0.0   2.998     -1
     1.0   13.49      1
     1.0   27.00     -1
     2.0   29.96      1
     2.0   60.00     -1
     3.0   41.95      1
     3.0   83.97     -1
     4.0   53.79      1
     4.0   107.8     -1
     5.0   65.65      1
     5.0   131.2     -1
     6.0   75.93      1
     6.0   152.9     -1
     7.0   85.74      1
     7.0   169.0     -1
     8.0   84.20      1
     8.0   172.2     -1
     9.0   79.68      1
     9.0   157.5     -1
    10.0   63.34      1
    10.0   126.9     -1
    11.0   42.99      1
    11.0   88.85     -1
    12.0   29.49      1
    12.0   54.70     -1
    13.0   13.99      1
    13.0   30.97     -1
    14.0   9.357      1
    14.0   17.00     -1
    15.0   4.150      1
    15.0   9.241     -1
    16.0   2.752      1
    16.0   4.991     -1
    17.0   1.201      1
    17.0   2.681     -1
    18.0  0.7914      1
    18.0   1.433     -1
    19.0  0.3408      1
    19.0  0.7621     -1
    20.0  0.2233      1
    20.0  0.4037     -1
    21.0  0.9514E-01  1
    21.0  0.2130     -1
    22.0  0.6202E-01  1
    22.0  0.1120     -1
    23.0  0.2620E-01  1
    23.0  0.5872E-01 -1
    24.0  0.1700E-01  1
    24.0  0.3069E-01 -1
    25.0  0.7134E-02  1
    25.0  0.1600E-01 -1
    26.0  0.4611E-02  1
    26.0  0.8320E-02 -1
    27.0  0.1925E-02  1
    27.0  0.4317E-02 -1
    28.0  0.1239E-02  1
    28.0  0.2235E-02 -1
    29.0  0.5147E-03  1
    29.0  0.1155E-02 -1
    30.0  0.3300E-03  1
    30.0  0.5955E-03 -1
