#  81 angles,  1 tensor ranks for 0=projectile
@subtitle   "39K(3He,d)40Ca 21 MeV DWBA ZR 8851 keV Jpi=0- l=1 n=2 j=3/2"                   
@legend ON
@legend x1 0.2
@legend y1 0.8
@g0 type LOGY
@yaxis ticklabel format power
@legend string   0 "Lab energy =   21.0000"
#legend string   0 "Partition=  2 Excit=  1 near/far= 1"
#  Theta       sigma       iT11        T20         T21         T22         Kyy for projectile
   0.000       3.950    
   1.000       3.944    
   2.000       3.923    
   3.000       3.887    
   4.000       3.831    
   5.000       3.753    
   6.000       3.649    
   7.000       3.516    
   8.000       3.354    
   9.000       3.163    
   10.00       2.947    
   11.00       2.710    
   12.00       2.460    
   13.00       2.206    
   14.00       1.958    
   15.00       1.723    
   16.00       1.511    
   17.00       1.328    
   18.00       1.177    
   19.00       1.059    
   20.00      0.9733    
   21.00      0.9162    
   22.00      0.8827    
   23.00      0.8667    
   24.00      0.8619    
   25.00      0.8623    
   26.00      0.8624    
   27.00      0.8578    
   28.00      0.8454    
   29.00      0.8234    
   30.00      0.7910    
   31.00      0.7489    
   32.00      0.6983    
   33.00      0.6414    
   34.00      0.5806    
   35.00      0.5184    
   36.00      0.4573    
   37.00      0.3995    
   38.00      0.3465    
   39.00      0.2996    
   40.00      0.2596    
   41.00      0.2264    
   42.00      0.2000    
   43.00      0.1798    
   44.00      0.1649    
   45.00      0.1545    
   46.00      0.1475    
   47.00      0.1430    
   48.00      0.1400    
   49.00      0.1378    
   50.00      0.1358    
   51.00      0.1336    
   52.00      0.1308    
   53.00      0.1273    
   54.00      0.1232    
   55.00      0.1185    
   56.00      0.1134    
   57.00      0.1081    
   58.00      0.1028    
   59.00      0.9759E-01
   60.00      0.9274E-01
   61.00      0.8833E-01
   62.00      0.8443E-01
   63.00      0.8110E-01
   64.00      0.7831E-01
   65.00      0.7601E-01
   66.00      0.7414E-01
   67.00      0.7259E-01
   68.00      0.7124E-01
   69.00      0.7000E-01
   70.00      0.6875E-01
   71.00      0.6741E-01
   72.00      0.6590E-01
   73.00      0.6418E-01
   74.00      0.6221E-01
   75.00      0.5998E-01
   76.00      0.5750E-01
   77.00      0.5478E-01
   78.00      0.5186E-01
   79.00      0.4878E-01
   80.00      0.4560E-01
 END
