#  81 angles,  1 tensor ranks for 0=projectile
@subtitle   "39K(3He,d)40Ca 21 MeV DWBA ZR 8188 keV Jpi=3+ l=2 n=2 j=3/2"                   
@legend ON
@legend x1 0.2
@legend y1 0.8
@g0 type LOGY
@yaxis ticklabel format power
@legend string   0 "Lab energy =   21.0000"
#legend string   0 "Partition=  2 Excit=  1 near/far= 1"
#  Theta       sigma       iT11        T20         T21         T22         Kyy for projectile
   0.000       25.28    
   1.000       25.33    
   2.000       25.47    
   3.000       25.68    
   4.000       25.96    
   5.000       26.27    
   6.000       26.59    
   7.000       26.87    
   8.000       27.09    
   9.000       27.20    
   10.00       27.15    
   11.00       26.92    
   12.00       26.46    
   13.00       25.76    
   14.00       24.80    
   15.00       23.60    
   16.00       22.19    
   17.00       20.61    
   18.00       18.90    
   19.00       17.13    
   20.00       15.34    
   21.00       13.61    
   22.00       11.96    
   23.00       10.45    
   24.00       9.095    
   25.00       7.920    
   26.00       6.933    
   27.00       6.131    
   28.00       5.502    
   29.00       5.027    
   30.00       4.680    
   31.00       4.431    
   32.00       4.250    
   33.00       4.111    
   34.00       3.988    
   35.00       3.864    
   36.00       3.724    
   37.00       3.562    
   38.00       3.373    
   39.00       3.160    
   40.00       2.926    
   41.00       2.677    
   42.00       2.422    
   43.00       2.168    
   44.00       1.923    
   45.00       1.695    
   46.00       1.490    
   47.00       1.311    
   48.00       1.161    
   49.00       1.039    
   50.00      0.9433    
   51.00      0.8716    
   52.00      0.8196    
   53.00      0.7828    
   54.00      0.7570    
   55.00      0.7379    
   56.00      0.7216    
   57.00      0.7050    
   58.00      0.6854    
   59.00      0.6613    
   60.00      0.6317    
   61.00      0.5966    
   62.00      0.5567    
   63.00      0.5132    
   64.00      0.4678    
   65.00      0.4224    
   66.00      0.3788    
   67.00      0.3384    
   68.00      0.3027    
   69.00      0.2725    
   70.00      0.2485    
   71.00      0.2310    
   72.00      0.2199    
   73.00      0.2149    
   74.00      0.2153    
   75.00      0.2202    
   76.00      0.2286    
   77.00      0.2392    
   78.00      0.2508    
   79.00      0.2622    
   80.00      0.2723    
 END
