     0.0   1.503      1
     0.0   3.005     -1
     1.0   13.53      1
     1.0   27.04     -1
     2.0   30.05      1
     2.0   60.08     -1
     3.0   42.06      1
     3.0   84.06     -1
     4.0   53.96      1
     4.0   107.9     -1
     5.0   65.88      1
     5.0   131.4     -1
     6.0   76.30      1
     6.0   153.3     -1
     7.0   86.34      1
     7.0   169.6     -1
     8.0   85.04      1
     8.0   173.3     -1
     9.0   80.57      1
     9.0   158.7     -1
    10.0   64.06      1
    10.0   127.7     -1
    11.0   42.71      1
    11.0   88.27     -1
    12.0   28.79      1
    12.0   53.77     -1
    13.0   13.87      1
    13.0   30.38     -1
    14.0   9.126      1
    14.0   16.72     -1
    15.0   4.122      1
    15.0   9.105     -1
    16.0   2.702      1
    16.0   4.927     -1
    17.0   1.195      1
    17.0   2.651     -1
    18.0  0.7807      1
    18.0   1.419     -1
    19.0  0.3394      1
    19.0  0.7558     -1
    20.0  0.2210      1
    20.0  0.4007     -1
    21.0  0.9481E-01  1
    21.0  0.2116     -1
    22.0  0.6153E-01  1
    22.0  0.1114     -1
    23.0  0.2612E-01  1
    23.0  0.5841E-01 -1
    24.0  0.1689E-01  1
    24.0  0.3054E-01 -1
    25.0  0.7117E-02  1
    25.0  0.1593E-01 -1
    26.0  0.4586E-02  1
    26.0  0.8286E-02 -1
    27.0  0.1919E-02  1
    27.0  0.4298E-02 -1
    28.0  0.1232E-02  1
    28.0  0.2226E-02 -1
    29.0  0.5138E-03  1
    29.0  0.1151E-02 -1
    30.0  0.3290E-03  1
    30.0  0.5938E-03 -1
