#  81 angles,  1 tensor ranks for 0=projectile
@subtitle   "39K(3He,d)40Ca 21 MeV DWBA ZR 8188 keV Jpi=4- l=5 n=1 j=11/2"                  
@legend ON
@legend x1 0.2
@legend y1 0.8
@g0 type LOGY
@yaxis ticklabel format power
@xaxis label "Scattering angle (degrees)"
@yaxis label "Cross section (mb/sr)"
@legend string   0 "Partition=  1 Excit=  1 near/far= 1"
#legend string   0 "Lab energy =   21.0000"
@s0 linestyle   1
#  Theta       sigma       iT11        T20         T21         T22         Kyy for projectile
  0.1000E-01   1.000    
   1.000      0.9997    
   2.000       1.001    
   3.000      0.9801    
   4.000      0.9937    
   5.000       1.036    
   6.000       1.069    
   7.000       1.070    
   8.000       1.043    
   9.000       1.001    
   10.00      0.9589    
   11.00      0.9259    
   12.00      0.9030    
   13.00      0.8865    
   14.00      0.8704    
   15.00      0.8486    
   16.00      0.8173    
   17.00      0.7752    
   18.00      0.7238    
   19.00      0.6664    
   20.00      0.6075    
   21.00      0.5518    
   22.00      0.5029    
   23.00      0.4636    
   24.00      0.4347    
   25.00      0.4158    
   26.00      0.4051    
   27.00      0.3999    
   28.00      0.3972    
   29.00      0.3941    
   30.00      0.3882    
   31.00      0.3777    
   32.00      0.3620    
   33.00      0.3412    
   34.00      0.3163    
   35.00      0.2889    
   36.00      0.2608    
   37.00      0.2340    
   38.00      0.2104    
   39.00      0.1911    
   40.00      0.1770    
   41.00      0.1682    
   42.00      0.1644    
   43.00      0.1646    
   44.00      0.1677    
   45.00      0.1721    
   46.00      0.1765    
   47.00      0.1796    
   48.00      0.1803    
   49.00      0.1779    
   50.00      0.1722    
   51.00      0.1633    
   52.00      0.1516    
   53.00      0.1378    
   54.00      0.1229    
   55.00      0.1077    
   56.00      0.9318E-01
   57.00      0.8011E-01
   58.00      0.6912E-01
   59.00      0.6059E-01
   60.00      0.5467E-01
   61.00      0.5129E-01
   62.00      0.5018E-01
   63.00      0.5093E-01
   64.00      0.5301E-01
   65.00      0.5587E-01
   66.00      0.5895E-01
   67.00      0.6177E-01
   68.00      0.6392E-01
   69.00      0.6510E-01
   70.00      0.6515E-01
   71.00      0.6402E-01
   72.00      0.6176E-01
   73.00      0.5853E-01
   74.00      0.5453E-01
   75.00      0.5000E-01
   76.00      0.4522E-01
   77.00      0.4042E-01
   78.00      0.3583E-01
   79.00      0.3163E-01
   80.00      0.2793E-01
 END
@legend string   1 "Partition=  2 Excit=  1 near/far= 1"
#legend string   0 "Lab energy =   21.0000"
@s1 linestyle   2
#  Theta       sigma       iT11        T20         T21         T22         Kyy for projectile
   0.000      0.3750    
   1.000      0.3750    
   2.000      0.3750    
   3.000      0.3751    
   4.000      0.3754    
   5.000      0.3762    
   6.000      0.3777    
   7.000      0.3802    
   8.000      0.3838    
   9.000      0.3890    
   10.00      0.3958    
   11.00      0.4045    
   12.00      0.4152    
   13.00      0.4280    
   14.00      0.4429    
   15.00      0.4598    
   16.00      0.4788    
   17.00      0.4996    
   18.00      0.5220    
   19.00      0.5457    
   20.00      0.5704    
   21.00      0.5957    
   22.00      0.6210    
   23.00      0.6458    
   24.00      0.6697    
   25.00      0.6920    
   26.00      0.7122    
   27.00      0.7296    
   28.00      0.7436    
   29.00      0.7538    
   30.00      0.7596    
   31.00      0.7606    
   32.00      0.7566    
   33.00      0.7474    
   34.00      0.7328    
   35.00      0.7132    
   36.00      0.6888    
   37.00      0.6600    
   38.00      0.6274    
   39.00      0.5918    
   40.00      0.5538    
   41.00      0.5143    
   42.00      0.4742    
   43.00      0.4341    
   44.00      0.3950    
   45.00      0.3573    
   46.00      0.3218    
   47.00      0.2889    
   48.00      0.2589    
   49.00      0.2322    
   50.00      0.2087    
   51.00      0.1887    
   52.00      0.1720    
   53.00      0.1583    
   54.00      0.1476    
   55.00      0.1394    
   56.00      0.1335    
   57.00      0.1293    
   58.00      0.1266    
   59.00      0.1250    
   60.00      0.1240    
   61.00      0.1234    
   62.00      0.1230    
   63.00      0.1224    
   64.00      0.1216    
   65.00      0.1203    
   66.00      0.1186    
   67.00      0.1164    
   68.00      0.1137    
   69.00      0.1106    
   70.00      0.1070    
   71.00      0.1032    
   72.00      0.9920E-01
   73.00      0.9503E-01
   74.00      0.9082E-01
   75.00      0.8665E-01
   76.00      0.8257E-01
   77.00      0.7864E-01
   78.00      0.7491E-01
   79.00      0.7141E-01
   80.00      0.6814E-01
 END
