     0.0   1.503      1
     0.0   3.005     -1
     1.0   13.48      1
     1.0   26.99     -1
     2.0   29.95      1
     2.0   59.94     -1
     3.0   41.92      1
     3.0   83.91     -1
     4.0   53.86      1
     4.0   107.8     -1
     5.0   65.77      1
     5.0   131.4     -1
     6.0   76.20      1
     6.0   153.3     -1
     7.0   86.18      1
     7.0   169.7     -1
     8.0   84.90      1
     8.0   173.5     -1
     9.0   80.64      1
     9.0   159.3     -1
    10.0   64.24      1
    10.0   128.9     -1
    11.0   43.26      1
    11.0   90.21     -1
    12.0   30.34      1
    12.0   55.41     -1
    13.0   13.88      1
    13.0   31.31     -1
    14.0   9.569      1
    14.0   17.16     -1
    15.0   4.124      1
    15.0   9.310     -1
    16.0   2.794      1
    16.0   5.021     -1
    17.0   1.195      1
    17.0   2.693     -1
    18.0  0.7995      1
    18.0   1.438     -1
    19.0  0.3395      1
    19.0  0.7643     -1
    20.0  0.2248      1
    20.0  0.4046     -1
    21.0  0.9483E-01  1
    21.0  0.2134     -1
    22.0  0.6231E-01  1
    22.0  0.1122     -1
    23.0  0.2613E-01  1
    23.0  0.5878E-01 -1
    24.0  0.1706E-01  1
    24.0  0.3071E-01 -1
    25.0  0.7116E-02  1
    25.0  0.1601E-01 -1
    26.0  0.4619E-02  1
    26.0  0.8317E-02 -1
    27.0  0.1916E-02  1
    27.0  0.4310E-02 -1
    28.0  0.1238E-02  1
    28.0  0.2229E-02 -1
    29.0  0.5113E-03  1
    29.0  0.1150E-02 -1
    30.0  0.3286E-03  1
    30.0  0.5915E-03 -1
