#  81 angles,  1 tensor ranks for 0=projectile
@subtitle   "39K(3He,d)40Ca 21 MeV DWBA ZR 6931 keV Jpi=3- l=3 n=2 j=5/2"                   
@legend ON
@legend x1 0.2
@legend y1 0.8
@g0 type LOGY
@yaxis ticklabel format power
@xaxis label "Scattering angle (degrees)"
@yaxis label "Cross section (mb/sr)"
@legend string   0 "Partition=  1 Excit=  1 near/far= 1"
#legend string   0 "Lab energy =   21.0000"
@s0 linestyle   1
#  Theta       sigma       iT11        T20         T21         T22         Kyy for projectile
  0.1000E-01   1.000    
   1.000      0.9997    
   2.000       1.001    
   3.000      0.9801    
   4.000      0.9937    
   5.000       1.036    
   6.000       1.069    
   7.000       1.070    
   8.000       1.043    
   9.000       1.001    
   10.00      0.9589    
   11.00      0.9259    
   12.00      0.9030    
   13.00      0.8865    
   14.00      0.8704    
   15.00      0.8486    
   16.00      0.8173    
   17.00      0.7752    
   18.00      0.7238    
   19.00      0.6664    
   20.00      0.6075    
   21.00      0.5518    
   22.00      0.5029    
   23.00      0.4636    
   24.00      0.4347    
   25.00      0.4158    
   26.00      0.4051    
   27.00      0.3999    
   28.00      0.3972    
   29.00      0.3941    
   30.00      0.3882    
   31.00      0.3777    
   32.00      0.3620    
   33.00      0.3412    
   34.00      0.3163    
   35.00      0.2889    
   36.00      0.2608    
   37.00      0.2340    
   38.00      0.2104    
   39.00      0.1911    
   40.00      0.1770    
   41.00      0.1682    
   42.00      0.1644    
   43.00      0.1646    
   44.00      0.1677    
   45.00      0.1721    
   46.00      0.1765    
   47.00      0.1796    
   48.00      0.1803    
   49.00      0.1779    
   50.00      0.1722    
   51.00      0.1633    
   52.00      0.1516    
   53.00      0.1378    
   54.00      0.1229    
   55.00      0.1077    
   56.00      0.9318E-01
   57.00      0.8011E-01
   58.00      0.6912E-01
   59.00      0.6059E-01
   60.00      0.5467E-01
   61.00      0.5129E-01
   62.00      0.5018E-01
   63.00      0.5093E-01
   64.00      0.5301E-01
   65.00      0.5587E-01
   66.00      0.5895E-01
   67.00      0.6177E-01
   68.00      0.6392E-01
   69.00      0.6510E-01
   70.00      0.6515E-01
   71.00      0.6402E-01
   72.00      0.6176E-01
   73.00      0.5853E-01
   74.00      0.5453E-01
   75.00      0.5000E-01
   76.00      0.4522E-01
   77.00      0.4042E-01
   78.00      0.3583E-01
   79.00      0.3163E-01
   80.00      0.2793E-01
 END
@legend string   1 "Partition=  2 Excit=  1 near/far= 1"
#legend string   0 "Lab energy =   21.0000"
@s1 linestyle   2
#  Theta       sigma       iT11        T20         T21         T22         Kyy for projectile
   0.000       6.895    
   1.000       6.926    
   2.000       7.021    
   3.000       7.176    
   4.000       7.389    
   5.000       7.654    
   6.000       7.966    
   7.000       8.320    
   8.000       8.706    
   9.000       9.117    
   10.00       9.542    
   11.00       9.968    
   12.00       10.38    
   13.00       10.76    
   14.00       11.09    
   15.00       11.35    
   16.00       11.53    
   17.00       11.60    
   18.00       11.55    
   19.00       11.37    
   20.00       11.07    
   21.00       10.64    
   22.00       10.10    
   23.00       9.451    
   24.00       8.723    
   25.00       7.936    
   26.00       7.114    
   27.00       6.283    
   28.00       5.468    
   29.00       4.692    
   30.00       3.977    
   31.00       3.338    
   32.00       2.788    
   33.00       2.332    
   34.00       1.972    
   35.00       1.704    
   36.00       1.519    
   37.00       1.406    
   38.00       1.351    
   39.00       1.341    
   40.00       1.360    
   41.00       1.395    
   42.00       1.436    
   43.00       1.471    
   44.00       1.494    
   45.00       1.500    
   46.00       1.485    
   47.00       1.449    
   48.00       1.392    
   49.00       1.317    
   50.00       1.227    
   51.00       1.127    
   52.00       1.022    
   53.00      0.9155    
   54.00      0.8121    
   55.00      0.7152    
   56.00      0.6276    
   57.00      0.5510    
   58.00      0.4861    
   59.00      0.4329    
   60.00      0.3910    
   61.00      0.3590    
   62.00      0.3355    
   63.00      0.3189    
   64.00      0.3074    
   65.00      0.2994    
   66.00      0.2933    
   67.00      0.2879    
   68.00      0.2821    
   69.00      0.2754    
   70.00      0.2672    
   71.00      0.2573    
   72.00      0.2460    
   73.00      0.2333    
   74.00      0.2199    
   75.00      0.2061    
   76.00      0.1925    
   77.00      0.1795    
   78.00      0.1676    
   79.00      0.1572    
   80.00      0.1484    
 END
