#  81 angles,  1 tensor ranks for 0=projectile
@subtitle   "39K(3He,d)40Ca 21 MeV DWBA ZR 9136 keV Jpi=2- l=1 n=3 j=3/2"                   
@legend ON
@legend x1 0.2
@legend y1 0.8
@g0 type LOGY
@yaxis ticklabel format power
@xaxis label "Scattering angle (degrees)"
@yaxis label "Cross section (mb/sr)"
@legend string   0 "Partition=  1 Excit=  1 near/far= 1"
#legend string   0 "Lab energy =   21.0000"
@s0 linestyle   1
#  Theta       sigma       iT11        T20         T21         T22         Kyy for projectile
  0.1000E-01   1.000    
   1.000      0.9997    
   2.000       1.001    
   3.000      0.9801    
   4.000      0.9937    
   5.000       1.036    
   6.000       1.069    
   7.000       1.070    
   8.000       1.043    
   9.000       1.001    
   10.00      0.9589    
   11.00      0.9259    
   12.00      0.9030    
   13.00      0.8865    
   14.00      0.8704    
   15.00      0.8486    
   16.00      0.8173    
   17.00      0.7752    
   18.00      0.7238    
   19.00      0.6664    
   20.00      0.6075    
   21.00      0.5518    
   22.00      0.5029    
   23.00      0.4636    
   24.00      0.4347    
   25.00      0.4158    
   26.00      0.4051    
   27.00      0.3999    
   28.00      0.3972    
   29.00      0.3941    
   30.00      0.3882    
   31.00      0.3777    
   32.00      0.3620    
   33.00      0.3412    
   34.00      0.3163    
   35.00      0.2889    
   36.00      0.2608    
   37.00      0.2340    
   38.00      0.2104    
   39.00      0.1911    
   40.00      0.1770    
   41.00      0.1682    
   42.00      0.1644    
   43.00      0.1646    
   44.00      0.1677    
   45.00      0.1721    
   46.00      0.1765    
   47.00      0.1796    
   48.00      0.1803    
   49.00      0.1779    
   50.00      0.1722    
   51.00      0.1633    
   52.00      0.1516    
   53.00      0.1378    
   54.00      0.1229    
   55.00      0.1077    
   56.00      0.9318E-01
   57.00      0.8011E-01
   58.00      0.6912E-01
   59.00      0.6059E-01
   60.00      0.5467E-01
   61.00      0.5129E-01
   62.00      0.5018E-01
   63.00      0.5093E-01
   64.00      0.5301E-01
   65.00      0.5587E-01
   66.00      0.5895E-01
   67.00      0.6177E-01
   68.00      0.6392E-01
   69.00      0.6510E-01
   70.00      0.6515E-01
   71.00      0.6402E-01
   72.00      0.6176E-01
   73.00      0.5853E-01
   74.00      0.5453E-01
   75.00      0.5000E-01
   76.00      0.4522E-01
   77.00      0.4042E-01
   78.00      0.3583E-01
   79.00      0.3163E-01
   80.00      0.2793E-01
 END
@legend string   1 "Partition=  2 Excit=  1 near/far= 1"
#legend string   0 "Lab energy =   21.0000"
@s1 linestyle   2
#  Theta       sigma       iT11        T20         T21         T22         Kyy for projectile
   0.000       30.79    
   1.000       30.72    
   2.000       30.51    
   3.000       30.13    
   4.000       29.59    
   5.000       28.85    
   6.000       27.90    
   7.000       26.73    
   8.000       25.34    
   9.000       23.75    
   10.00       21.97    
   11.00       20.06    
   12.00       18.08    
   13.00       16.08    
   14.00       14.14    
   15.00       12.33    
   16.00       10.69    
   17.00       9.267    
   18.00       8.084    
   19.00       7.147    
   20.00       6.447    
   21.00       5.959    
   22.00       5.647    
   23.00       5.472    
   24.00       5.389    
   25.00       5.355    
   26.00       5.331    
   27.00       5.286    
   28.00       5.195    
   29.00       5.046    
   30.00       4.831    
   31.00       4.555    
   32.00       4.226    
   33.00       3.859    
   34.00       3.469    
   35.00       3.075    
   36.00       2.694    
   37.00       2.339    
   38.00       2.023    
   39.00       1.753    
   40.00       1.533    
   41.00       1.365    
   42.00       1.246    
   43.00       1.172    
   44.00       1.135    
   45.00       1.128    
   46.00       1.143    
   47.00       1.171    
   48.00       1.205    
   49.00       1.237    
   50.00       1.263    
   51.00       1.279    
   52.00       1.281    
   53.00       1.269    
   54.00       1.242    
   55.00       1.201    
   56.00       1.148    
   57.00       1.085    
   58.00       1.014    
   59.00      0.9385    
   60.00      0.8598    
   61.00      0.7808    
   62.00      0.7035    
   63.00      0.6296    
   64.00      0.5605    
   65.00      0.4972    
   66.00      0.4404    
   67.00      0.3903    
   68.00      0.3469    
   69.00      0.3102    
   70.00      0.2797    
   71.00      0.2549    
   72.00      0.2353    
   73.00      0.2201    
   74.00      0.2088    
   75.00      0.2006    
   76.00      0.1950    
   77.00      0.1915    
   78.00      0.1894    
   79.00      0.1884    
   80.00      0.1880    
 END
