#  81 angles,  1 tensor ranks for 0=projectile
@subtitle   "39K(3He,d)40Ca 21 MeV DWBA ZR 6025 keV Jpi=2- l=1 n=2 j=1/2"                   
@legend ON
@legend x1 0.2
@legend y1 0.8
@g0 type LOGY
@yaxis ticklabel format power
@legend string   0 "Lab energy =   21.0000"
#legend string   0 "Partition=  2 Excit=  1 near/far= 1"
#  Theta       sigma       iT11        T20         T21         T22         Kyy for projectile
   0.000       23.21    
   1.000       23.43    
   2.000       24.06    
   3.000       24.99    
   4.000       26.08    
   5.000       27.15    
   6.000       27.99    
   7.000       28.44    
   8.000       28.36    
   9.000       27.66    
   10.00       26.32    
   11.00       24.40    
   12.00       22.00    
   13.00       19.26    
   14.00       16.36    
   15.00       13.48    
   16.00       10.79    
   17.00       8.424    
   18.00       6.479    
   19.00       5.007    
   20.00       4.014    
   21.00       3.464    
   22.00       3.291    
   23.00       3.406    
   24.00       3.714    
   25.00       4.117    
   26.00       4.528    
   27.00       4.878    
   28.00       5.117    
   29.00       5.214    
   30.00       5.161    
   31.00       4.967    
   32.00       4.653    
   33.00       4.248    
   34.00       3.785    
   35.00       3.297    
   36.00       2.816    
   37.00       2.366    
   38.00       1.965    
   39.00       1.624    
   40.00       1.348    
   41.00       1.135    
   42.00      0.9794    
   43.00      0.8727    
   44.00      0.8037    
   45.00      0.7613    
   46.00      0.7353    
   47.00      0.7168    
   48.00      0.6991    
   49.00      0.6778    
   50.00      0.6507    
   51.00      0.6175    
   52.00      0.5797    
   53.00      0.5393    
   54.00      0.4994    
   55.00      0.4627    
   56.00      0.4322    
   57.00      0.4097    
   58.00      0.3968    
   59.00      0.3940    
   60.00      0.4008    
   61.00      0.4162    
   62.00      0.4384    
   63.00      0.4650    
   64.00      0.4935    
   65.00      0.5213    
   66.00      0.5460    
   67.00      0.5654    
   68.00      0.5779    
   69.00      0.5823    
   70.00      0.5780    
   71.00      0.5650    
   72.00      0.5437    
   73.00      0.5149    
   74.00      0.4798    
   75.00      0.4399    
   76.00      0.3967    
   77.00      0.3518    
   78.00      0.3069    
   79.00      0.2635    
   80.00      0.2229    
 END
