     0.0   1.497      1
     0.0   2.996     -1
     1.0   13.47      1
     1.0   26.96     -1
     2.0   29.92      1
     2.0   59.92     -1
     3.0   41.92      1
     3.0   83.86     -1
     4.0   53.74      1
     4.0   107.7     -1
     5.0   65.69      1
     5.0   131.2     -1
     6.0   76.00      1
     6.0   153.0     -1
     7.0   86.09      1
     7.0   169.4     -1
     8.0   84.78      1
     8.0   173.2     -1
     9.0   80.59      1
     9.0   159.1     -1
    10.0   64.38      1
    10.0   128.8     -1
    11.0   43.53      1
    11.0   90.30     -1
    12.0   30.05      1
    12.0   55.53     -1
    13.0   14.12      1
    13.0   31.38     -1
    14.0   9.486      1
    14.0   17.19     -1
    15.0   4.177      1
    15.0   9.327     -1
    16.0   2.778      1
    16.0   5.029     -1
    17.0   1.207      1
    17.0   2.698     -1
    18.0  0.7966      1
    18.0   1.440     -1
    19.0  0.3419      1
    19.0  0.7655     -1
    20.0  0.2243      1
    20.0  0.4052     -1
    21.0  0.9536E-01  1
    21.0  0.2137     -1
    22.0  0.6223E-01  1
    22.0  0.1123     -1
    23.0  0.2625E-01  1
    23.0  0.5887E-01 -1
    24.0  0.1705E-01  1
    24.0  0.3076E-01 -1
    25.0  0.7145E-02  1
    25.0  0.1603E-01 -1
    26.0  0.4621E-02  1
    26.0  0.8336E-02 -1
    27.0  0.1927E-02  1
    27.0  0.4325E-02 -1
    28.0  0.1242E-02  1
    28.0  0.2239E-02 -1
    29.0  0.5153E-03  1
    29.0  0.1157E-02 -1
    30.0  0.3305E-03  1
    30.0  0.5961E-03 -1
