#  81 angles,  1 tensor ranks for 0=projectile
@subtitle   "39K(3He,d)40Ca 21 MeV DWBA ZR 9605 keV Jpi=1- l=1 n=3 j=3/2"                   
@legend ON
@legend x1 0.2
@legend y1 0.8
@g0 type LOGY
@yaxis ticklabel format power
@xaxis label "Scattering angle (degrees)"
@yaxis label "Cross section (mb/sr)"
@legend string   0 "Partition=  1 Excit=  1 near/far= 1"
#legend string   0 "Lab energy =   21.0000"
@s0 linestyle   1
#  Theta       sigma       iT11        T20         T21         T22         Kyy for projectile
  0.1000E-01   1.000    
   1.000      0.9997    
   2.000       1.001    
   3.000      0.9801    
   4.000      0.9937    
   5.000       1.036    
   6.000       1.069    
   7.000       1.070    
   8.000       1.043    
   9.000       1.001    
   10.00      0.9589    
   11.00      0.9259    
   12.00      0.9030    
   13.00      0.8865    
   14.00      0.8704    
   15.00      0.8486    
   16.00      0.8173    
   17.00      0.7752    
   18.00      0.7238    
   19.00      0.6664    
   20.00      0.6075    
   21.00      0.5518    
   22.00      0.5029    
   23.00      0.4636    
   24.00      0.4347    
   25.00      0.4158    
   26.00      0.4051    
   27.00      0.3999    
   28.00      0.3972    
   29.00      0.3941    
   30.00      0.3882    
   31.00      0.3777    
   32.00      0.3620    
   33.00      0.3412    
   34.00      0.3163    
   35.00      0.2889    
   36.00      0.2608    
   37.00      0.2340    
   38.00      0.2104    
   39.00      0.1911    
   40.00      0.1770    
   41.00      0.1682    
   42.00      0.1644    
   43.00      0.1646    
   44.00      0.1677    
   45.00      0.1721    
   46.00      0.1765    
   47.00      0.1796    
   48.00      0.1803    
   49.00      0.1779    
   50.00      0.1722    
   51.00      0.1633    
   52.00      0.1516    
   53.00      0.1378    
   54.00      0.1229    
   55.00      0.1077    
   56.00      0.9318E-01
   57.00      0.8011E-01
   58.00      0.6912E-01
   59.00      0.6059E-01
   60.00      0.5467E-01
   61.00      0.5129E-01
   62.00      0.5018E-01
   63.00      0.5093E-01
   64.00      0.5301E-01
   65.00      0.5587E-01
   66.00      0.5895E-01
   67.00      0.6177E-01
   68.00      0.6392E-01
   69.00      0.6510E-01
   70.00      0.6515E-01
   71.00      0.6402E-01
   72.00      0.6176E-01
   73.00      0.5853E-01
   74.00      0.5453E-01
   75.00      0.5000E-01
   76.00      0.4522E-01
   77.00      0.4042E-01
   78.00      0.3583E-01
   79.00      0.3163E-01
   80.00      0.2793E-01
 END
@legend string   1 "Partition=  2 Excit=  1 near/far= 1"
#legend string   0 "Lab energy =   21.0000"
@s1 linestyle   2
#  Theta       sigma       iT11        T20         T21         T22         Kyy for projectile
   0.000       14.63    
   1.000       14.59    
   2.000       14.47    
   3.000       14.26    
   4.000       13.95    
   5.000       13.55    
   6.000       13.05    
   7.000       12.44    
   8.000       11.74    
   9.000       10.96    
   10.00       10.11    
   11.00       9.210    
   12.00       8.295    
   13.00       7.389    
   14.00       6.520    
   15.00       5.714    
   16.00       4.990    
   17.00       4.363    
   18.00       3.843    
   19.00       3.431    
   20.00       3.121    
   21.00       2.904    
   22.00       2.763    
   23.00       2.681    
   24.00       2.638    
   25.00       2.616    
   26.00       2.598    
   27.00       2.571    
   28.00       2.523    
   29.00       2.449    
   30.00       2.347    
   31.00       2.217    
   32.00       2.064    
   33.00       1.894    
   34.00       1.714    
   35.00       1.531    
   36.00       1.353    
   37.00       1.186    
   38.00       1.036    
   39.00      0.9064    
   40.00      0.7997    
   41.00      0.7166    
   42.00      0.6562    
   43.00      0.6166    
   44.00      0.5951    
   45.00      0.5882    
   46.00      0.5922    
   47.00      0.6032    
   48.00      0.6178    
   49.00      0.6328    
   50.00      0.6455    
   51.00      0.6540    
   52.00      0.6568    
   53.00      0.6531    
   54.00      0.6424    
   55.00      0.6250    
   56.00      0.6014    
   57.00      0.5724    
   58.00      0.5390    
   59.00      0.5025    
   60.00      0.4639    
   61.00      0.4244    
   62.00      0.3851    
   63.00      0.3468    
   64.00      0.3103    
   65.00      0.2763    
   66.00      0.2451    
   67.00      0.2172    
   68.00      0.1925    
   69.00      0.1711    
   70.00      0.1531    
   71.00      0.1381    
   72.00      0.1260    
   73.00      0.1165    
   74.00      0.1094    
   75.00      0.1042    
   76.00      0.1007    
   77.00      0.9849E-01
   78.00      0.9740E-01
   79.00      0.9709E-01
   80.00      0.9734E-01
 END
