     0.0   1.503      1
     0.0   3.004     -1
     1.0   13.52      1
     1.0   27.04     -1
     2.0   30.04      1
     2.0   60.08     -1
     3.0   42.04      1
     3.0   84.06     -1
     4.0   53.89      1
     4.0   107.9     -1
     5.0   65.76      1
     5.0   131.2     -1
     6.0   75.90      1
     6.0   152.8     -1
     7.0   85.83      1
     7.0   169.0     -1
     8.0   84.85      1
     8.0   173.1     -1
     9.0   80.88      1
     9.0   159.8     -1
    10.0   65.12      1
    10.0   130.2     -1
    11.0   44.20      1
    11.0   91.99     -1
    12.0   30.84      1
    12.0   56.69     -1
    13.0   14.30      1
    13.0   31.96     -1
    14.0   9.674      1
    14.0   17.46     -1
    15.0   4.213      1
    15.0   9.446     -1
    16.0   2.815      1
    16.0   5.082     -1
    17.0   1.214      1
    17.0   2.721     -1
    18.0  0.8038      1
    18.0   1.451     -1
    19.0  0.3434      1
    19.0  0.7702     -1
    20.0  0.2257      1
    20.0  0.4073     -1
    21.0  0.9565E-01  1
    21.0  0.2146     -1
    22.0  0.6250E-01  1
    22.0  0.1127     -1
    23.0  0.2630E-01  1
    23.0  0.5904E-01 -1
    24.0  0.1710E-01  1
    24.0  0.3084E-01 -1
    25.0  0.7156E-02  1
    25.0  0.1607E-01 -1
    26.0  0.4632E-02  1
    26.0  0.8351E-02 -1
    27.0  0.1929E-02  1
    27.0  0.4332E-02 -1
    28.0  0.1244E-02  1
    28.0  0.2242E-02 -1
    29.0  0.5161E-03  1
    29.0  0.1159E-02 -1
    30.0  0.3313E-03  1
    30.0  0.5976E-03 -1
