     0.0   1.498      1
     0.0   2.994     -1
     1.0   13.43      1
     1.0   26.94     -1
     2.0   29.92      1
     2.0   59.90     -1
     3.0   41.85      1
     3.0   83.83     -1
     4.0   53.78      1
     4.0   107.7     -1
     5.0   65.63      1
     5.0   131.2     -1
     6.0   76.08      1
     6.0   153.1     -1
     7.0   86.02      1
     7.0   169.4     -1
     8.0   84.72      1
     8.0   173.0     -1
     9.0   80.28      1
     9.0   158.9     -1
    10.0   64.52      1
    10.0   128.9     -1
    11.0   43.72      1
    11.0   90.96     -1
    12.0   30.50      1
    12.0   56.11     -1
    13.0   14.19      1
    13.0   31.70     -1
    14.0   9.606      1
    14.0   17.35     -1
    15.0   4.194      1
    15.0   9.399     -1
    16.0   2.804      1
    16.0   5.063     -1
    17.0   1.211      1
    17.0   2.714     -1
    18.0  0.8019      1
    18.0   1.448     -1
    19.0  0.3428      1
    19.0  0.7688     -1
    20.0  0.2254      1
    20.0  0.4067     -1
    21.0  0.9556E-01  1
    21.0  0.2144     -1
    22.0  0.6245E-01  1
    22.0  0.1126     -1
    23.0  0.2629E-01  1
    23.0  0.5900E-01 -1
    24.0  0.1709E-01  1
    24.0  0.3082E-01 -1
    25.0  0.7154E-02  1
    25.0  0.1606E-01 -1
    26.0  0.4630E-02  1
    26.0  0.8348E-02 -1
    27.0  0.1929E-02  1
    27.0  0.4330E-02 -1
    28.0  0.1243E-02  1
    28.0  0.2242E-02 -1
    29.0  0.5160E-03  1
    29.0  0.1158E-02 -1
    30.0  0.3313E-03  1
    30.0  0.5974E-03 -1
