#  81 angles,  1 tensor ranks for 0=projectile
@subtitle   "39K(3He,d)40Ca 21 MeV DWBA ZR 9454 keV Jpi=3- l=1 n=2 j=3/2"                   
@legend ON
@legend x1 0.2
@legend y1 0.8
@g0 type LOGY
@yaxis ticklabel format power
@legend string   0 "Lab energy =   21.0000"
#legend string   0 "Partition=  2 Excit=  1 near/far= 1"
#  Theta       sigma       iT11        T20         T21         T22         Kyy for projectile
   0.000       19.95    
   1.000       19.90    
   2.000       19.76    
   3.000       19.52    
   4.000       19.17    
   5.000       18.70    
   6.000       18.09    
   7.000       17.34    
   8.000       16.47    
   9.000       15.47    
   10.00       14.37    
   11.00       13.21    
   12.00       12.01    
   13.00       10.82    
   14.00       9.674    
   15.00       8.614    
   16.00       7.669    
   17.00       6.861    
   18.00       6.201    
   19.00       5.692    
   20.00       5.325    
   21.00       5.083    
   22.00       4.944    
   23.00       4.881    
   24.00       4.864    
   25.00       4.865    
   26.00       4.860    
   27.00       4.828    
   28.00       4.755    
   29.00       4.632    
   30.00       4.456    
   31.00       4.229    
   32.00       3.960    
   33.00       3.658    
   34.00       3.334    
   35.00       3.002    
   36.00       2.672    
   37.00       2.357    
   38.00       2.064    
   39.00       1.800    
   40.00       1.569    
   41.00       1.374    
   42.00       1.213    
   43.00       1.085    
   44.00      0.9867    
   45.00      0.9134    
   46.00      0.8606    
   47.00      0.8236    
   48.00      0.7978    
   49.00      0.7793    
   50.00      0.7648    
   51.00      0.7515    
   52.00      0.7377    
   53.00      0.7221    
   54.00      0.7043    
   55.00      0.6841    
   56.00      0.6620    
   57.00      0.6385    
   58.00      0.6143    
   59.00      0.5902    
   60.00      0.5669    
   61.00      0.5449    
   62.00      0.5247    
   63.00      0.5064    
   64.00      0.4901    
   65.00      0.4757    
   66.00      0.4630    
   67.00      0.4516    
   68.00      0.4411    
   69.00      0.4310    
   70.00      0.4210    
   71.00      0.4106    
   72.00      0.3996    
   73.00      0.3876    
   74.00      0.3746    
   75.00      0.3604    
   76.00      0.3451    
   77.00      0.3287    
   78.00      0.3114    
   79.00      0.2935    
   80.00      0.2751    
 END
