#  81 angles,  1 tensor ranks for 0=projectile
@subtitle   "39K(3He,d)40Ca 21 MeV DWBA ZR 9405 keV Jpi=2- l=3 n=1 j=5/2"                   
@legend ON
@legend x1 0.2
@legend y1 0.8
@g0 type LOGY
@yaxis ticklabel format power
@xaxis label "Scattering angle (degrees)"
@yaxis label "Cross section (mb/sr)"
@legend string   0 "Partition=  1 Excit=  1 near/far= 1"
#legend string   0 "Lab energy =   21.0000"
@s0 linestyle   1
#  Theta       sigma       iT11        T20         T21         T22         Kyy for projectile
  0.1000E-01   1.000    
   1.000      0.9997    
   2.000       1.001    
   3.000      0.9801    
   4.000      0.9937    
   5.000       1.036    
   6.000       1.069    
   7.000       1.070    
   8.000       1.043    
   9.000       1.001    
   10.00      0.9589    
   11.00      0.9259    
   12.00      0.9030    
   13.00      0.8865    
   14.00      0.8704    
   15.00      0.8486    
   16.00      0.8173    
   17.00      0.7752    
   18.00      0.7238    
   19.00      0.6664    
   20.00      0.6075    
   21.00      0.5518    
   22.00      0.5029    
   23.00      0.4636    
   24.00      0.4347    
   25.00      0.4158    
   26.00      0.4051    
   27.00      0.3999    
   28.00      0.3972    
   29.00      0.3941    
   30.00      0.3882    
   31.00      0.3777    
   32.00      0.3620    
   33.00      0.3412    
   34.00      0.3163    
   35.00      0.2889    
   36.00      0.2608    
   37.00      0.2340    
   38.00      0.2104    
   39.00      0.1911    
   40.00      0.1770    
   41.00      0.1682    
   42.00      0.1644    
   43.00      0.1646    
   44.00      0.1677    
   45.00      0.1721    
   46.00      0.1765    
   47.00      0.1796    
   48.00      0.1803    
   49.00      0.1779    
   50.00      0.1722    
   51.00      0.1633    
   52.00      0.1516    
   53.00      0.1378    
   54.00      0.1229    
   55.00      0.1077    
   56.00      0.9318E-01
   57.00      0.8011E-01
   58.00      0.6912E-01
   59.00      0.6059E-01
   60.00      0.5467E-01
   61.00      0.5129E-01
   62.00      0.5018E-01
   63.00      0.5093E-01
   64.00      0.5301E-01
   65.00      0.5587E-01
   66.00      0.5895E-01
   67.00      0.6177E-01
   68.00      0.6392E-01
   69.00      0.6510E-01
   70.00      0.6515E-01
   71.00      0.6402E-01
   72.00      0.6176E-01
   73.00      0.5853E-01
   74.00      0.5453E-01
   75.00      0.5000E-01
   76.00      0.4522E-01
   77.00      0.4042E-01
   78.00      0.3583E-01
   79.00      0.3163E-01
   80.00      0.2793E-01
 END
@legend string   1 "Partition=  2 Excit=  1 near/far= 1"
#legend string   0 "Lab energy =   21.0000"
@s1 linestyle   2
#  Theta       sigma       iT11        T20         T21         T22         Kyy for projectile
   0.000       2.940    
   1.000       2.945    
   2.000       2.961    
   3.000       2.985    
   4.000       3.018    
   5.000       3.059    
   6.000       3.104    
   7.000       3.153    
   8.000       3.201    
   9.000       3.246    
   10.00       3.286    
   11.00       3.316    
   12.00       3.335    
   13.00       3.340    
   14.00       3.329    
   15.00       3.300    
   16.00       3.252    
   17.00       3.185    
   18.00       3.096    
   19.00       2.988    
   20.00       2.860    
   21.00       2.715    
   22.00       2.556    
   23.00       2.385    
   24.00       2.206    
   25.00       2.023    
   26.00       1.840    
   27.00       1.661    
   28.00       1.489    
   29.00       1.327    
   30.00       1.177    
   31.00       1.043    
   32.00      0.9239    
   33.00      0.8220    
   34.00      0.7368    
   35.00      0.6678    
   36.00      0.6136    
   37.00      0.5728    
   38.00      0.5432    
   39.00      0.5226    
   40.00      0.5090    
   41.00      0.5000    
   42.00      0.4938    
   43.00      0.4885    
   44.00      0.4828    
   45.00      0.4754    
   46.00      0.4656    
   47.00      0.4529    
   48.00      0.4369    
   49.00      0.4179    
   50.00      0.3961    
   51.00      0.3719    
   52.00      0.3460    
   53.00      0.3191    
   54.00      0.2920    
   55.00      0.2652    
   56.00      0.2393    
   57.00      0.2149    
   58.00      0.1923    
   59.00      0.1718    
   60.00      0.1536    
   61.00      0.1376    
   62.00      0.1239    
   63.00      0.1122    
   64.00      0.1026    
   65.00      0.9467E-01
   66.00      0.8826E-01
   67.00      0.8310E-01
   68.00      0.7895E-01
   69.00      0.7556E-01
   70.00      0.7273E-01
   71.00      0.7027E-01
   72.00      0.6804E-01
   73.00      0.6593E-01
   74.00      0.6388E-01
   75.00      0.6185E-01
   76.00      0.5984E-01
   77.00      0.5785E-01
   78.00      0.5590E-01
   79.00      0.5401E-01
   80.00      0.5221E-01
 END
