     0.0   1.498      1
     0.0   2.999     -1
     1.0   13.49      1
     1.0   27.00     -1
     2.0   29.95      1
     2.0   59.96     -1
     3.0   41.94      1
     3.0   83.88     -1
     4.0   53.79      1
     4.0   107.7     -1
     5.0   65.77      1
     5.0   131.3     -1
     6.0   76.15      1
     6.0   153.2     -1
     7.0   86.27      1
     7.0   169.8     -1
     8.0   84.99      1
     8.0   173.7     -1
     9.0   80.86      1
     9.0   159.8     -1
    10.0   64.62      1
    10.0   129.4     -1
    11.0   43.46      1
    11.0   90.49     -1
    12.0   29.83      1
    12.0   55.07     -1
    13.0   13.95      1
    13.0   30.74     -1
    14.0   9.186      1
    14.0   16.81     -1
    15.0   4.139      1
    15.0   9.147     -1
    16.0   2.715      1
    16.0   4.948     -1
    17.0   1.199      1
    17.0   2.662     -1
    18.0  0.7837      1
    18.0   1.424     -1
    19.0  0.3403      1
    19.0  0.7581     -1
    20.0  0.2217      1
    20.0  0.4018     -1
    21.0  0.9502E-01  1
    21.0  0.2122     -1
    22.0  0.6168E-01  1
    22.0  0.1116     -1
    23.0  0.2617E-01  1
    23.0  0.5854E-01 -1
    24.0  0.1693E-01  1
    24.0  0.3061E-01 -1
    25.0  0.7128E-02  1
    25.0  0.1596E-01 -1
    26.0  0.4596E-02  1
    26.0  0.8303E-02 -1
    27.0  0.1923E-02  1
    27.0  0.4309E-02 -1
    28.0  0.1236E-02  1
    28.0  0.2231E-02 -1
    29.0  0.5141E-03  1
    29.0  0.1153E-02 -1
    30.0  0.3290E-03  1
    30.0  0.5941E-03 -1
