     0.0   1.497      1
     0.0   2.995     -1
     1.0   13.48      1
     1.0   26.98     -1
     2.0   29.96      1
     2.0   59.97     -1
     3.0   41.98      1
     3.0   83.99     -1
     4.0   53.91      1
     4.0   107.9     -1
     5.0   65.82      1
     5.0   131.5     -1
     6.0   76.21      1
     6.0   153.3     -1
     7.0   86.15      1
     7.0   169.6     -1
     8.0   84.84      1
     8.0   173.3     -1
     9.0   80.44      1
     9.0   159.1     -1
    10.0   64.36      1
    10.0   129.0     -1
    11.0   43.93      1
    11.0   91.08     -1
    12.0   30.49      1
    12.0   56.21     -1
    13.0   14.24      1
    13.0   31.74     -1
    14.0   9.600      1
    14.0   17.36     -1
    15.0   4.199      1
    15.0   9.398     -1
    16.0   2.800      1
    16.0   5.060     -1
    17.0   1.211      1
    17.0   2.711     -1
    18.0  0.8005      1
    18.0   1.446     -1
    19.0  0.3427      1
    19.0  0.7680     -1
    20.0  0.2251      1
    20.0  0.4063     -1
    21.0  0.9550E-01  1
    21.0  0.2142     -1
    22.0  0.6235E-01  1
    22.0  0.1125     -1
    23.0  0.2627E-01  1
    23.0  0.5894E-01 -1
    24.0  0.1707E-01  1
    24.0  0.3079E-01 -1
    25.0  0.7144E-02  1
    25.0  0.1603E-01 -1
    26.0  0.4618E-02  1
    26.0  0.8329E-02 -1
    27.0  0.1923E-02  1
    27.0  0.4316E-02 -1
    28.0  0.1238E-02  1
    28.0  0.2233E-02 -1
    29.0  0.5140E-03  1
    29.0  0.1153E-02 -1
    30.0  0.3287E-03  1
    30.0  0.5928E-03 -1
