#  81 angles,  1 tensor ranks for 0=projectile
@subtitle   "39K(3He,d)40Ca 21 MeV DWBA ZR 9605 keV Jpi=1- l=1 n=3 j=1/2"                   
@legend ON
@legend x1 0.2
@legend y1 0.8
@g0 type LOGY
@yaxis ticklabel format power
@legend string   0 "Lab energy =   21.0000"
#legend string   0 "Partition=  2 Excit=  1 near/far= 1"
#  Theta       sigma       iT11        T20         T21         T22         Kyy for projectile
   0.000       16.79    
   1.000       16.73    
   2.000       16.55    
   3.000       16.24    
   4.000       15.81    
   5.000       15.26    
   6.000       14.59    
   7.000       13.79    
   8.000       12.89    
   9.000       11.90    
   10.00       10.84    
   11.00       9.746    
   12.00       8.640    
   13.00       7.558    
   14.00       6.533    
   15.00       5.592    
   16.00       4.759    
   17.00       4.049    
   18.00       3.470    
   19.00       3.022    
   20.00       2.697    
   21.00       2.483    
   22.00       2.360    
   23.00       2.308    
   24.00       2.306    
   25.00       2.333    
   26.00       2.368    
   27.00       2.396    
   28.00       2.404    
   29.00       2.384    
   30.00       2.334    
   31.00       2.251    
   32.00       2.140    
   33.00       2.005    
   34.00       1.854    
   35.00       1.694    
   36.00       1.532    
   37.00       1.373    
   38.00       1.225    
   39.00       1.090    
   40.00      0.9723    
   41.00      0.8718    
   42.00      0.7890    
   43.00      0.7228    
   44.00      0.6712    
   45.00      0.6320    
   46.00      0.6023    
   47.00      0.5797    
   48.00      0.5616    
   49.00      0.5459    
   50.00      0.5309    
   51.00      0.5154    
   52.00      0.4988    
   53.00      0.4807    
   54.00      0.4610    
   55.00      0.4401    
   56.00      0.4184    
   57.00      0.3966    
   58.00      0.3750    
   59.00      0.3544    
   60.00      0.3350    
   61.00      0.3174    
   62.00      0.3015    
   63.00      0.2875    
   64.00      0.2753    
   65.00      0.2646    
   66.00      0.2552    
   67.00      0.2466    
   68.00      0.2385    
   69.00      0.2306    
   70.00      0.2225    
   71.00      0.2141    
   72.00      0.2050    
   73.00      0.1951    
   74.00      0.1845    
   75.00      0.1731    
   76.00      0.1610    
   77.00      0.1484    
   78.00      0.1356    
   79.00      0.1228    
   80.00      0.1102    
 END
