#  81 angles,  1 tensor ranks for 0=projectile
@subtitle   "39K(3He,d)40Ca 21 MeV DWBA ZR 8748 keV Jpi=2+ l=2 n=3 j=5/2"                   
@legend ON
@legend x1 0.2
@legend y1 0.8
@g0 type LOGY
@yaxis ticklabel format power
@legend string   0 "Lab energy =   21.0000"
#legend string   0 "Partition=  2 Excit=  1 near/far= 1"
#  Theta       sigma       iT11        T20         T21         T22         Kyy for projectile
   0.000       26.06    
   1.000       26.11    
   2.000       26.25    
   3.000       26.46    
   4.000       26.74    
   5.000       27.05    
   6.000       27.35    
   7.000       27.62    
   8.000       27.81    
   9.000       27.89    
   10.00       27.81    
   11.00       27.56    
   12.00       27.10    
   13.00       26.41    
   14.00       25.51    
   15.00       24.39    
   16.00       23.08    
   17.00       21.61    
   18.00       20.01    
   19.00       18.33    
   20.00       16.62    
   21.00       14.93    
   22.00       13.31    
   23.00       11.79    
   24.00       10.41    
   25.00       9.180    
   26.00       8.118    
   27.00       7.221    
   28.00       6.483    
   29.00       5.887    
   30.00       5.415    
   31.00       5.043    
   32.00       4.748    
   33.00       4.506    
   34.00       4.299    
   35.00       4.106    
   36.00       3.916    
   37.00       3.718    
   38.00       3.507    
   39.00       3.281    
   40.00       3.041    
   41.00       2.793    
   42.00       2.542    
   43.00       2.294    
   44.00       2.056    
   45.00       1.835    
   46.00       1.635    
   47.00       1.460    
   48.00       1.313    
   49.00       1.193    
   50.00       1.099    
   51.00       1.030    
   52.00      0.9826    
   53.00      0.9523    
   54.00      0.9349    
   55.00      0.9263    
   56.00      0.9221    
   57.00      0.9186    
   58.00      0.9126    
   59.00      0.9017    
   60.00      0.8842    
   61.00      0.8592    
   62.00      0.8267    
   63.00      0.7872    
   64.00      0.7415    
   65.00      0.6911    
   66.00      0.6376    
   67.00      0.5825    
   68.00      0.5277    
   69.00      0.4745    
   70.00      0.4243    
   71.00      0.3782    
   72.00      0.3371    
   73.00      0.3013    
   74.00      0.2712    
   75.00      0.2467    
   76.00      0.2275    
   77.00      0.2130    
   78.00      0.2028    
   79.00      0.1959    
   80.00      0.1917    
 END
