#  81 angles,  1 tensor ranks for 0=projectile
@subtitle   "39K(3He,d)40Ca 21 MeV DWBA ZR 9405 keV Jpi=0+ l=2 n=3 j=3/2"                   
@legend ON
@legend x1 0.2
@legend y1 0.8
@g0 type LOGY
@yaxis ticklabel format power
@legend string   0 "Lab energy =   21.0000"
#legend string   0 "Partition=  2 Excit=  1 near/far= 1"
#  Theta       sigma       iT11        T20         T21         T22         Kyy for projectile
   0.000       4.596    
   1.000       4.598    
   2.000       4.603    
   3.000       4.610    
   4.000       4.616    
   5.000       4.619    
   6.000       4.615    
   7.000       4.600    
   8.000       4.571    
   9.000       4.523    
   10.00       4.453    
   11.00       4.359    
   12.00       4.238    
   13.00       4.090    
   14.00       3.915    
   15.00       3.715    
   16.00       3.495    
   17.00       3.257    
   18.00       3.010    
   19.00       2.758    
   20.00       2.509    
   21.00       2.268    
   22.00       2.041    
   23.00       1.832    
   24.00       1.644    
   25.00       1.479    
   26.00       1.337    
   27.00       1.218    
   28.00       1.119    
   29.00       1.038    
   30.00      0.9730    
   31.00      0.9191    
   32.00      0.8735    
   33.00      0.8327    
   34.00      0.7940    
   35.00      0.7551    
   36.00      0.7145    
   37.00      0.6713    
   38.00      0.6250    
   39.00      0.5762    
   40.00      0.5255    
   41.00      0.4740    
   42.00      0.4229    
   43.00      0.3735    
   44.00      0.3270    
   45.00      0.2847    
   46.00      0.2472    
   47.00      0.2153    
   48.00      0.1892    
   49.00      0.1689    
   50.00      0.1543    
   51.00      0.1448    
   52.00      0.1396    
   53.00      0.1381    
   54.00      0.1392    
   55.00      0.1422    
   56.00      0.1460    
   57.00      0.1500    
   58.00      0.1535    
   59.00      0.1559    
   60.00      0.1570    
   61.00      0.1563    
   62.00      0.1539    
   63.00      0.1497    
   64.00      0.1439    
   65.00      0.1366    
   66.00      0.1283    
   67.00      0.1192    
   68.00      0.1096    
   69.00      0.9981E-01
   70.00      0.9021E-01
   71.00      0.8101E-01
   72.00      0.7243E-01
   73.00      0.6460E-01
   74.00      0.5763E-01
   75.00      0.5157E-01
   76.00      0.4642E-01
   77.00      0.4215E-01
   78.00      0.3869E-01
   79.00      0.3594E-01
   80.00      0.3381E-01
 END
