#  81 angles,  1 tensor ranks for 0=projectile
@subtitle   "39K(3He,d)40Ca 21 MeV DWBA ZR 7694 keV Jpi=3- l=1 n=2 j=3/2"                   
@legend ON
@legend x1 0.2
@legend y1 0.8
@g0 type LOGY
@yaxis ticklabel format power
@xaxis label "Scattering angle (degrees)"
@yaxis label "Cross section (mb/sr)"
@legend string   0 "Partition=  1 Excit=  1 near/far= 1"
#legend string   0 "Lab energy =   21.0000"
@s0 linestyle   1
#  Theta       sigma       iT11        T20         T21         T22         Kyy for projectile
  0.1000E-01   1.000    
   1.000      0.9997    
   2.000       1.001    
   3.000      0.9801    
   4.000      0.9937    
   5.000       1.036    
   6.000       1.069    
   7.000       1.070    
   8.000       1.043    
   9.000       1.001    
   10.00      0.9589    
   11.00      0.9259    
   12.00      0.9030    
   13.00      0.8865    
   14.00      0.8704    
   15.00      0.8486    
   16.00      0.8173    
   17.00      0.7752    
   18.00      0.7238    
   19.00      0.6664    
   20.00      0.6075    
   21.00      0.5518    
   22.00      0.5029    
   23.00      0.4636    
   24.00      0.4347    
   25.00      0.4158    
   26.00      0.4051    
   27.00      0.3999    
   28.00      0.3972    
   29.00      0.3941    
   30.00      0.3882    
   31.00      0.3777    
   32.00      0.3620    
   33.00      0.3412    
   34.00      0.3163    
   35.00      0.2889    
   36.00      0.2608    
   37.00      0.2340    
   38.00      0.2104    
   39.00      0.1911    
   40.00      0.1770    
   41.00      0.1682    
   42.00      0.1644    
   43.00      0.1646    
   44.00      0.1677    
   45.00      0.1721    
   46.00      0.1765    
   47.00      0.1796    
   48.00      0.1803    
   49.00      0.1779    
   50.00      0.1722    
   51.00      0.1633    
   52.00      0.1516    
   53.00      0.1378    
   54.00      0.1229    
   55.00      0.1077    
   56.00      0.9318E-01
   57.00      0.8011E-01
   58.00      0.6912E-01
   59.00      0.6059E-01
   60.00      0.5467E-01
   61.00      0.5129E-01
   62.00      0.5018E-01
   63.00      0.5093E-01
   64.00      0.5301E-01
   65.00      0.5587E-01
   66.00      0.5895E-01
   67.00      0.6177E-01
   68.00      0.6392E-01
   69.00      0.6510E-01
   70.00      0.6515E-01
   71.00      0.6402E-01
   72.00      0.6176E-01
   73.00      0.5853E-01
   74.00      0.5453E-01
   75.00      0.5000E-01
   76.00      0.4522E-01
   77.00      0.4042E-01
   78.00      0.3583E-01
   79.00      0.3163E-01
   80.00      0.2793E-01
 END
@legend string   1 "Partition=  2 Excit=  1 near/far= 1"
#legend string   0 "Lab energy =   21.0000"
@s1 linestyle   2
#  Theta       sigma       iT11        T20         T21         T22         Kyy for projectile
   0.000       35.55    
   1.000       35.62    
   2.000       35.81    
   3.000       36.06    
   4.000       36.29    
   5.000       36.38    
   6.000       36.22    
   7.000       35.71    
   8.000       34.77    
   9.000       33.36    
   10.00       31.47    
   11.00       29.15    
   12.00       26.49    
   13.00       23.63    
   14.00       20.69    
   15.00       17.84    
   16.00       15.18    
   17.00       12.84    
   18.00       10.89    
   19.00       9.348    
   20.00       8.223    
   21.00       7.481    
   22.00       7.064    
   23.00       6.900    
   24.00       6.907    
   25.00       7.007    
   26.00       7.125    
   27.00       7.203    
   28.00       7.194    
   29.00       7.073    
   30.00       6.829    
   31.00       6.468    
   32.00       6.007    
   33.00       5.472    
   34.00       4.893    
   35.00       4.301    
   36.00       3.724    
   37.00       3.187    
   38.00       2.707    
   39.00       2.296    
   40.00       1.961    
   41.00       1.699    
   42.00       1.508    
   43.00       1.377    
   44.00       1.296    
   45.00       1.254    
   46.00       1.236    
   47.00       1.233    
   48.00       1.235    
   49.00       1.233    
   50.00       1.224    
   51.00       1.203    
   52.00       1.170    
   53.00       1.126    
   54.00       1.072    
   55.00       1.011    
   56.00      0.9461    
   57.00      0.8804    
   58.00      0.8170    
   59.00      0.7586    
   60.00      0.7071    
   61.00      0.6639    
   62.00      0.6296    
   63.00      0.6041    
   64.00      0.5864    
   65.00      0.5754    
   66.00      0.5696    
   67.00      0.5673    
   68.00      0.5669    
   69.00      0.5669    
   70.00      0.5659    
   71.00      0.5628    
   72.00      0.5567    
   73.00      0.5471    
   74.00      0.5335    
   75.00      0.5159    
   76.00      0.4945    
   77.00      0.4698    
   78.00      0.4423    
   79.00      0.4128    
   80.00      0.3822    
 END
