#  81 angles,  1 tensor ranks for 0=projectile
@subtitle   "39K(3He,d)40Ca 21 MeV DWBA ZR 7694 keV Jpi=3- l=1 n=2 j=3/2"                   
@legend ON
@legend x1 0.2
@legend y1 0.8
@g0 type LOGY
@yaxis ticklabel format power
@legend string   0 "Lab energy =   21.0000"
#legend string   0 "Partition=  2 Excit=  1 near/far= 1"
#  Theta       sigma       iT11        T20         T21         T22         Kyy for projectile
   0.000       35.55    
   1.000       35.62    
   2.000       35.81    
   3.000       36.06    
   4.000       36.29    
   5.000       36.38    
   6.000       36.22    
   7.000       35.71    
   8.000       34.77    
   9.000       33.36    
   10.00       31.47    
   11.00       29.15    
   12.00       26.49    
   13.00       23.63    
   14.00       20.69    
   15.00       17.84    
   16.00       15.18    
   17.00       12.84    
   18.00       10.89    
   19.00       9.348    
   20.00       8.223    
   21.00       7.481    
   22.00       7.064    
   23.00       6.900    
   24.00       6.907    
   25.00       7.007    
   26.00       7.125    
   27.00       7.203    
   28.00       7.194    
   29.00       7.073    
   30.00       6.829    
   31.00       6.468    
   32.00       6.007    
   33.00       5.472    
   34.00       4.893    
   35.00       4.301    
   36.00       3.724    
   37.00       3.187    
   38.00       2.707    
   39.00       2.296    
   40.00       1.961    
   41.00       1.699    
   42.00       1.508    
   43.00       1.377    
   44.00       1.296    
   45.00       1.254    
   46.00       1.236    
   47.00       1.233    
   48.00       1.235    
   49.00       1.233    
   50.00       1.224    
   51.00       1.203    
   52.00       1.170    
   53.00       1.126    
   54.00       1.072    
   55.00       1.011    
   56.00      0.9461    
   57.00      0.8804    
   58.00      0.8170    
   59.00      0.7586    
   60.00      0.7071    
   61.00      0.6639    
   62.00      0.6296    
   63.00      0.6041    
   64.00      0.5864    
   65.00      0.5754    
   66.00      0.5696    
   67.00      0.5673    
   68.00      0.5669    
   69.00      0.5669    
   70.00      0.5659    
   71.00      0.5628    
   72.00      0.5567    
   73.00      0.5471    
   74.00      0.5335    
   75.00      0.5159    
   76.00      0.4945    
   77.00      0.4698    
   78.00      0.4423    
   79.00      0.4128    
   80.00      0.3822    
 END
