#  81 angles,  1 tensor ranks for 0=projectile
@subtitle   "39K(3He,d)40Ca 21 MeV DWBA ZR 7532 keV Jpi=2- l=3 n=1 j=7/2"                   
@legend ON
@legend x1 0.2
@legend y1 0.8
@g0 type LOGY
@yaxis ticklabel format power
@xaxis label "Scattering angle (degrees)"
@yaxis label "Cross section (mb/sr)"
@legend string   0 "Partition=  1 Excit=  1 near/far= 1"
#legend string   0 "Lab energy =   21.0000"
@s0 linestyle   1
#  Theta       sigma       iT11        T20         T21         T22         Kyy for projectile
  0.1000E-01   1.000    
   1.000      0.9997    
   2.000       1.001    
   3.000      0.9801    
   4.000      0.9937    
   5.000       1.036    
   6.000       1.069    
   7.000       1.070    
   8.000       1.043    
   9.000       1.001    
   10.00      0.9589    
   11.00      0.9259    
   12.00      0.9030    
   13.00      0.8865    
   14.00      0.8704    
   15.00      0.8486    
   16.00      0.8173    
   17.00      0.7752    
   18.00      0.7238    
   19.00      0.6664    
   20.00      0.6075    
   21.00      0.5518    
   22.00      0.5029    
   23.00      0.4636    
   24.00      0.4347    
   25.00      0.4158    
   26.00      0.4051    
   27.00      0.3999    
   28.00      0.3972    
   29.00      0.3941    
   30.00      0.3882    
   31.00      0.3777    
   32.00      0.3620    
   33.00      0.3412    
   34.00      0.3163    
   35.00      0.2889    
   36.00      0.2608    
   37.00      0.2340    
   38.00      0.2104    
   39.00      0.1911    
   40.00      0.1770    
   41.00      0.1682    
   42.00      0.1644    
   43.00      0.1646    
   44.00      0.1677    
   45.00      0.1721    
   46.00      0.1765    
   47.00      0.1796    
   48.00      0.1803    
   49.00      0.1779    
   50.00      0.1722    
   51.00      0.1633    
   52.00      0.1516    
   53.00      0.1378    
   54.00      0.1229    
   55.00      0.1077    
   56.00      0.9318E-01
   57.00      0.8011E-01
   58.00      0.6912E-01
   59.00      0.6059E-01
   60.00      0.5467E-01
   61.00      0.5129E-01
   62.00      0.5018E-01
   63.00      0.5093E-01
   64.00      0.5301E-01
   65.00      0.5587E-01
   66.00      0.5895E-01
   67.00      0.6177E-01
   68.00      0.6392E-01
   69.00      0.6510E-01
   70.00      0.6515E-01
   71.00      0.6402E-01
   72.00      0.6176E-01
   73.00      0.5853E-01
   74.00      0.5453E-01
   75.00      0.5000E-01
   76.00      0.4522E-01
   77.00      0.4042E-01
   78.00      0.3583E-01
   79.00      0.3163E-01
   80.00      0.2793E-01
 END
@legend string   1 "Partition=  2 Excit=  1 near/far= 1"
#legend string   0 "Lab energy =   21.0000"
@s1 linestyle   2
#  Theta       sigma       iT11        T20         T21         T22         Kyy for projectile
   0.000       2.758    
   1.000       2.762    
   2.000       2.774    
   3.000       2.795    
   4.000       2.823    
   5.000       2.859    
   6.000       2.902    
   7.000       2.952    
   8.000       3.007    
   9.000       3.067    
   10.00       3.129    
   11.00       3.193    
   12.00       3.255    
   13.00       3.311    
   14.00       3.358    
   15.00       3.389    
   16.00       3.402    
   17.00       3.392    
   18.00       3.357    
   19.00       3.294    
   20.00       3.202    
   21.00       3.083    
   22.00       2.937    
   23.00       2.769    
   24.00       2.581    
   25.00       2.378    
   26.00       2.166    
   27.00       1.950    
   28.00       1.737    
   29.00       1.530    
   30.00       1.336    
   31.00       1.160    
   32.00       1.003    
   33.00      0.8684    
   34.00      0.7566    
   35.00      0.6672    
   36.00      0.5985    
   37.00      0.5480    
   38.00      0.5130    
   39.00      0.4902    
   40.00      0.4765    
   41.00      0.4688    
   42.00      0.4644    
   43.00      0.4611    
   44.00      0.4569    
   45.00      0.4502    
   46.00      0.4402    
   47.00      0.4263    
   48.00      0.4082    
   49.00      0.3864    
   50.00      0.3614    
   51.00      0.3340    
   52.00      0.3052    
   53.00      0.2760    
   54.00      0.2474    
   55.00      0.2203    
   56.00      0.1953    
   57.00      0.1729    
   58.00      0.1533    
   59.00      0.1366    
   60.00      0.1227    
   61.00      0.1115    
   62.00      0.1025    
   63.00      0.9550E-01
   64.00      0.9006E-01
   65.00      0.8581E-01
   66.00      0.8241E-01
   67.00      0.7955E-01
   68.00      0.7698E-01
   69.00      0.7449E-01
   70.00      0.7196E-01
   71.00      0.6930E-01
   72.00      0.6651E-01
   73.00      0.6359E-01
   74.00      0.6062E-01
   75.00      0.5767E-01
   76.00      0.5485E-01
   77.00      0.5226E-01
   78.00      0.4998E-01
   79.00      0.4809E-01
   80.00      0.4665E-01
 END
