     0.0   1.503      1
     0.0   3.005     -1
     1.0   13.52      1
     1.0   27.05     -1
     2.0   30.05      1
     2.0   60.10     -1
     3.0   42.06      1
     3.0   84.11     -1
     4.0   53.98      1
     4.0   108.0     -1
     5.0   65.91      1
     5.0   131.6     -1
     6.0   76.32      1
     6.0   153.5     -1
     7.0   86.40      1
     7.0   170.0     -1
     8.0   85.18      1
     8.0   174.0     -1
     9.0   81.07      1
     9.0   160.1     -1
    10.0   64.98      1
    10.0   130.1     -1
    11.0   44.21      1
    11.0   91.82     -1
    12.0   30.73      1
    12.0   56.58     -1
    13.0   14.29      1
    13.0   31.91     -1
    14.0   9.650      1
    14.0   17.43     -1
    15.0   4.211      1
    15.0   9.433     -1
    16.0   2.810      1
    16.0   5.076     -1
    17.0   1.213      1
    17.0   2.718     -1
    18.0  0.8027      1
    18.0   1.449     -1
    19.0  0.3432      1
    19.0  0.7695     -1
    20.0  0.2255      1
    20.0  0.4069     -1
    21.0  0.9560E-01  1
    21.0  0.2145     -1
    22.0  0.6245E-01  1
    22.0  0.1127     -1
    23.0  0.2629E-01  1
    23.0  0.5901E-01 -1
    24.0  0.1709E-01  1
    24.0  0.3082E-01 -1
    25.0  0.7151E-02  1
    25.0  0.1605E-01 -1
    26.0  0.4626E-02  1
    26.0  0.8341E-02 -1
    27.0  0.1926E-02  1
    27.0  0.4324E-02 -1
    28.0  0.1241E-02  1
    28.0  0.2237E-02 -1
    29.0  0.5145E-03  1
    29.0  0.1155E-02 -1
    30.0  0.3291E-03  1
    30.0  0.5933E-03 -1
