#  81 angles,  1 tensor ranks for 0=projectile
@subtitle   "39K(3He,d)40Ca 21 MeV DWBA ZR 9226.69 keV Jpi=2- l=3 n=1 j=7/2"                
@legend ON
@legend x1 0.2
@legend y1 0.8
@g0 type LOGY
@yaxis ticklabel format power
@legend string   0 "Lab energy =   21.0000"
#legend string   0 "Partition=  2 Excit=  1 near/far= 1"
#  Theta       sigma       iT11        T20         T21         T22         Kyy for projectile
   0.000       3.290    
   1.000       3.293    
   2.000       3.302    
   3.000       3.316    
   4.000       3.335    
   5.000       3.358    
   6.000       3.384    
   7.000       3.410    
   8.000       3.435    
   9.000       3.457    
   10.00       3.474    
   11.00       3.484    
   12.00       3.483    
   13.00       3.472    
   14.00       3.446    
   15.00       3.405    
   16.00       3.347    
   17.00       3.271    
   18.00       3.177    
   19.00       3.064    
   20.00       2.935    
   21.00       2.790    
   22.00       2.632    
   23.00       2.463    
   24.00       2.287    
   25.00       2.107    
   26.00       1.926    
   27.00       1.747    
   28.00       1.575    
   29.00       1.411    
   30.00       1.259    
   31.00       1.120    
   32.00      0.9970    
   33.00      0.8898    
   34.00      0.7989    
   35.00      0.7235    
   36.00      0.6626    
   37.00      0.6147    
   38.00      0.5779    
   39.00      0.5503    
   40.00      0.5297    
   41.00      0.5143    
   42.00      0.5021    
   43.00      0.4916    
   44.00      0.4812    
   45.00      0.4698    
   46.00      0.4566    
   47.00      0.4410    
   48.00      0.4228    
   49.00      0.4020    
   50.00      0.3790    
   51.00      0.3542    
   52.00      0.3282    
   53.00      0.3016    
   54.00      0.2752    
   55.00      0.2494    
   56.00      0.2247    
   57.00      0.2016    
   58.00      0.1803    
   59.00      0.1612    
   60.00      0.1442    
   61.00      0.1295    
   62.00      0.1169    
   63.00      0.1063    
   64.00      0.9757E-01
   65.00      0.9038E-01
   66.00      0.8449E-01
   67.00      0.7963E-01
   68.00      0.7556E-01
   69.00      0.7207E-01
   70.00      0.6899E-01
   71.00      0.6618E-01
   72.00      0.6353E-01
   73.00      0.6100E-01
   74.00      0.5853E-01
   75.00      0.5611E-01
   76.00      0.5374E-01
   77.00      0.5144E-01
   78.00      0.4925E-01
   79.00      0.4722E-01
   80.00      0.4538E-01
 END
