#  81 angles,  1 tensor ranks for 0=projectile
@subtitle   "39K(3He,d)40Ca 21 MeV DWBA ZR 9405 keV Jpi=2- l=1 n=3 j=3/2"                   
@legend ON
@legend x1 0.2
@legend y1 0.8
@g0 type LOGY
@yaxis ticklabel format power
@legend string   0 "Lab energy =   21.0000"
#legend string   0 "Partition=  2 Excit=  1 near/far= 1"
#  Theta       sigma       iT11        T20         T21         T22         Kyy for projectile
   0.000       26.97    
   1.000       26.90    
   2.000       26.69    
   3.000       26.34    
   4.000       25.82    
   5.000       25.12    
   6.000       24.23    
   7.000       23.16    
   8.000       21.89    
   9.000       20.46    
   10.00       18.89    
   11.00       17.23    
   12.00       15.52    
   13.00       13.82    
   14.00       12.18    
   15.00       10.65    
   16.00       9.271    
   17.00       8.078    
   18.00       7.086    
   19.00       6.300    
   20.00       5.711    
   21.00       5.297    
   22.00       5.031    
   23.00       4.879    
   24.00       4.802    
   25.00       4.766    
   26.00       4.738    
   27.00       4.692    
   28.00       4.607    
   29.00       4.473    
   30.00       4.285    
   31.00       4.045    
   32.00       3.760    
   33.00       3.443    
   34.00       3.107    
   35.00       2.766    
   36.00       2.436    
   37.00       2.127    
   38.00       1.850    
   39.00       1.612    
   40.00       1.417    
   41.00       1.266    
   42.00       1.158    
   43.00       1.088    
   44.00       1.051    
   45.00       1.042    
   46.00       1.051    
   47.00       1.073    
   48.00       1.101    
   49.00       1.129    
   50.00       1.153    
   51.00       1.167    
   52.00       1.171    
   53.00       1.163    
   54.00       1.141    
   55.00       1.108    
   56.00       1.063    
   57.00       1.009    
   58.00      0.9472    
   59.00      0.8802    
   60.00      0.8100    
   61.00      0.7388    
   62.00      0.6683    
   63.00      0.6003    
   64.00      0.5359    
   65.00      0.4764    
   66.00      0.4222    
   67.00      0.3740    
   68.00      0.3318    
   69.00      0.2956    
   70.00      0.2652    
   71.00      0.2403    
   72.00      0.2203    
   73.00      0.2047    
   74.00      0.1930    
   75.00      0.1846    
   76.00      0.1789    
   77.00      0.1753    
   78.00      0.1734    
   79.00      0.1728    
   80.00      0.1729    
 END
