#  81 angles,  1 tensor ranks for 0=projectile
@subtitle   "39K(3He,d)40Ca 21 MeV DWBA ZR 6950 keV Jpi=1- l=1 n=2 j=1/2"                   
@legend ON
@legend x1 0.2
@legend y1 0.8
@g0 type LOGY
@yaxis ticklabel format power
@legend string   0 "Lab energy =   21.0000"
#legend string   0 "Partition=  2 Excit=  1 near/far= 1"
#  Theta       sigma       iT11        T20         T21         T22         Kyy for projectile
   0.000       16.37    
   1.000       16.43    
   2.000       16.59    
   3.000       16.82    
   4.000       17.06    
   5.000       17.24    
   6.000       17.27    
   7.000       17.11    
   8.000       16.70    
   9.000       16.00    
   10.00       15.03    
   11.00       13.81    
   12.00       12.40    
   13.00       10.87    
   14.00       9.300    
   15.00       7.774    
   16.00       6.370    
   17.00       5.148    
   18.00       4.151    
   19.00       3.398    
   20.00       2.888    
   21.00       2.599    
   22.00       2.496    
   23.00       2.535    
   24.00       2.668    
   25.00       2.847    
   26.00       3.028    
   27.00       3.177    
   28.00       3.270    
   29.00       3.290    
   30.00       3.234    
   31.00       3.105    
   32.00       2.912    
   33.00       2.671    
   34.00       2.398    
   35.00       2.110    
   36.00       1.823    
   37.00       1.551    
   38.00       1.304    
   39.00       1.089    
   40.00      0.9077    
   41.00      0.7617    
   42.00      0.6484    
   43.00      0.5640    
   44.00      0.5034    
   45.00      0.4611    
   46.00      0.4318    
   47.00      0.4108    
   48.00      0.3942    
   49.00      0.3791    
   50.00      0.3638    
   51.00      0.3475    
   52.00      0.3302    
   53.00      0.3125    
   54.00      0.2953    
   55.00      0.2799    
   56.00      0.2673    
   57.00      0.2585    
   58.00      0.2540    
   59.00      0.2541    
   60.00      0.2586    
   61.00      0.2671    
   62.00      0.2787    
   63.00      0.2923    
   64.00      0.3067    
   65.00      0.3207    
   66.00      0.3330    
   67.00      0.3426    
   68.00      0.3486    
   69.00      0.3504    
   70.00      0.3476    
   71.00      0.3400    
   72.00      0.3280    
   73.00      0.3117    
   74.00      0.2918    
   75.00      0.2691    
   76.00      0.2443    
   77.00      0.2184    
   78.00      0.1921    
   79.00      0.1664    
   80.00      0.1420    
 END
