     0.0   1.498      1
     0.0   2.995     -1
     1.0   13.46      1
     1.0   26.95     -1
     2.0   29.92      1
     2.0   59.91     -1
     3.0   41.94      1
     3.0   83.95     -1
     4.0   53.87      1
     4.0   107.9     -1
     5.0   65.80      1
     5.0   131.4     -1
     6.0   76.09      1
     6.0   153.1     -1
     7.0   85.96      1
     7.0   169.1     -1
     8.0   84.51      1
     8.0   172.2     -1
     9.0   79.69      1
     9.0   158.0     -1
    10.0   64.30      1
    10.0   128.6     -1
    11.0   43.72      1
    11.0   90.98     -1
    12.0   30.58      1
    12.0   56.20     -1
    13.0   14.19      1
    13.0   31.75     -1
    14.0   9.626      1
    14.0   17.37     -1
    15.0   4.192      1
    15.0   9.405     -1
    16.0   2.806      1
    16.0   5.064     -1
    17.0   1.210      1
    17.0   2.714     -1
    18.0  0.8021      1
    18.0   1.447     -1
    19.0  0.3426      1
    19.0  0.7687     -1
    20.0  0.2254      1
    20.0  0.4066     -1
    21.0  0.9550E-01  1
    21.0  0.2143     -1
    22.0  0.6244E-01  1
    22.0  0.1126     -1
    23.0  0.2627E-01  1
    23.0  0.5899E-01 -1
    24.0  0.1709E-01  1
    24.0  0.3081E-01 -1
    25.0  0.7151E-02  1
    25.0  0.1606E-01 -1
    26.0  0.4629E-02  1
    26.0  0.8346E-02 -1
    27.0  0.1928E-02  1
    27.0  0.4329E-02 -1
    28.0  0.1243E-02  1
    28.0  0.2241E-02 -1
    29.0  0.5157E-03  1
    29.0  0.1158E-02 -1
    30.0  0.3311E-03  1
    30.0  0.5970E-03 -1
