#  81 angles,  1 tensor ranks for 0=projectile
@subtitle   "39K(3He,d)40Ca 21 MeV DWBA ZR 9136 keV Jpi=3- l=3 n=2 j=7/2"                   
@legend ON
@legend x1 0.2
@legend y1 0.8
@g0 type LOGY
@yaxis ticklabel format power
@legend string   0 "Lab energy =   21.0000"
#legend string   0 "Partition=  2 Excit=  1 near/far= 1"
#  Theta       sigma       iT11        T20         T21         T22         Kyy for projectile
   0.000       12.33    
   1.000       12.34    
   2.000       12.39    
   3.000       12.46    
   4.000       12.56    
   5.000       12.68    
   6.000       12.81    
   7.000       12.94    
   8.000       13.07    
   9.000       13.17    
   10.00       13.24    
   11.00       13.26    
   12.00       13.24    
   13.00       13.15    
   14.00       13.00    
   15.00       12.78    
   16.00       12.49    
   17.00       12.13    
   18.00       11.70    
   19.00       11.20    
   20.00       10.65    
   21.00       10.04    
   22.00       9.395    
   23.00       8.718    
   24.00       8.025    
   25.00       7.329    
   26.00       6.643    
   27.00       5.980    
   28.00       5.351    
   29.00       4.766    
   30.00       4.232    
   31.00       3.756    
   32.00       3.340    
   33.00       2.986    
   34.00       2.693    
   35.00       2.455    
   36.00       2.269    
   37.00       2.127    
   38.00       2.022    
   39.00       1.944    
   40.00       1.888    
   41.00       1.844    
   42.00       1.807    
   43.00       1.771    
   44.00       1.730    
   45.00       1.682    
   46.00       1.625    
   47.00       1.556    
   48.00       1.477    
   49.00       1.388    
   50.00       1.291    
   51.00       1.189    
   52.00       1.084    
   53.00      0.9787    
   54.00      0.8763    
   55.00      0.7789    
   56.00      0.6883    
   57.00      0.6062    
   58.00      0.5334    
   59.00      0.4706    
   60.00      0.4178    
   61.00      0.3747    
   62.00      0.3407    
   63.00      0.3148    
   64.00      0.2960    
   65.00      0.2828    
   66.00      0.2740    
   67.00      0.2683    
   68.00      0.2645    
   69.00      0.2616    
   70.00      0.2587    
   71.00      0.2552    
   72.00      0.2507    
   73.00      0.2450    
   74.00      0.2379    
   75.00      0.2296    
   76.00      0.2201    
   77.00      0.2098    
   78.00      0.1989    
   79.00      0.1878    
   80.00      0.1769    
 END
