#  81 angles,  1 tensor ranks for 0=projectile
@subtitle   "39K(3He,d)40Ca 21 MeV DWBA ZR 9603 keV Jpi=3- l=1 n=2 j=3/2"                   
@legend ON
@legend x1 0.2
@legend y1 0.8
@g0 type LOGY
@yaxis ticklabel format power
@legend string   0 "Lab energy =   21.0000"
#legend string   0 "Partition=  2 Excit=  1 near/far= 1"
#  Theta       sigma       iT11        T20         T21         T22         Kyy for projectile
   0.000       18.33    
   1.000       18.28    
   2.000       18.14    
   3.000       17.90    
   4.000       17.55    
   5.000       17.09    
   6.000       16.51    
   7.000       15.81    
   8.000       15.00    
   9.000       14.09    
   10.00       13.08    
   11.00       12.02    
   12.00       10.94    
   13.00       9.868    
   14.00       8.841    
   15.00       7.895    
   16.00       7.054    
   17.00       6.339    
   18.00       5.759    
   19.00       5.313    
   20.00       4.994    
   21.00       4.785    
   22.00       4.666    
   23.00       4.613    
   24.00       4.600    
   25.00       4.601    
   26.00       4.596    
   27.00       4.565    
   28.00       4.496    
   29.00       4.380    
   30.00       4.215    
   31.00       4.004    
   32.00       3.752    
   33.00       3.470    
   34.00       3.168    
   35.00       2.858    
   36.00       2.549    
   37.00       2.253    
   38.00       1.977    
   39.00       1.728    
   40.00       1.509    
   41.00       1.323    
   42.00       1.168    
   43.00       1.044    
   44.00      0.9480    
   45.00      0.8755    
   46.00      0.8226    
   47.00      0.7849    
   48.00      0.7585    
   49.00      0.7394    
   50.00      0.7248    
   51.00      0.7120    
   52.00      0.6992    
   53.00      0.6853    
   54.00      0.6696    
   55.00      0.6519    
   56.00      0.6324    
   57.00      0.6116    
   58.00      0.5900    
   59.00      0.5684    
   60.00      0.5474    
   61.00      0.5274    
   62.00      0.5087    
   63.00      0.4917    
   64.00      0.4764    
   65.00      0.4625    
   66.00      0.4501    
   67.00      0.4386    
   68.00      0.4280    
   69.00      0.4177    
   70.00      0.4075    
   71.00      0.3969    
   72.00      0.3858    
   73.00      0.3739    
   74.00      0.3610    
   75.00      0.3471    
   76.00      0.3321    
   77.00      0.3162    
   78.00      0.2995    
   79.00      0.2823    
   80.00      0.2648    
 END
