     0.0   1.503      1
     0.0   3.006     -1
     1.0   13.53      1
     1.0   27.06     -1
     2.0   30.04      1
     2.0   60.10     -1
     3.0   42.06      1
     3.0   84.10     -1
     4.0   53.96      1
     4.0   108.0     -1
     5.0   65.88      1
     5.0   131.5     -1
     6.0   76.27      1
     6.0   153.4     -1
     7.0   86.29      1
     7.0   169.9     -1
     8.0   85.00      1
     8.0   173.7     -1
     9.0   80.87      1
     9.0   159.6     -1
    10.0   64.40      1
    10.0   129.4     -1
    11.0   43.80      1
    11.0   91.00     -1
    12.0   30.48      1
    12.0   56.04     -1
    13.0   14.15      1
    13.0   31.63     -1
    14.0   9.590      1
    14.0   17.31     -1
    15.0   4.180      1
    15.0   9.374     -1
    16.0   2.798      1
    16.0   5.049     -1
    17.0   1.207      1
    17.0   2.706     -1
    18.0  0.8001      1
    18.0   1.444     -1
    19.0  0.3419      1
    19.0  0.7670     -1
    20.0  0.2250      1
    20.0  0.4058     -1
    21.0  0.9533E-01  1
    21.0  0.2140     -1
    22.0  0.6235E-01  1
    22.0  0.1124     -1
    23.0  0.2624E-01  1
    23.0  0.5891E-01 -1
    24.0  0.1707E-01  1
    24.0  0.3078E-01 -1
    25.0  0.7144E-02  1
    25.0  0.1604E-01 -1
    26.0  0.4627E-02  1
    26.0  0.8342E-02 -1
    27.0  0.1927E-02  1
    27.0  0.4328E-02 -1
    28.0  0.1242E-02  1
    28.0  0.2239E-02 -1
    29.0  0.5147E-03  1
    29.0  0.1155E-02 -1
    30.0  0.3296E-03  1
    30.0  0.5946E-03 -1
