#  81 angles,  1 tensor ranks for 0=projectile
@subtitle   "39K(3He,d)40Ca 21 MeV DWBA ZR 8188 keV Jpi=4- l=3 n=1 j=7/2"                   
@legend ON
@legend x1 0.2
@legend y1 0.8
@g0 type LOGY
@yaxis ticklabel format power
@legend string   0 "Lab energy =   21.0000"
#legend string   0 "Partition=  2 Excit=  1 near/far= 1"
#  Theta       sigma       iT11        T20         T21         T22         Kyy for projectile
   0.000       6.301    
   1.000       6.310    
   2.000       6.334    
   3.000       6.374    
   4.000       6.430    
   5.000       6.499    
   6.000       6.579    
   7.000       6.669    
   8.000       6.765    
   9.000       6.862    
   10.00       6.956    
   11.00       7.039    
   12.00       7.107    
   13.00       7.152    
   14.00       7.168    
   15.00       7.149    
   16.00       7.092    
   17.00       6.991    
   18.00       6.846    
   19.00       6.653    
   20.00       6.414    
   21.00       6.130    
   22.00       5.804    
   23.00       5.442    
   24.00       5.051    
   25.00       4.639    
   26.00       4.217    
   27.00       3.796    
   28.00       3.387    
   29.00       2.999    
   30.00       2.639    
   31.00       2.314    
   32.00       2.028    
   33.00       1.782    
   34.00       1.575    
   35.00       1.407    
   36.00       1.274    
   37.00       1.172    
   38.00       1.098    
   39.00       1.046    
   40.00       1.011    
   41.00      0.9871    
   42.00      0.9705    
   43.00      0.9563    
   44.00      0.9407    
   45.00      0.9207    
   46.00      0.8945    
   47.00      0.8613    
   48.00      0.8211    
   49.00      0.7747    
   50.00      0.7235    
   51.00      0.6689    
   52.00      0.6127    
   53.00      0.5564    
   54.00      0.5015    
   55.00      0.4491    
   56.00      0.4001    
   57.00      0.3555    
   58.00      0.3155    
   59.00      0.2806    
   60.00      0.2507    
   61.00      0.2258    
   62.00      0.2054    
   63.00      0.1891    
   64.00      0.1763    
   65.00      0.1662    
   66.00      0.1581    
   67.00      0.1515    
   68.00      0.1457    
   69.00      0.1404    
   70.00      0.1353    
   71.00      0.1302    
   72.00      0.1249    
   73.00      0.1196    
   74.00      0.1143    
   75.00      0.1090    
   76.00      0.1039    
   77.00      0.9911E-01
   78.00      0.9479E-01
   79.00      0.9101E-01
   80.00      0.8786E-01
 END
