#  81 angles,  1 tensor ranks for 0=projectile
@subtitle   "39K(3He,d)40Ca 21 MeV DWBA ZR 7658 keV Jpi=4- l=3 n=1 j=7/2"                   
@legend ON
@legend x1 0.2
@legend y1 0.8
@g0 type LOGY
@yaxis ticklabel format power
@legend string   0 "Lab energy =   21.0000"
#legend string   0 "Partition=  2 Excit=  1 near/far= 1"
#  Theta       sigma       iT11        T20         T21         T22         Kyy for projectile
   0.000       5.219    
   1.000       5.227    
   2.000       5.248    
   3.000       5.284    
   4.000       5.334    
   5.000       5.397    
   6.000       5.473    
   7.000       5.561    
   8.000       5.660    
   9.000       5.766    
   10.00       5.876    
   11.00       5.985    
   12.00       6.088    
   13.00       6.178    
   14.00       6.249    
   15.00       6.291    
   16.00       6.300    
   17.00       6.269    
   18.00       6.193    
   19.00       6.069    
   20.00       5.894    
   21.00       5.669    
   22.00       5.397    
   23.00       5.082    
   24.00       4.732    
   25.00       4.356    
   26.00       3.963    
   27.00       3.565    
   28.00       3.173    
   29.00       2.797    
   30.00       2.446    
   31.00       2.128    
   32.00       1.846    
   33.00       1.604    
   34.00       1.402    
   35.00       1.240    
   36.00       1.114    
   37.00       1.020    
   38.00      0.9548    
   39.00      0.9116    
   40.00      0.8854    
   41.00      0.8706    
   42.00      0.8621    
   43.00      0.8554    
   44.00      0.8468    
   45.00      0.8333    
   46.00      0.8132    
   47.00      0.7857    
   48.00      0.7508    
   49.00      0.7094    
   50.00      0.6626    
   51.00      0.6121    
   52.00      0.5597    
   53.00      0.5069    
   54.00      0.4553    
   55.00      0.4063    
   56.00      0.3609    
   57.00      0.3199    
   58.00      0.2837    
   59.00      0.2526    
   60.00      0.2265    
   61.00      0.2051    
   62.00      0.1881    
   63.00      0.1747    
   64.00      0.1643    
   65.00      0.1563    
   66.00      0.1499    
   67.00      0.1445    
   68.00      0.1397    
   69.00      0.1351    
   70.00      0.1304    
   71.00      0.1256    
   72.00      0.1205    
   73.00      0.1152    
   74.00      0.1098    
   75.00      0.1046    
   76.00      0.9957E-01
   77.00      0.9496E-01
   78.00      0.9089E-01
   79.00      0.8750E-01
   80.00      0.8484E-01
 END
