#  81 angles,  1 tensor ranks for 0=projectile
@subtitle   "39K(3He,d)40Ca 21 MeV DWBA ZR 8188 keV Jpi=3+ l=2 n=3 j=5/2"                   
@legend ON
@legend x1 0.2
@legend y1 0.8
@g0 type LOGY
@yaxis ticklabel format power
@legend string   0 "Lab energy =   21.0000"
#legend string   0 "Partition=  2 Excit=  1 near/far= 1"
#  Theta       sigma       iT11        T20         T21         T22         Kyy for projectile
   0.000       40.80    
   1.000       40.88    
   2.000       41.13    
   3.000       41.52    
   4.000       42.03    
   5.000       42.64    
   6.000       43.28    
   7.000       43.90    
   8.000       44.43    
   9.000       44.78    
   10.00       44.88    
   11.00       44.67    
   12.00       44.09    
   13.00       43.10    
   14.00       41.71    
   15.00       39.91    
   16.00       37.76    
   17.00       35.30    
   18.00       32.61    
   19.00       29.76    
   20.00       26.86    
   21.00       23.98    
   22.00       21.22    
   23.00       18.64    
   24.00       16.30    
   25.00       14.23    
   26.00       12.47    
   27.00       11.00    
   28.00       9.819    
   29.00       8.891    
   30.00       8.181    
   31.00       7.643    
   32.00       7.235    
   33.00       6.913    
   34.00       6.638    
   35.00       6.381    
   36.00       6.116    
   37.00       5.828    
   38.00       5.508    
   39.00       5.156    
   40.00       4.774    
   41.00       4.372    
   42.00       3.962    
   43.00       3.555    
   44.00       3.164    
   45.00       2.801    
   46.00       2.474    
   47.00       2.191    
   48.00       1.954    
   49.00       1.764    
   50.00       1.619    
   51.00       1.515    
   52.00       1.447    
   53.00       1.405    
   54.00       1.385    
   55.00       1.377    
   56.00       1.374    
   57.00       1.371    
   58.00       1.363    
   59.00       1.345    
   60.00       1.316    
   61.00       1.275    
   62.00       1.221    
   63.00       1.156    
   64.00       1.082    
   65.00       1.001    
   66.00      0.9165    
   67.00      0.8304    
   68.00      0.7459    
   69.00      0.6655    
   70.00      0.5912    
   71.00      0.5246    
   72.00      0.4668    
   73.00      0.4182    
   74.00      0.3788    
   75.00      0.3480    
   76.00      0.3252    
   77.00      0.3091    
   78.00      0.2987    
   79.00      0.2926    
   80.00      0.2897    
 END
