     0.0   1.502      1
     0.0   3.005     -1
     1.0   13.50      1
     1.0   26.99     -1
     2.0   30.01      1
     2.0   59.96     -1
     3.0   42.04      1
     3.0   83.96     -1
     4.0   53.92      1
     4.0   107.8     -1
     5.0   65.79      1
     5.0   131.1     -1
     6.0   75.96      1
     6.0   152.6     -1
     7.0   85.47      1
     7.0   168.1     -1
     8.0   83.33      1
     8.0   170.0     -1
     9.0   78.96      1
     9.0   154.4     -1
    10.0   61.65      1
    10.0   124.4     -1
    11.0   42.27      1
    11.0   87.75     -1
    12.0   29.55      1
    12.0   54.33     -1
    13.0   13.79      1
    13.0   30.82     -1
    14.0   9.383      1
    14.0   16.94     -1
    15.0   4.107      1
    15.0   9.208     -1
    16.0   2.756      1
    16.0   4.975     -1
    17.0   1.192      1
    17.0   2.673     -1
    18.0  0.7917      1
    18.0   1.429     -1
    19.0  0.3389      1
    19.0  0.7602     -1
    20.0  0.2233      1
    20.0  0.4028     -1
    21.0  0.9474E-01  1
    21.0  0.2126     -1
    22.0  0.6199E-01  1
    22.0  0.1118     -1
    23.0  0.2611E-01  1
    23.0  0.5862E-01 -1
    24.0  0.1699E-01  1
    24.0  0.3064E-01 -1
    25.0  0.7115E-02  1
    25.0  0.1597E-01 -1
    26.0  0.4608E-02  1
    26.0  0.8307E-02 -1
    27.0  0.1919E-02  1
    27.0  0.4310E-02 -1
    28.0  0.1237E-02  1
    28.0  0.2230E-02 -1
    29.0  0.5132E-03  1
    29.0  0.1152E-02 -1
    30.0  0.3295E-03  1
    30.0  0.5941E-03 -1
