#  81 angles,  1 tensor ranks for 0=projectile
@subtitle   "39K(3He,d)40Ca 21 MeV DWBA ZR 8188 keV Jpi=3+ l=2 n=3 j=5/2"                   
@legend ON
@legend x1 0.2
@legend y1 0.8
@g0 type LOGY
@yaxis ticklabel format power
@xaxis label "Scattering angle (degrees)"
@yaxis label "Cross section (mb/sr)"
@legend string   0 "Partition=  1 Excit=  1 near/far= 1"
#legend string   0 "Lab energy =   21.0000"
@s0 linestyle   1
#  Theta       sigma       iT11        T20         T21         T22         Kyy for projectile
  0.1000E-01   1.000    
   1.000      0.9997    
   2.000       1.001    
   3.000      0.9801    
   4.000      0.9937    
   5.000       1.036    
   6.000       1.069    
   7.000       1.070    
   8.000       1.043    
   9.000       1.001    
   10.00      0.9589    
   11.00      0.9259    
   12.00      0.9030    
   13.00      0.8865    
   14.00      0.8704    
   15.00      0.8486    
   16.00      0.8173    
   17.00      0.7752    
   18.00      0.7238    
   19.00      0.6664    
   20.00      0.6075    
   21.00      0.5518    
   22.00      0.5029    
   23.00      0.4636    
   24.00      0.4347    
   25.00      0.4158    
   26.00      0.4051    
   27.00      0.3999    
   28.00      0.3972    
   29.00      0.3941    
   30.00      0.3882    
   31.00      0.3777    
   32.00      0.3620    
   33.00      0.3412    
   34.00      0.3163    
   35.00      0.2889    
   36.00      0.2608    
   37.00      0.2340    
   38.00      0.2104    
   39.00      0.1911    
   40.00      0.1770    
   41.00      0.1682    
   42.00      0.1644    
   43.00      0.1646    
   44.00      0.1677    
   45.00      0.1721    
   46.00      0.1765    
   47.00      0.1796    
   48.00      0.1803    
   49.00      0.1779    
   50.00      0.1722    
   51.00      0.1633    
   52.00      0.1516    
   53.00      0.1378    
   54.00      0.1229    
   55.00      0.1077    
   56.00      0.9318E-01
   57.00      0.8011E-01
   58.00      0.6912E-01
   59.00      0.6059E-01
   60.00      0.5467E-01
   61.00      0.5129E-01
   62.00      0.5018E-01
   63.00      0.5093E-01
   64.00      0.5301E-01
   65.00      0.5587E-01
   66.00      0.5895E-01
   67.00      0.6177E-01
   68.00      0.6392E-01
   69.00      0.6510E-01
   70.00      0.6515E-01
   71.00      0.6402E-01
   72.00      0.6176E-01
   73.00      0.5853E-01
   74.00      0.5453E-01
   75.00      0.5000E-01
   76.00      0.4522E-01
   77.00      0.4042E-01
   78.00      0.3583E-01
   79.00      0.3163E-01
   80.00      0.2793E-01
 END
@legend string   1 "Partition=  2 Excit=  1 near/far= 1"
#legend string   0 "Lab energy =   21.0000"
@s1 linestyle   2
#  Theta       sigma       iT11        T20         T21         T22         Kyy for projectile
   0.000       40.80    
   1.000       40.88    
   2.000       41.13    
   3.000       41.52    
   4.000       42.03    
   5.000       42.64    
   6.000       43.28    
   7.000       43.90    
   8.000       44.43    
   9.000       44.78    
   10.00       44.88    
   11.00       44.67    
   12.00       44.09    
   13.00       43.10    
   14.00       41.71    
   15.00       39.91    
   16.00       37.76    
   17.00       35.30    
   18.00       32.61    
   19.00       29.76    
   20.00       26.86    
   21.00       23.98    
   22.00       21.22    
   23.00       18.64    
   24.00       16.30    
   25.00       14.23    
   26.00       12.47    
   27.00       11.00    
   28.00       9.819    
   29.00       8.891    
   30.00       8.181    
   31.00       7.643    
   32.00       7.235    
   33.00       6.913    
   34.00       6.638    
   35.00       6.381    
   36.00       6.116    
   37.00       5.828    
   38.00       5.508    
   39.00       5.156    
   40.00       4.774    
   41.00       4.372    
   42.00       3.962    
   43.00       3.555    
   44.00       3.164    
   45.00       2.801    
   46.00       2.474    
   47.00       2.191    
   48.00       1.954    
   49.00       1.764    
   50.00       1.619    
   51.00       1.515    
   52.00       1.447    
   53.00       1.405    
   54.00       1.385    
   55.00       1.377    
   56.00       1.374    
   57.00       1.371    
   58.00       1.363    
   59.00       1.345    
   60.00       1.316    
   61.00       1.275    
   62.00       1.221    
   63.00       1.156    
   64.00       1.082    
   65.00       1.001    
   66.00      0.9165    
   67.00      0.8304    
   68.00      0.7459    
   69.00      0.6655    
   70.00      0.5912    
   71.00      0.5246    
   72.00      0.4668    
   73.00      0.4182    
   74.00      0.3788    
   75.00      0.3480    
   76.00      0.3252    
   77.00      0.3091    
   78.00      0.2987    
   79.00      0.2926    
   80.00      0.2897    
 END
