#  81 angles,  1 tensor ranks for 0=projectile
@subtitle   "39K(3He,d)40Ca 21 MeV DWBA ZR 9605 keV Jpi=1- l=1 n=2 j=1/2"                   
@legend ON
@legend x1 0.2
@legend y1 0.8
@g0 type LOGY
@yaxis ticklabel format power
@xaxis label "Scattering angle (degrees)"
@yaxis label "Cross section (mb/sr)"
@legend string   0 "Partition=  1 Excit=  1 near/far= 1"
#legend string   0 "Lab energy =   21.0000"
@s0 linestyle   1
#  Theta       sigma       iT11        T20         T21         T22         Kyy for projectile
  0.1000E-01   1.000    
   1.000      0.9997    
   2.000       1.001    
   3.000      0.9801    
   4.000      0.9937    
   5.000       1.036    
   6.000       1.069    
   7.000       1.070    
   8.000       1.043    
   9.000       1.001    
   10.00      0.9589    
   11.00      0.9259    
   12.00      0.9030    
   13.00      0.8865    
   14.00      0.8704    
   15.00      0.8486    
   16.00      0.8173    
   17.00      0.7752    
   18.00      0.7238    
   19.00      0.6664    
   20.00      0.6075    
   21.00      0.5518    
   22.00      0.5029    
   23.00      0.4636    
   24.00      0.4347    
   25.00      0.4158    
   26.00      0.4051    
   27.00      0.3999    
   28.00      0.3972    
   29.00      0.3941    
   30.00      0.3882    
   31.00      0.3777    
   32.00      0.3620    
   33.00      0.3412    
   34.00      0.3163    
   35.00      0.2889    
   36.00      0.2608    
   37.00      0.2340    
   38.00      0.2104    
   39.00      0.1911    
   40.00      0.1770    
   41.00      0.1682    
   42.00      0.1644    
   43.00      0.1646    
   44.00      0.1677    
   45.00      0.1721    
   46.00      0.1765    
   47.00      0.1796    
   48.00      0.1803    
   49.00      0.1779    
   50.00      0.1722    
   51.00      0.1633    
   52.00      0.1516    
   53.00      0.1378    
   54.00      0.1229    
   55.00      0.1077    
   56.00      0.9318E-01
   57.00      0.8011E-01
   58.00      0.6912E-01
   59.00      0.6059E-01
   60.00      0.5467E-01
   61.00      0.5129E-01
   62.00      0.5018E-01
   63.00      0.5093E-01
   64.00      0.5301E-01
   65.00      0.5587E-01
   66.00      0.5895E-01
   67.00      0.6177E-01
   68.00      0.6392E-01
   69.00      0.6510E-01
   70.00      0.6515E-01
   71.00      0.6402E-01
   72.00      0.6176E-01
   73.00      0.5853E-01
   74.00      0.5453E-01
   75.00      0.5000E-01
   76.00      0.4522E-01
   77.00      0.4042E-01
   78.00      0.3583E-01
   79.00      0.3163E-01
   80.00      0.2793E-01
 END
@legend string   1 "Partition=  2 Excit=  1 near/far= 1"
#legend string   0 "Lab energy =   21.0000"
@s1 linestyle   2
#  Theta       sigma       iT11        T20         T21         T22         Kyy for projectile
   0.000       8.907    
   1.000       8.876    
   2.000       8.781    
   3.000       8.622    
   4.000       8.397    
   5.000       8.106    
   6.000       7.748    
   7.000       7.329    
   8.000       6.854    
   9.000       6.334    
   10.00       5.782    
   11.00       5.215    
   12.00       4.650    
   13.00       4.106    
   14.00       3.599    
   15.00       3.144    
   16.00       2.754    
   17.00       2.434    
   18.00       2.189    
   19.00       2.016    
   20.00       1.909    
   21.00       1.861    
   22.00       1.858    
   23.00       1.887    
   24.00       1.935    
   25.00       1.988    
   26.00       2.035    
   27.00       2.065    
   28.00       2.073    
   29.00       2.055    
   30.00       2.008    
   31.00       1.933    
   32.00       1.834    
   33.00       1.715    
   34.00       1.580    
   35.00       1.437    
   36.00       1.289    
   37.00       1.142    
   38.00       1.000    
   39.00      0.8675    
   40.00      0.7461    
   41.00      0.6378    
   42.00      0.5433    
   43.00      0.4625    
   44.00      0.3949    
   45.00      0.3395    
   46.00      0.2949    
   47.00      0.2597    
   48.00      0.2325    
   49.00      0.2119    
   50.00      0.1969    
   51.00      0.1863    
   52.00      0.1794    
   53.00      0.1755    
   54.00      0.1741    
   55.00      0.1749    
   56.00      0.1774    
   57.00      0.1816    
   58.00      0.1870    
   59.00      0.1935    
   60.00      0.2008    
   61.00      0.2086    
   62.00      0.2165    
   63.00      0.2241    
   64.00      0.2311    
   65.00      0.2371    
   66.00      0.2416    
   67.00      0.2445    
   68.00      0.2454    
   69.00      0.2442    
   70.00      0.2407    
   71.00      0.2349    
   72.00      0.2269    
   73.00      0.2169    
   74.00      0.2050    
   75.00      0.1915    
   76.00      0.1767    
   77.00      0.1611    
   78.00      0.1450    
   79.00      0.1288    
   80.00      0.1129    
 END
