     0.0   1.497      1
     0.0   2.997     -1
     1.0   13.47      1
     1.0   26.97     -1
     2.0   29.93      1
     2.0   59.93     -1
     3.0   41.92      1
     3.0   83.88     -1
     4.0   53.74      1
     4.0   107.7     -1
     5.0   65.67      1
     5.0   131.2     -1
     6.0   76.00      1
     6.0   153.0     -1
     7.0   86.04      1
     7.0   169.4     -1
     8.0   84.68      1
     8.0   173.1     -1
     9.0   80.44      1
     9.0   158.9     -1
    10.0   64.20      1
    10.0   128.5     -1
    11.0   43.57      1
    11.0   90.29     -1
    12.0   30.08      1
    12.0   55.59     -1
    13.0   14.13      1
    13.0   31.41     -1
    14.0   9.493      1
    14.0   17.21     -1
    15.0   4.179      1
    15.0   9.331     -1
    16.0   2.779      1
    16.0   5.031     -1
    17.0   1.207      1
    17.0   2.698     -1
    18.0  0.7967      1
    18.0   1.440     -1
    19.0  0.3420      1
    19.0  0.7656     -1
    20.0  0.2243      1
    20.0  0.4052     -1
    21.0  0.9536E-01  1
    21.0  0.2137     -1
    22.0  0.6222E-01  1
    22.0  0.1123     -1
    23.0  0.2624E-01  1
    23.0  0.5886E-01 -1
    24.0  0.1704E-01  1
    24.0  0.3075E-01 -1
    25.0  0.7144E-02  1
    25.0  0.1603E-01 -1
    26.0  0.4620E-02  1
    26.0  0.8333E-02 -1
    27.0  0.1927E-02  1
    27.0  0.4323E-02 -1
    28.0  0.1241E-02  1
    28.0  0.2238E-02 -1
    29.0  0.5153E-03  1
    29.0  0.1156E-02 -1
    30.0  0.3306E-03  1
    30.0  0.5964E-03 -1
