#  81 angles,  1 tensor ranks for 0=projectile
@subtitle   "39K(3He,d)40Ca 21 MeV DWBA ZR 9227.43 keV Jpi=1- l=1 n=3 j=3/2"                
@legend ON
@legend x1 0.2
@legend y1 0.8
@g0 type LOGY
@yaxis ticklabel format power
@legend string   0 "Lab energy =   21.0000"
#legend string   0 "Partition=  2 Excit=  1 near/far= 1"
#  Theta       sigma       iT11        T20         T21         T22         Kyy for projectile
   0.000       17.66    
   1.000       17.62    
   2.000       17.49    
   3.000       17.28    
   4.000       16.96    
   5.000       16.52    
   6.000       15.97    
   7.000       15.28    
   8.000       14.47    
   9.000       13.54    
   10.00       12.52    
   11.00       11.43    
   12.00       10.29    
   13.00       9.161    
   14.00       8.064    
   15.00       7.038    
   16.00       6.112    
   17.00       5.308    
   18.00       4.639    
   19.00       4.109    
   20.00       3.712    
   21.00       3.435    
   22.00       3.258    
   23.00       3.159    
   24.00       3.111    
   25.00       3.090    
   26.00       3.075    
   27.00       3.047    
   28.00       2.994    
   29.00       2.907    
   30.00       2.783    
   31.00       2.625    
   32.00       2.437    
   33.00       2.228    
   34.00       2.005    
   35.00       1.780    
   36.00       1.562    
   37.00       1.359    
   38.00       1.178    
   39.00       1.022    
   40.00      0.8958    
   41.00      0.7986    
   42.00      0.7295    
   43.00      0.6859    
   44.00      0.6639    
   45.00      0.6591    
   46.00      0.6668    
   47.00      0.6822    
   48.00      0.7011    
   49.00      0.7196    
   50.00      0.7346    
   51.00      0.7437    
   52.00      0.7455    
   53.00      0.7390    
   54.00      0.7242    
   55.00      0.7013    
   56.00      0.6713    
   57.00      0.6354    
   58.00      0.5948    
   59.00      0.5511    
   60.00      0.5057    
   61.00      0.4599    
   62.00      0.4149    
   63.00      0.3718    
   64.00      0.3313    
   65.00      0.2941    
   66.00      0.2605    
   67.00      0.2308    
   68.00      0.2050    
   69.00      0.1831    
   70.00      0.1648    
   71.00      0.1499    
   72.00      0.1380    
   73.00      0.1288    
   74.00      0.1219    
   75.00      0.1170    
   76.00      0.1136    
   77.00      0.1115    
   78.00      0.1103    
   79.00      0.1098    
   80.00      0.1096    
 END
