     0.0   1.503      1
     0.0   3.005     -1
     1.0   13.49      1
     1.0   27.00     -1
     2.0   29.98      1
     2.0   59.99     -1
     3.0   41.97      1
     3.0   83.98     -1
     4.0   53.91      1
     4.0   107.9     -1
     5.0   65.82      1
     5.0   131.5     -1
     6.0   76.24      1
     6.0   153.3     -1
     7.0   86.19      1
     7.0   169.7     -1
     8.0   84.79      1
     8.0   173.3     -1
     9.0   80.45      1
     9.0   158.8     -1
    10.0   64.04      1
    10.0   128.4     -1
    11.0   42.95      1
    11.0   90.02     -1
    12.0   30.49      1
    12.0   55.59     -1
    13.0   13.95      1
    13.0   31.47     -1
    14.0   9.611      1
    14.0   17.25     -1
    15.0   4.151      1
    15.0   9.357     -1
    16.0   2.804      1
    16.0   5.045     -1
    17.0   1.203      1
    17.0   2.706     -1
    18.0  0.8018      1
    18.0   1.444     -1
    19.0  0.3414      1
    19.0  0.7673     -1
    20.0  0.2254      1
    20.0  0.4061     -1
    21.0  0.9529E-01  1
    21.0  0.2141     -1
    22.0  0.6244E-01  1
    22.0  0.1125     -1
    23.0  0.2624E-01  1
    23.0  0.5895E-01 -1
    24.0  0.1709E-01  1
    24.0  0.3080E-01 -1
    25.0  0.7145E-02  1
    25.0  0.1605E-01 -1
    26.0  0.4629E-02  1
    26.0  0.8344E-02 -1
    27.0  0.1927E-02  1
    27.0  0.4328E-02 -1
    28.0  0.1243E-02  1
    28.0  0.2241E-02 -1
    29.0  0.5156E-03  1
    29.0  0.1156E-02 -1
    30.0  0.3295E-03  1
    30.0  0.5951E-03 -1
