#  81 angles,  1 tensor ranks for 0=projectile
@subtitle   "39K(3He,d)40Ca 21 MeV DWBA ZR 9226.69 keV Jpi=2+ l=2 n=1 j=3/2"                
@legend ON
@legend x1 0.2
@legend y1 0.8
@g0 type LOGY
@yaxis ticklabel format power
@legend string   0 "Lab energy =   21.0000"
#legend string   0 "Partition=  2 Excit=  1 near/far= 1"
#  Theta       sigma       iT11        T20         T21         T22         Kyy for projectile
   0.000       5.934    
   1.000       5.943    
   2.000       5.969    
   3.000       6.009    
   4.000       6.057    
   5.000       6.108    
   6.000       6.154    
   7.000       6.187    
   8.000       6.200    
   9.000       6.183    
   10.00       6.131    
   11.00       6.037    
   12.00       5.897    
   13.00       5.708    
   14.00       5.472    
   15.00       5.191    
   16.00       4.872    
   17.00       4.521    
   18.00       4.149    
   19.00       3.766    
   20.00       3.385    
   21.00       3.015    
   22.00       2.666    
   23.00       2.345    
   24.00       2.060    
   25.00       1.812    
   26.00       1.603    
   27.00       1.433    
   28.00       1.299    
   29.00       1.197    
   30.00       1.122    
   31.00       1.069    
   32.00       1.031    
   33.00       1.003    
   34.00      0.9796    
   35.00      0.9570    
   36.00      0.9318    
   37.00      0.9017    
   38.00      0.8656    
   39.00      0.8232    
   40.00      0.7750    
   41.00      0.7220    
   42.00      0.6658    
   43.00      0.6082    
   44.00      0.5507    
   45.00      0.4953    
   46.00      0.4432    
   47.00      0.3958    
   48.00      0.3537    
   49.00      0.3175    
   50.00      0.2873    
   51.00      0.2628    
   52.00      0.2434    
   53.00      0.2286    
   54.00      0.2173    
   55.00      0.2089    
   56.00      0.2023    
   57.00      0.1968    
   58.00      0.1917    
   59.00      0.1864    
   60.00      0.1804    
   61.00      0.1736    
   62.00      0.1656    
   63.00      0.1567    
   64.00      0.1468    
   65.00      0.1361    
   66.00      0.1251    
   67.00      0.1138    
   68.00      0.1027    
   69.00      0.9199E-01
   70.00      0.8196E-01
   71.00      0.7278E-01
   72.00      0.6460E-01
   73.00      0.5751E-01
   74.00      0.5153E-01
   75.00      0.4663E-01
   76.00      0.4274E-01
   77.00      0.3978E-01
   78.00      0.3759E-01
   79.00      0.3604E-01
   80.00      0.3498E-01
 END
