#  81 angles,  1 tensor ranks for 0=projectile
@subtitle   "39K(3He,d)40Ca 21 MeV DWBA ZR 8359 keV Jpi=2- l=1 n=3 j=1/2"                   
@legend ON
@legend x1 0.2
@legend y1 0.8
@g0 type LOGY
@yaxis ticklabel format power
@legend string   0 "Lab energy =   21.0000"
#legend string   0 "Partition=  2 Excit=  1 near/far= 1"
#  Theta       sigma       iT11        T20         T21         T22         Kyy for projectile
   0.000       49.07    
   1.000       48.98    
   2.000       48.71    
   3.000       48.21    
   4.000       47.44    
   5.000       46.32    
   6.000       44.80    
   7.000       42.86    
   8.000       40.50    
   9.000       37.74    
   10.00       34.64    
   11.00       31.29    
   12.00       27.80    
   13.00       24.30    
   14.00       20.90    
   15.00       17.73    
   16.00       14.88    
   17.00       12.43    
   18.00       10.43    
   19.00       8.890    
   20.00       7.794    
   21.00       7.096    
   22.00       6.728    
   23.00       6.610    
   24.00       6.655    
   25.00       6.784    
   26.00       6.925    
   27.00       7.021    
   28.00       7.034    
   29.00       6.939    
   30.00       6.730    
   31.00       6.410    
   32.00       5.998    
   33.00       5.514    
   34.00       4.987    
   35.00       4.443    
   36.00       3.910    
   37.00       3.408    
   38.00       2.956    
   39.00       2.565    
   40.00       2.239    
   41.00       1.980    
   42.00       1.782    
   43.00       1.638    
   44.00       1.539    
   45.00       1.474    
   46.00       1.432    
   47.00       1.404    
   48.00       1.382    
   49.00       1.359    
   50.00       1.331    
   51.00       1.294    
   52.00       1.248    
   53.00       1.194    
   54.00       1.132    
   55.00       1.066    
   56.00      0.9981    
   57.00      0.9307    
   58.00      0.8665    
   59.00      0.8074    
   60.00      0.7550    
   61.00      0.7098    
   62.00      0.6722    
   63.00      0.6415    
   64.00      0.6169    
   65.00      0.5971    
   66.00      0.5808    
   67.00      0.5664    
   68.00      0.5525    
   69.00      0.5379    
   70.00      0.5213    
   71.00      0.5022    
   72.00      0.4800    
   73.00      0.4545    
   74.00      0.4258    
   75.00      0.3945    
   76.00      0.3611    
   77.00      0.3264    
   78.00      0.2914    
   79.00      0.2569    
   80.00      0.2240    
 END
