#  81 angles,  1 tensor ranks for 0=projectile
@subtitle   "39K(3He,d)40Ca 21 MeV DWBA ZR 9432 keV Jpi=4- l=5 n=1 j=9/2"                   
@legend ON
@legend x1 0.2
@legend y1 0.8
@g0 type LOGY
@yaxis ticklabel format power
@legend string   0 "Lab energy =   21.0000"
#legend string   0 "Partition=  2 Excit=  1 near/far= 1"
#  Theta       sigma       iT11        T20         T21         T22         Kyy for projectile
   0.000      0.6600    
   1.000      0.6588    
   2.000      0.6554    
   3.000      0.6497    
   4.000      0.6422    
   5.000      0.6330    
   6.000      0.6226    
   7.000      0.6113    
   8.000      0.5998    
   9.000      0.5885    
   10.00      0.5780    
   11.00      0.5689    
   12.00      0.5616    
   13.00      0.5566    
   14.00      0.5543    
   15.00      0.5549    
   16.00      0.5586    
   17.00      0.5651    
   18.00      0.5745    
   19.00      0.5864    
   20.00      0.6003    
   21.00      0.6157    
   22.00      0.6321    
   23.00      0.6488    
   24.00      0.6652    
   25.00      0.6805    
   26.00      0.6942    
   27.00      0.7057    
   28.00      0.7143    
   29.00      0.7197    
   30.00      0.7215    
   31.00      0.7193    
   32.00      0.7130    
   33.00      0.7024    
   34.00      0.6876    
   35.00      0.6686    
   36.00      0.6457    
   37.00      0.6193    
   38.00      0.5897    
   39.00      0.5576    
   40.00      0.5234    
   41.00      0.4880    
   42.00      0.4520    
   43.00      0.4160    
   44.00      0.3808    
   45.00      0.3469    
   46.00      0.3148    
   47.00      0.2850    
   48.00      0.2578    
   49.00      0.2334    
   50.00      0.2119    
   51.00      0.1934    
   52.00      0.1776    
   53.00      0.1646    
   54.00      0.1540    
   55.00      0.1456    
   56.00      0.1391    
   57.00      0.1343    
   58.00      0.1308    
   59.00      0.1282    
   60.00      0.1264    
   61.00      0.1250    
   62.00      0.1238    
   63.00      0.1226    
   64.00      0.1212    
   65.00      0.1195    
   66.00      0.1174    
   67.00      0.1149    
   68.00      0.1119    
   69.00      0.1085    
   70.00      0.1047    
   71.00      0.1005    
   72.00      0.9601E-01
   73.00      0.9135E-01
   74.00      0.8658E-01
   75.00      0.8180E-01
   76.00      0.7707E-01
   77.00      0.7248E-01
   78.00      0.6809E-01
   79.00      0.6395E-01
   80.00      0.6011E-01
 END
