     0.0   1.503      1
     0.0   3.006     -1
     1.0   13.53      1
     1.0   27.06     -1
     2.0   30.06      1
     2.0   60.11     -1
     3.0   42.07      1
     3.0   84.12     -1
     4.0   53.99      1
     4.0   108.0     -1
     5.0   65.93      1
     5.0   131.6     -1
     6.0   76.36      1
     6.0   153.5     -1
     7.0   86.48      1
     7.0   170.2     -1
     8.0   85.31      1
     8.0   174.2     -1
     9.0   81.32      1
     9.0   160.6     -1
    10.0   65.21      1
    10.0   130.6     -1
    11.0   44.30      1
    11.0   92.10     -1
    12.0   30.80      1
    12.0   56.70     -1
    13.0   14.31      1
    13.0   31.96     -1
    14.0   9.666      1
    14.0   17.46     -1
    15.0   4.216      1
    15.0   9.445     -1
    16.0   2.814      1
    16.0   5.082     -1
    17.0   1.214      1
    17.0   2.721     -1
    18.0  0.8035      1
    18.0   1.451     -1
    19.0  0.3434      1
    19.0  0.7700     -1
    20.0  0.2257      1
    20.0  0.4072     -1
    21.0  0.9564E-01  1
    21.0  0.2146     -1
    22.0  0.6248E-01  1
    22.0  0.1127     -1
    23.0  0.2629E-01  1
    23.0  0.5901E-01 -1
    24.0  0.1708E-01  1
    24.0  0.3081E-01 -1
    25.0  0.7144E-02  1
    25.0  0.1604E-01 -1
    26.0  0.4616E-02  1
    26.0  0.8323E-02 -1
    27.0  0.1911E-02  1
    27.0  0.4294E-02 -1
    28.0  0.1217E-02  1
    28.0  0.2189E-02 -1
    29.0  0.4811E-03  1
    29.0  0.1091E-02 -1
    30.0  0.2970E-03  1
    30.0  0.5260E-03 -1
