#  81 angles,  1 tensor ranks for 0=projectile
@subtitle   "39K(3He,d)40Ca 21 MeV DWBA ZR 9226.69 keV Jpi=3- l=3 n=1 j=5/2"                
@legend ON
@legend x1 0.2
@legend y1 0.8
@g0 type LOGY
@yaxis ticklabel format power
@xaxis label "Scattering angle (degrees)"
@yaxis label "Cross section (mb/sr)"
@legend string   0 "Partition=  1 Excit=  1 near/far= 1"
#legend string   0 "Lab energy =   21.0000"
@s0 linestyle   1
#  Theta       sigma       iT11        T20         T21         T22         Kyy for projectile
  0.1000E-01   1.000    
   1.000      0.9997    
   2.000       1.001    
   3.000      0.9801    
   4.000      0.9937    
   5.000       1.036    
   6.000       1.069    
   7.000       1.070    
   8.000       1.043    
   9.000       1.001    
   10.00      0.9589    
   11.00      0.9259    
   12.00      0.9030    
   13.00      0.8865    
   14.00      0.8704    
   15.00      0.8486    
   16.00      0.8173    
   17.00      0.7752    
   18.00      0.7238    
   19.00      0.6664    
   20.00      0.6075    
   21.00      0.5518    
   22.00      0.5029    
   23.00      0.4636    
   24.00      0.4347    
   25.00      0.4158    
   26.00      0.4051    
   27.00      0.3999    
   28.00      0.3972    
   29.00      0.3941    
   30.00      0.3882    
   31.00      0.3777    
   32.00      0.3620    
   33.00      0.3412    
   34.00      0.3163    
   35.00      0.2889    
   36.00      0.2608    
   37.00      0.2340    
   38.00      0.2104    
   39.00      0.1911    
   40.00      0.1770    
   41.00      0.1682    
   42.00      0.1644    
   43.00      0.1646    
   44.00      0.1677    
   45.00      0.1721    
   46.00      0.1765    
   47.00      0.1796    
   48.00      0.1803    
   49.00      0.1779    
   50.00      0.1722    
   51.00      0.1633    
   52.00      0.1516    
   53.00      0.1378    
   54.00      0.1229    
   55.00      0.1077    
   56.00      0.9318E-01
   57.00      0.8011E-01
   58.00      0.6912E-01
   59.00      0.6059E-01
   60.00      0.5467E-01
   61.00      0.5129E-01
   62.00      0.5018E-01
   63.00      0.5093E-01
   64.00      0.5301E-01
   65.00      0.5587E-01
   66.00      0.5895E-01
   67.00      0.6177E-01
   68.00      0.6392E-01
   69.00      0.6510E-01
   70.00      0.6515E-01
   71.00      0.6402E-01
   72.00      0.6176E-01
   73.00      0.5853E-01
   74.00      0.5453E-01
   75.00      0.5000E-01
   76.00      0.4522E-01
   77.00      0.4042E-01
   78.00      0.3583E-01
   79.00      0.3163E-01
   80.00      0.2793E-01
 END
@legend string   1 "Partition=  2 Excit=  1 near/far= 1"
#legend string   0 "Lab energy =   21.0000"
@s1 linestyle   2
#  Theta       sigma       iT11        T20         T21         T22         Kyy for projectile
   0.000       4.225    
   1.000       4.233    
   2.000       4.256    
   3.000       4.294    
   4.000       4.345    
   5.000       4.407    
   6.000       4.477    
   7.000       4.552    
   8.000       4.627    
   9.000       4.700    
   10.00       4.764    
   11.00       4.817    
   12.00       4.853    
   13.00       4.869    
   14.00       4.861    
   15.00       4.826    
   16.00       4.761    
   17.00       4.666    
   18.00       4.540    
   19.00       4.383    
   20.00       4.197    
   21.00       3.985    
   22.00       3.751    
   23.00       3.500    
   24.00       3.237    
   25.00       2.967    
   26.00       2.697    
   27.00       2.431    
   28.00       2.176    
   29.00       1.935    
   30.00       1.714    
   31.00       1.514    
   32.00       1.338    
   33.00       1.187    
   34.00       1.062    
   35.00      0.9608    
   36.00      0.8818    
   37.00      0.8225    
   38.00      0.7798    
   39.00      0.7504    
   40.00      0.7311    
   41.00      0.7187    
   42.00      0.7101    
   43.00      0.7029    
   44.00      0.6950    
   45.00      0.6845    
   46.00      0.6703    
   47.00      0.6516    
   48.00      0.6281    
   49.00      0.5999    
   50.00      0.5676    
   51.00      0.5319    
   52.00      0.4938    
   53.00      0.4544    
   54.00      0.4146    
   55.00      0.3756    
   56.00      0.3380    
   57.00      0.3028    
   58.00      0.2703    
   59.00      0.2410    
   60.00      0.2150    
   61.00      0.1924    
   62.00      0.1730    
   63.00      0.1568    
   64.00      0.1435    
   65.00      0.1326    
   66.00      0.1239    
   67.00      0.1168    
   68.00      0.1112    
   69.00      0.1065    
   70.00      0.1026    
   71.00      0.9922E-01
   72.00      0.9611E-01
   73.00      0.9317E-01
   74.00      0.9032E-01
   75.00      0.8751E-01
   76.00      0.8471E-01
   77.00      0.8193E-01
   78.00      0.7919E-01
   79.00      0.7653E-01
   80.00      0.7397E-01
 END
