     0.0   1.503      1
     0.0   3.006     -1
     1.0   13.53      1
     1.0   27.05     -1
     2.0   30.05      1
     2.0   60.11     -1
     3.0   42.06      1
     3.0   84.12     -1
     4.0   54.00      1
     4.0   108.0     -1
     5.0   65.89      1
     5.0   131.6     -1
     6.0   76.34      1
     6.0   153.5     -1
     7.0   86.34      1
     7.0   170.0     -1
     8.0   85.14      1
     8.0   174.0     -1
     9.0   80.99      1
     9.0   160.0     -1
    10.0   64.81      1
    10.0   129.9     -1
    11.0   43.79      1
    11.0   91.34     -1
    12.0   30.71      1
    12.0   56.29     -1
    13.0   14.17      1
    13.0   31.78     -1
    14.0   9.650      1
    14.0   17.38     -1
    15.0   4.188      1
    15.0   9.411     -1
    16.0   2.811      1
    16.0   5.067     -1
    17.0   1.209      1
    17.0   2.715     -1
    18.0  0.8029      1
    18.0   1.448     -1
    19.0  0.3425      1
    19.0  0.7689     -1
    20.0  0.2256      1
    20.0  0.4067     -1
    21.0  0.9548E-01  1
    21.0  0.2144     -1
    22.0  0.6247E-01  1
    22.0  0.1126     -1
    23.0  0.2627E-01  1
    23.0  0.5899E-01 -1
    24.0  0.1709E-01  1
    24.0  0.3082E-01 -1
    25.0  0.7150E-02  1
    25.0  0.1606E-01 -1
    26.0  0.4630E-02  1
    26.0  0.8347E-02 -1
    27.0  0.1928E-02  1
    27.0  0.4330E-02 -1
    28.0  0.1243E-02  1
    28.0  0.2241E-02 -1
    29.0  0.5158E-03  1
    29.0  0.1158E-02 -1
    30.0  0.3313E-03  1
    30.0  0.5973E-03 -1
