#  81 angles,  1 tensor ranks for 0=projectile
@subtitle   "39K(3He,d)40Ca 21 MeV DWBA ZR 9226.69 keV Jpi=3- l=3 n=1 j=5/2"                
@legend ON
@legend x1 0.2
@legend y1 0.8
@g0 type LOGY
@yaxis ticklabel format power
@legend string   0 "Lab energy =   21.0000"
#legend string   0 "Partition=  2 Excit=  1 near/far= 1"
#  Theta       sigma       iT11        T20         T21         T22         Kyy for projectile
   0.000       4.225    
   1.000       4.233    
   2.000       4.256    
   3.000       4.294    
   4.000       4.345    
   5.000       4.407    
   6.000       4.477    
   7.000       4.552    
   8.000       4.627    
   9.000       4.700    
   10.00       4.764    
   11.00       4.817    
   12.00       4.853    
   13.00       4.869    
   14.00       4.861    
   15.00       4.826    
   16.00       4.761    
   17.00       4.666    
   18.00       4.540    
   19.00       4.383    
   20.00       4.197    
   21.00       3.985    
   22.00       3.751    
   23.00       3.500    
   24.00       3.237    
   25.00       2.967    
   26.00       2.697    
   27.00       2.431    
   28.00       2.176    
   29.00       1.935    
   30.00       1.714    
   31.00       1.514    
   32.00       1.338    
   33.00       1.187    
   34.00       1.062    
   35.00      0.9608    
   36.00      0.8818    
   37.00      0.8225    
   38.00      0.7798    
   39.00      0.7504    
   40.00      0.7311    
   41.00      0.7187    
   42.00      0.7101    
   43.00      0.7029    
   44.00      0.6950    
   45.00      0.6845    
   46.00      0.6703    
   47.00      0.6516    
   48.00      0.6281    
   49.00      0.5999    
   50.00      0.5676    
   51.00      0.5319    
   52.00      0.4938    
   53.00      0.4544    
   54.00      0.4146    
   55.00      0.3756    
   56.00      0.3380    
   57.00      0.3028    
   58.00      0.2703    
   59.00      0.2410    
   60.00      0.2150    
   61.00      0.1924    
   62.00      0.1730    
   63.00      0.1568    
   64.00      0.1435    
   65.00      0.1326    
   66.00      0.1239    
   67.00      0.1168    
   68.00      0.1112    
   69.00      0.1065    
   70.00      0.1026    
   71.00      0.9922E-01
   72.00      0.9611E-01
   73.00      0.9317E-01
   74.00      0.9032E-01
   75.00      0.8751E-01
   76.00      0.8471E-01
   77.00      0.8193E-01
   78.00      0.7919E-01
   79.00      0.7653E-01
   80.00      0.7397E-01
 END
