#  81 angles,  1 tensor ranks for 0=projectile
@subtitle   "39K(3He,d)40Ca 21 MeV DWBA ZR 9603 keV Jpi=3- l=3 n=2 j=7/2"                   
@legend ON
@legend x1 0.2
@legend y1 0.8
@g0 type LOGY
@yaxis ticklabel format power
@legend string   0 "Lab energy =   21.0000"
#legend string   0 "Partition=  2 Excit=  1 near/far= 1"
#  Theta       sigma       iT11        T20         T21         T22         Kyy for projectile
   0.000       11.50    
   1.000       11.51    
   2.000       11.54    
   3.000       11.60    
   4.000       11.67    
   5.000       11.75    
   6.000       11.84    
   7.000       11.92    
   8.000       11.99    
   9.000       12.04    
   10.00       12.05    
   11.00       12.03    
   12.00       11.96    
   13.00       11.84    
   14.00       11.66    
   15.00       11.42    
   16.00       11.12    
   17.00       10.77    
   18.00       10.35    
   19.00       9.893    
   20.00       9.385    
   21.00       8.839    
   22.00       8.264    
   23.00       7.668    
   24.00       7.062    
   25.00       6.457    
   26.00       5.865    
   27.00       5.295    
   28.00       4.756    
   29.00       4.256    
   30.00       3.801    
   31.00       3.396    
   32.00       3.041    
   33.00       2.738    
   34.00       2.485    
   35.00       2.280    
   36.00       2.117    
   37.00       1.991    
   38.00       1.896    
   39.00       1.826    
   40.00       1.773    
   41.00       1.732    
   42.00       1.696    
   43.00       1.660    
   44.00       1.622    
   45.00       1.577    
   46.00       1.525    
   47.00       1.463    
   48.00       1.392    
   49.00       1.313    
   50.00       1.227    
   51.00       1.135    
   52.00       1.040    
   53.00      0.9449    
   54.00      0.8508    
   55.00      0.7604    
   56.00      0.6755    
   57.00      0.5976    
   58.00      0.5275    
   59.00      0.4660    
   60.00      0.4133    
   61.00      0.3691    
   62.00      0.3331    
   63.00      0.3046    
   64.00      0.2828    
   65.00      0.2667    
   66.00      0.2552    
   67.00      0.2472    
   68.00      0.2417    
   69.00      0.2377    
   70.00      0.2344    
   71.00      0.2310    
   72.00      0.2270    
   73.00      0.2223    
   74.00      0.2166    
   75.00      0.2099    
   76.00      0.2023    
   77.00      0.1940    
   78.00      0.1852    
   79.00      0.1761    
   80.00      0.1669    
 END
