#  81 angles,  1 tensor ranks for 0=projectile
@subtitle   "39K(3He,d)40Ca 21 MeV DWBA ZR 9662 keV Jpi=3- l=5 n=1 j=9/2"                   
@legend ON
@legend x1 0.2
@legend y1 0.8
@g0 type LOGY
@yaxis ticklabel format power
@xaxis label "Scattering angle (degrees)"
@yaxis label "Cross section (mb/sr)"
@legend string   0 "Partition=  1 Excit=  1 near/far= 1"
#legend string   0 "Lab energy =   21.0000"
@s0 linestyle   1
#  Theta       sigma       iT11        T20         T21         T22         Kyy for projectile
  0.1000E-01   1.000    
   1.000      0.9997    
   2.000       1.001    
   3.000      0.9801    
   4.000      0.9937    
   5.000       1.036    
   6.000       1.069    
   7.000       1.070    
   8.000       1.043    
   9.000       1.001    
   10.00      0.9589    
   11.00      0.9259    
   12.00      0.9030    
   13.00      0.8865    
   14.00      0.8704    
   15.00      0.8486    
   16.00      0.8173    
   17.00      0.7752    
   18.00      0.7238    
   19.00      0.6664    
   20.00      0.6075    
   21.00      0.5518    
   22.00      0.5029    
   23.00      0.4636    
   24.00      0.4347    
   25.00      0.4158    
   26.00      0.4051    
   27.00      0.3999    
   28.00      0.3972    
   29.00      0.3941    
   30.00      0.3882    
   31.00      0.3777    
   32.00      0.3620    
   33.00      0.3412    
   34.00      0.3163    
   35.00      0.2889    
   36.00      0.2608    
   37.00      0.2340    
   38.00      0.2104    
   39.00      0.1911    
   40.00      0.1770    
   41.00      0.1682    
   42.00      0.1644    
   43.00      0.1646    
   44.00      0.1677    
   45.00      0.1721    
   46.00      0.1765    
   47.00      0.1796    
   48.00      0.1803    
   49.00      0.1779    
   50.00      0.1722    
   51.00      0.1633    
   52.00      0.1516    
   53.00      0.1378    
   54.00      0.1229    
   55.00      0.1077    
   56.00      0.9318E-01
   57.00      0.8011E-01
   58.00      0.6912E-01
   59.00      0.6059E-01
   60.00      0.5467E-01
   61.00      0.5129E-01
   62.00      0.5018E-01
   63.00      0.5093E-01
   64.00      0.5301E-01
   65.00      0.5587E-01
   66.00      0.5895E-01
   67.00      0.6177E-01
   68.00      0.6392E-01
   69.00      0.6510E-01
   70.00      0.6515E-01
   71.00      0.6402E-01
   72.00      0.6176E-01
   73.00      0.5853E-01
   74.00      0.5453E-01
   75.00      0.5000E-01
   76.00      0.4522E-01
   77.00      0.4042E-01
   78.00      0.3583E-01
   79.00      0.3163E-01
   80.00      0.2793E-01
 END
@legend string   1 "Partition=  2 Excit=  1 near/far= 1"
#legend string   0 "Lab energy =   21.0000"
@s1 linestyle   2
#  Theta       sigma       iT11        T20         T21         T22         Kyy for projectile
   0.000      0.5236    
   1.000      0.5227    
   2.000      0.5200    
   3.000      0.5157    
   4.000      0.5099    
   5.000      0.5028    
   6.000      0.4947    
   7.000      0.4859    
   8.000      0.4768    
   9.000      0.4678    
   10.00      0.4594    
   11.00      0.4519    
   12.00      0.4457    
   13.00      0.4412    
   14.00      0.4386    
   15.00      0.4382    
   16.00      0.4400    
   17.00      0.4439    
   18.00      0.4499    
   19.00      0.4577    
   20.00      0.4670    
   21.00      0.4774    
   22.00      0.4885    
   23.00      0.4998    
   24.00      0.5110    
   25.00      0.5214    
   26.00      0.5307    
   27.00      0.5385    
   28.00      0.5442    
   29.00      0.5476    
   30.00      0.5484    
   31.00      0.5462    
   32.00      0.5409    
   33.00      0.5325    
   34.00      0.5208    
   35.00      0.5060    
   36.00      0.4883    
   37.00      0.4681    
   38.00      0.4456    
   39.00      0.4213    
   40.00      0.3958    
   41.00      0.3694    
   42.00      0.3426    
   43.00      0.3160    
   44.00      0.2900    
   45.00      0.2649    
   46.00      0.2411    
   47.00      0.2189    
   48.00      0.1985    
   49.00      0.1801    
   50.00      0.1638    
   51.00      0.1496    
   52.00      0.1375    
   53.00      0.1274    
   54.00      0.1192    
   55.00      0.1126    
   56.00      0.1075    
   57.00      0.1036    
   58.00      0.1008    
   59.00      0.9864E-01
   60.00      0.9706E-01
   61.00      0.9581E-01
   62.00      0.9474E-01
   63.00      0.9368E-01
   64.00      0.9253E-01
   65.00      0.9120E-01
   66.00      0.8961E-01
   67.00      0.8773E-01
   68.00      0.8553E-01
   69.00      0.8302E-01
   70.00      0.8021E-01
   71.00      0.7713E-01
   72.00      0.7383E-01
   73.00      0.7035E-01
   74.00      0.6677E-01
   75.00      0.6314E-01
   76.00      0.5952E-01
   77.00      0.5598E-01
   78.00      0.5258E-01
   79.00      0.4935E-01
   80.00      0.4635E-01
 END
