#  81 angles,  1 tensor ranks for 0=projectile
@subtitle   "39K(3He,d)40Ca 21 MeV DWBA ZR 9662 keV Jpi=3- l=5 n=1 j=9/2"                   
@legend ON
@legend x1 0.2
@legend y1 0.8
@g0 type LOGY
@yaxis ticklabel format power
@legend string   0 "Lab energy =   21.0000"
#legend string   0 "Partition=  2 Excit=  1 near/far= 1"
#  Theta       sigma       iT11        T20         T21         T22         Kyy for projectile
   0.000      0.5236    
   1.000      0.5227    
   2.000      0.5200    
   3.000      0.5157    
   4.000      0.5099    
   5.000      0.5028    
   6.000      0.4947    
   7.000      0.4859    
   8.000      0.4768    
   9.000      0.4678    
   10.00      0.4594    
   11.00      0.4519    
   12.00      0.4457    
   13.00      0.4412    
   14.00      0.4386    
   15.00      0.4382    
   16.00      0.4400    
   17.00      0.4439    
   18.00      0.4499    
   19.00      0.4577    
   20.00      0.4670    
   21.00      0.4774    
   22.00      0.4885    
   23.00      0.4998    
   24.00      0.5110    
   25.00      0.5214    
   26.00      0.5307    
   27.00      0.5385    
   28.00      0.5442    
   29.00      0.5476    
   30.00      0.5484    
   31.00      0.5462    
   32.00      0.5409    
   33.00      0.5325    
   34.00      0.5208    
   35.00      0.5060    
   36.00      0.4883    
   37.00      0.4681    
   38.00      0.4456    
   39.00      0.4213    
   40.00      0.3958    
   41.00      0.3694    
   42.00      0.3426    
   43.00      0.3160    
   44.00      0.2900    
   45.00      0.2649    
   46.00      0.2411    
   47.00      0.2189    
   48.00      0.1985    
   49.00      0.1801    
   50.00      0.1638    
   51.00      0.1496    
   52.00      0.1375    
   53.00      0.1274    
   54.00      0.1192    
   55.00      0.1126    
   56.00      0.1075    
   57.00      0.1036    
   58.00      0.1008    
   59.00      0.9864E-01
   60.00      0.9706E-01
   61.00      0.9581E-01
   62.00      0.9474E-01
   63.00      0.9368E-01
   64.00      0.9253E-01
   65.00      0.9120E-01
   66.00      0.8961E-01
   67.00      0.8773E-01
   68.00      0.8553E-01
   69.00      0.8302E-01
   70.00      0.8021E-01
   71.00      0.7713E-01
   72.00      0.7383E-01
   73.00      0.7035E-01
   74.00      0.6677E-01
   75.00      0.6314E-01
   76.00      0.5952E-01
   77.00      0.5598E-01
   78.00      0.5258E-01
   79.00      0.4935E-01
   80.00      0.4635E-01
 END
