     0.0   1.503      1
     0.0   3.005     -1
     1.0   13.52      1
     1.0   27.05     -1
     2.0   30.04      1
     2.0   60.08     -1
     3.0   42.02      1
     3.0   84.07     -1
     4.0   53.92      1
     4.0   107.9     -1
     5.0   65.71      1
     5.0   131.3     -1
     6.0   75.98      1
     6.0   152.9     -1
     7.0   85.60      1
     7.0   168.8     -1
     8.0   84.60      1
     8.0   172.5     -1
     9.0   80.55      1
     9.0   159.1     -1
    10.0   64.86      1
    10.0   129.7     -1
    11.0   44.04      1
    11.0   91.70     -1
    12.0   30.77      1
    12.0   56.55     -1
    13.0   14.26      1
    13.0   31.90     -1
    14.0   9.662      1
    14.0   17.43     -1
    15.0   4.206      1
    15.0   9.434     -1
    16.0   2.813      1
    16.0   5.077     -1
    17.0   1.213      1
    17.0   2.719     -1
    18.0  0.8034      1
    18.0   1.450     -1
    19.0  0.3431      1
    19.0  0.7697     -1
    20.0  0.2257      1
    20.0  0.4071     -1
    21.0  0.9560E-01  1
    21.0  0.2145     -1
    22.0  0.6249E-01  1
    22.0  0.1127     -1
    23.0  0.2630E-01  1
    23.0  0.5903E-01 -1
    24.0  0.1710E-01  1
    24.0  0.3083E-01 -1
    25.0  0.7156E-02  1
    25.0  0.1607E-01 -1
    26.0  0.4632E-02  1
    26.0  0.8351E-02 -1
    27.0  0.1929E-02  1
    27.0  0.4332E-02 -1
    28.0  0.1244E-02  1
    28.0  0.2242E-02 -1
    29.0  0.5160E-03  1
    29.0  0.1158E-02 -1
    30.0  0.3312E-03  1
    30.0  0.5973E-03 -1
