     0.0   1.498      1
     0.0   3.000     -1
     1.0   13.50      1
     1.0   27.01     -1
     2.0   29.98      1
     2.0   60.02     -1
     3.0   41.98      1
     3.0   83.99     -1
     4.0   53.85      1
     4.0   107.8     -1
     5.0   65.71      1
     5.0   131.3     -1
     6.0   76.03      1
     6.0   153.0     -1
     7.0   85.86      1
     7.0   169.2     -1
     8.0   84.36      1
     8.0   172.5     -1
     9.0   80.01      1
     9.0   158.2     -1
    10.0   63.74      1
    10.0   127.8     -1
    11.0   43.48      1
    11.0   89.94     -1
    12.0   29.98      1
    12.0   55.47     -1
    13.0   14.13      1
    13.0   31.38     -1
    14.0   9.487      1
    14.0   17.20     -1
    15.0   4.180      1
    15.0   9.333     -1
    16.0   2.781      1
    16.0   5.034     -1
    17.0   1.208      1
    17.0   2.701     -1
    18.0  0.7975      1
    18.0   1.442     -1
    19.0  0.3422      1
    19.0  0.7664     -1
    20.0  0.2246      1
    20.0  0.4057     -1
    21.0  0.9544E-01  1
    21.0  0.2139     -1
    22.0  0.6230E-01  1
    22.0  0.1124     -1
    23.0  0.2626E-01  1
    23.0  0.5891E-01 -1
    24.0  0.1706E-01  1
    24.0  0.3078E-01 -1
    25.0  0.7150E-02  1
    25.0  0.1604E-01 -1
    26.0  0.4626E-02  1
    26.0  0.8342E-02 -1
    27.0  0.1928E-02  1
    27.0  0.4328E-02 -1
    28.0  0.1243E-02  1
    28.0  0.2241E-02 -1
    29.0  0.5160E-03  1
    29.0  0.1158E-02 -1
    30.0  0.3313E-03  1
    30.0  0.5975E-03 -1
