#  81 angles,  1 tensor ranks for 0=projectile
@subtitle   "39K(3He,d)40Ca 21 MeV DWBA ZR 8851 keV Jpi=2- l=1 n=3 j=3/2"                   
@legend ON
@legend x1 0.2
@legend y1 0.8
@g0 type LOGY
@yaxis ticklabel format power
@legend string   0 "Lab energy =   21.0000"
#legend string   0 "Partition=  2 Excit=  1 near/far= 1"
#  Theta       sigma       iT11        T20         T21         T22         Kyy for projectile
   0.000       35.22    
   1.000       35.15    
   2.000       34.94    
   3.000       34.57    
   4.000       34.01    
   5.000       33.24    
   6.000       32.23    
   7.000       30.96    
   8.000       29.43    
   9.000       27.63    
   10.00       25.62    
   11.00       23.42    
   12.00       21.12    
   13.00       18.78    
   14.00       16.49    
   15.00       14.33    
   16.00       12.37    
   17.00       10.66    
   18.00       9.239    
   19.00       8.118    
   20.00       7.284    
   21.00       6.708    
   22.00       6.348    
   23.00       6.152    
   24.00       6.066    
   25.00       6.038    
   26.00       6.022    
   27.00       5.978    
   28.00       5.880    
   29.00       5.711    
   30.00       5.465    
   31.00       5.145    
   32.00       4.764    
   33.00       4.336    
   34.00       3.883    
   35.00       3.426    
   36.00       2.984    
   37.00       2.575    
   38.00       2.213    
   39.00       1.905    
   40.00       1.658    
   41.00       1.472    
   42.00       1.342    
   43.00       1.264    
   44.00       1.228    
   45.00       1.226    
   46.00       1.248    
   47.00       1.283    
   48.00       1.324    
   49.00       1.361    
   50.00       1.390    
   51.00       1.406    
   52.00       1.406    
   53.00       1.388    
   54.00       1.354    
   55.00       1.305    
   56.00       1.242    
   57.00       1.168    
   58.00       1.087    
   59.00       1.001    
   60.00      0.9122    
   61.00      0.8245    
   62.00      0.7396    
   63.00      0.6595    
   64.00      0.5855    
   65.00      0.5185    
   66.00      0.4591    
   67.00      0.4074    
   68.00      0.3634    
   69.00      0.3264    
   70.00      0.2961    
   71.00      0.2718    
   72.00      0.2526    
   73.00      0.2379    
   74.00      0.2270    
   75.00      0.2192    
   76.00      0.2137    
   77.00      0.2100    
   78.00      0.2076    
   79.00      0.2060    
   80.00      0.2048    
 END
