#  81 angles,  1 tensor ranks for 0=projectile
@subtitle   "39K(3He,d)40Ca 21 MeV DWBA ZR 8851 keV Jpi=7- l=5 n=1 j=11/2"                  
@legend ON
@legend x1 0.2
@legend y1 0.8
@g0 type LOGY
@yaxis ticklabel format power
@legend string   0 "Lab energy =   21.0000"
#legend string   0 "Partition=  2 Excit=  1 near/far= 1"
#  Theta       sigma       iT11        T20         T21         T22         Kyy for projectile
   0.000      0.7486    
   1.000      0.7485    
   2.000      0.7485    
   3.000      0.7485    
   4.000      0.7489    
   5.000      0.7498    
   6.000      0.7517    
   7.000      0.7549    
   8.000      0.7599    
   9.000      0.7670    
   10.00      0.7767    
   11.00      0.7891    
   12.00      0.8047    
   13.00      0.8233    
   14.00      0.8451    
   15.00      0.8698    
   16.00      0.8973    
   17.00      0.9270    
   18.00      0.9586    
   19.00      0.9916    
   20.00       1.025    
   21.00       1.059    
   22.00       1.092    
   23.00       1.125    
   24.00       1.155    
   25.00       1.182    
   26.00       1.206    
   27.00       1.225    
   28.00       1.239    
   29.00       1.247    
   30.00       1.249    
   31.00       1.244    
   32.00       1.231    
   33.00       1.211    
   34.00       1.183    
   35.00       1.149    
   36.00       1.108    
   37.00       1.060    
   38.00       1.008    
   39.00      0.9519    
   40.00      0.8925    
   41.00      0.8311    
   42.00      0.7689    
   43.00      0.7071    
   44.00      0.6465    
   45.00      0.5882    
   46.00      0.5330    
   47.00      0.4816    
   48.00      0.4346    
   49.00      0.3922    
   50.00      0.3548    
   51.00      0.3224    
   52.00      0.2950    
   53.00      0.2723    
   54.00      0.2539    
   55.00      0.2395    
   56.00      0.2285    
   57.00      0.2204    
   58.00      0.2146    
   59.00      0.2106    
   60.00      0.2077    
   61.00      0.2057    
   62.00      0.2040    
   63.00      0.2023    
   64.00      0.2003    
   65.00      0.1978    
   66.00      0.1948    
   67.00      0.1911    
   68.00      0.1866    
   69.00      0.1815    
   70.00      0.1758    
   71.00      0.1695    
   72.00      0.1628    
   73.00      0.1559    
   74.00      0.1488    
   75.00      0.1418    
   76.00      0.1348    
   77.00      0.1281    
   78.00      0.1216    
   79.00      0.1155    
   80.00      0.1098    
 END
