     0.0   1.503      1
     0.0   3.005     -1
     1.0   13.53      1
     1.0   27.06     -1
     2.0   30.07      1
     2.0   60.12     -1
     3.0   42.09      1
     3.0   84.15     -1
     4.0   54.03      1
     4.0   108.1     -1
     5.0   65.92      1
     5.0   131.6     -1
     6.0   76.39      1
     6.0   153.5     -1
     7.0   86.42      1
     7.0   170.1     -1
     8.0   85.29      1
     8.0   174.2     -1
     9.0   81.24      1
     9.0   160.5     -1
    10.0   65.16      1
    10.0   130.4     -1
    11.0   44.12      1
    11.0   91.90     -1
    12.0   30.71      1
    12.0   56.42     -1
    13.0   14.19      1
    13.0   31.76     -1
    14.0   9.601      1
    14.0   17.33     -1
    15.0   4.186      1
    15.0   9.382     -1
    16.0   2.798      1
    16.0   5.053     -1
    17.0   1.208      1
    17.0   2.709     -1
    18.0  0.8005      1
    18.0   1.445     -1
    19.0  0.3423      1
    19.0  0.7676     -1
    20.0  0.2251      1
    20.0  0.4061     -1
    21.0  0.9542E-01  1
    21.0  0.2141     -1
    22.0  0.6237E-01  1
    22.0  0.1125     -1
    23.0  0.2625E-01  1
    23.0  0.5893E-01 -1
    24.0  0.1707E-01  1
    24.0  0.3079E-01 -1
    25.0  0.7145E-02  1
    25.0  0.1604E-01 -1
    26.0  0.4625E-02  1
    26.0  0.8338E-02 -1
    27.0  0.1925E-02  1
    27.0  0.4323E-02 -1
    28.0  0.1241E-02  1
    28.0  0.2236E-02 -1
    29.0  0.5139E-03  1
    29.0  0.1154E-02 -1
    30.0  0.3288E-03  1
    30.0  0.5928E-03 -1
