     0.0   1.503      1
     0.0   3.004     -1
     1.0   13.52      1
     1.0   27.04     -1
     2.0   30.06      1
     2.0   60.11     -1
     3.0   42.08      1
     3.0   84.13     -1
     4.0   54.04      1
     4.0   108.1     -1
     5.0   65.96      1
     5.0   131.6     -1
     6.0   76.34      1
     6.0   153.4     -1
     7.0   86.30      1
     7.0   169.7     -1
     8.0   85.18      1
     8.0   173.4     -1
     9.0   80.85      1
     9.0   160.0     -1
    10.0   65.29      1
    10.0   130.4     -1
    11.0   44.23      1
    11.0   92.10     -1
    12.0   30.87      1
    12.0   56.74     -1
    13.0   14.30      1
    13.0   31.98     -1
    14.0   9.680      1
    14.0   17.47     -1
    15.0   4.213      1
    15.0   9.448     -1
    16.0   2.816      1
    16.0   5.083     -1
    17.0   1.214      1
    17.0   2.722     -1
    18.0  0.8039      1
    18.0   1.451     -1
    19.0  0.3433      1
    19.0  0.7702     -1
    20.0  0.2258      1
    20.0  0.4073     -1
    21.0  0.9563E-01  1
    21.0  0.2146     -1
    22.0  0.6251E-01  1
    22.0  0.1127     -1
    23.0  0.2630E-01  1
    23.0  0.5904E-01 -1
    24.0  0.1710E-01  1
    24.0  0.3084E-01 -1
    25.0  0.7156E-02  1
    25.0  0.1607E-01 -1
    26.0  0.4632E-02  1
    26.0  0.8351E-02 -1
    27.0  0.1929E-02  1
    27.0  0.4332E-02 -1
    28.0  0.1244E-02  1
    28.0  0.2242E-02 -1
    29.0  0.5161E-03  1
    29.0  0.1159E-02 -1
    30.0  0.3314E-03  1
    30.0  0.5976E-03 -1
