#  81 angles,  1 tensor ranks for 0=projectile
@subtitle   "39K(3He,d)40Ca 21 MeV DWBA ZR 8938 keV Jpi=0+ l=2 n=3 j=3/2"                   
@legend ON
@legend x1 0.2
@legend y1 0.8
@g0 type LOGY
@yaxis ticklabel format power
@legend string   0 "Lab energy =   21.0000"
#legend string   0 "Partition=  2 Excit=  1 near/far= 1"
#  Theta       sigma       iT11        T20         T21         T22         Kyy for projectile
   0.000       5.360    
   1.000       5.364    
   2.000       5.377    
   3.000       5.395    
   4.000       5.416    
   5.000       5.435    
   6.000       5.447    
   7.000       5.447    
   8.000       5.429    
   9.000       5.388    
   10.00       5.318    
   11.00       5.216    
   12.00       5.079    
   13.00       4.906    
   14.00       4.698    
   15.00       4.458    
   16.00       4.189    
   17.00       3.898    
   18.00       3.592    
   19.00       3.280    
   20.00       2.970    
   21.00       2.669    
   22.00       2.386    
   23.00       2.127    
   24.00       1.894    
   25.00       1.692    
   26.00       1.520    
   27.00       1.378    
   28.00       1.262    
   29.00       1.169    
   30.00       1.096    
   31.00       1.036    
   32.00      0.9868    
   33.00      0.9431    
   34.00      0.9017    
   35.00      0.8595    
   36.00      0.8148    
   37.00      0.7663    
   38.00      0.7138    
   39.00      0.6575    
   40.00      0.5986    
   41.00      0.5383    
   42.00      0.4784    
   43.00      0.4204    
   44.00      0.3662    
   45.00      0.3169    
   46.00      0.2736    
   47.00      0.2371    
   48.00      0.2077    
   49.00      0.1852    
   50.00      0.1693    
   51.00      0.1594    
   52.00      0.1544    
   53.00      0.1535    
   54.00      0.1555    
   55.00      0.1593    
   56.00      0.1639    
   57.00      0.1684    
   58.00      0.1719    
   59.00      0.1741    
   60.00      0.1743    
   61.00      0.1725    
   62.00      0.1686    
   63.00      0.1627    
   64.00      0.1550    
   65.00      0.1459    
   66.00      0.1357    
   67.00      0.1249    
   68.00      0.1137    
   69.00      0.1027    
   70.00      0.9201E-01
   71.00      0.8201E-01
   72.00      0.7288E-01
   73.00      0.6477E-01
   74.00      0.5774E-01
   75.00      0.5182E-01
   76.00      0.4695E-01
   77.00      0.4307E-01
   78.00      0.4005E-01
   79.00      0.3776E-01
   80.00      0.3604E-01
 END
