#  81 angles,  1 tensor ranks for 0=projectile
@subtitle   "39K(3He,d)40Ca 21 MeV DWBA ZR 8995 keV Jpi=2+ l=0 n=4 j=1/2"                   
@legend ON
@legend x1 0.2
@legend y1 0.8
@g0 type LOGY
@yaxis ticklabel format power
@xaxis label "Scattering angle (degrees)"
@yaxis label "Cross section (mb/sr)"
@legend string   0 "Partition=  1 Excit=  1 near/far= 1"
#legend string   0 "Lab energy =   21.0000"
@s0 linestyle   1
#  Theta       sigma       iT11        T20         T21         T22         Kyy for projectile
  0.1000E-01   1.000    
   1.000      0.9997    
   2.000       1.001    
   3.000      0.9801    
   4.000      0.9937    
   5.000       1.036    
   6.000       1.069    
   7.000       1.070    
   8.000       1.043    
   9.000       1.001    
   10.00      0.9589    
   11.00      0.9259    
   12.00      0.9030    
   13.00      0.8865    
   14.00      0.8704    
   15.00      0.8486    
   16.00      0.8173    
   17.00      0.7752    
   18.00      0.7238    
   19.00      0.6664    
   20.00      0.6075    
   21.00      0.5518    
   22.00      0.5029    
   23.00      0.4636    
   24.00      0.4347    
   25.00      0.4158    
   26.00      0.4051    
   27.00      0.3999    
   28.00      0.3972    
   29.00      0.3941    
   30.00      0.3882    
   31.00      0.3777    
   32.00      0.3620    
   33.00      0.3412    
   34.00      0.3163    
   35.00      0.2889    
   36.00      0.2608    
   37.00      0.2340    
   38.00      0.2104    
   39.00      0.1911    
   40.00      0.1770    
   41.00      0.1682    
   42.00      0.1644    
   43.00      0.1646    
   44.00      0.1677    
   45.00      0.1721    
   46.00      0.1765    
   47.00      0.1796    
   48.00      0.1803    
   49.00      0.1779    
   50.00      0.1722    
   51.00      0.1633    
   52.00      0.1516    
   53.00      0.1378    
   54.00      0.1229    
   55.00      0.1077    
   56.00      0.9318E-01
   57.00      0.8011E-01
   58.00      0.6912E-01
   59.00      0.6059E-01
   60.00      0.5467E-01
   61.00      0.5129E-01
   62.00      0.5018E-01
   63.00      0.5093E-01
   64.00      0.5301E-01
   65.00      0.5587E-01
   66.00      0.5895E-01
   67.00      0.6177E-01
   68.00      0.6392E-01
   69.00      0.6510E-01
   70.00      0.6515E-01
   71.00      0.6402E-01
   72.00      0.6176E-01
   73.00      0.5853E-01
   74.00      0.5453E-01
   75.00      0.5000E-01
   76.00      0.4522E-01
   77.00      0.4042E-01
   78.00      0.3583E-01
   79.00      0.3163E-01
   80.00      0.2793E-01
 END
@legend string   1 "Partition=  2 Excit=  1 near/far= 1"
#legend string   0 "Lab energy =   21.0000"
@s1 linestyle   2
#  Theta       sigma       iT11        T20         T21         T22         Kyy for projectile
   0.000       55.65    
   1.000       54.92    
   2.000       52.75    
   3.000       49.30    
   4.000       44.80    
   5.000       39.54    
   6.000       33.84    
   7.000       28.05    
   8.000       22.49    
   9.000       17.43    
   10.00       13.08    
   11.00       9.581    
   12.00       6.982    
   13.00       5.261    
   14.00       4.329    
   15.00       4.050    
   16.00       4.259    
   17.00       4.784    
   18.00       5.459    
   19.00       6.143    
   20.00       6.723    
   21.00       7.124    
   22.00       7.306    
   23.00       7.262    
   24.00       7.012    
   25.00       6.594    
   26.00       6.059    
   27.00       5.462    
   28.00       4.854    
   29.00       4.281    
   30.00       3.777    
   31.00       3.362    
   32.00       3.046    
   33.00       2.828    
   34.00       2.699    
   35.00       2.641    
   36.00       2.636    
   37.00       2.662    
   38.00       2.699    
   39.00       2.731    
   40.00       2.743    
   41.00       2.724    
   42.00       2.670    
   43.00       2.578    
   44.00       2.451    
   45.00       2.292    
   46.00       2.109    
   47.00       1.910    
   48.00       1.703    
   49.00       1.496    
   50.00       1.296    
   51.00       1.110    
   52.00      0.9435    
   53.00      0.7992    
   54.00      0.6795    
   55.00      0.5853    
   56.00      0.5162    
   57.00      0.4708    
   58.00      0.4470    
   59.00      0.4419    
   60.00      0.4521    
   61.00      0.4744    
   62.00      0.5051    
   63.00      0.5409    
   64.00      0.5788    
   65.00      0.6158    
   66.00      0.6496    
   67.00      0.6782    
   68.00      0.6999    
   69.00      0.7137    
   70.00      0.7189    
   71.00      0.7151    
   72.00      0.7025    
   73.00      0.6814    
   74.00      0.6525    
   75.00      0.6169    
   76.00      0.5757    
   77.00      0.5301    
   78.00      0.4814    
   79.00      0.4310    
   80.00      0.3803    
 END
