#  81 angles,  1 tensor ranks for 0=projectile
@subtitle   "39K(3He,d)40Ca 21 MeV DWBA ZR 8995 keV Jpi=2+ l=0 n=4 j=1/2"                   
@legend ON
@legend x1 0.2
@legend y1 0.8
@g0 type LOGY
@yaxis ticklabel format power
@legend string   0 "Lab energy =   21.0000"
#legend string   0 "Partition=  2 Excit=  1 near/far= 1"
#  Theta       sigma       iT11        T20         T21         T22         Kyy for projectile
   0.000       55.65    
   1.000       54.92    
   2.000       52.75    
   3.000       49.30    
   4.000       44.80    
   5.000       39.54    
   6.000       33.84    
   7.000       28.05    
   8.000       22.49    
   9.000       17.43    
   10.00       13.08    
   11.00       9.581    
   12.00       6.982    
   13.00       5.261    
   14.00       4.329    
   15.00       4.050    
   16.00       4.259    
   17.00       4.784    
   18.00       5.459    
   19.00       6.143    
   20.00       6.723    
   21.00       7.124    
   22.00       7.306    
   23.00       7.262    
   24.00       7.012    
   25.00       6.594    
   26.00       6.059    
   27.00       5.462    
   28.00       4.854    
   29.00       4.281    
   30.00       3.777    
   31.00       3.362    
   32.00       3.046    
   33.00       2.828    
   34.00       2.699    
   35.00       2.641    
   36.00       2.636    
   37.00       2.662    
   38.00       2.699    
   39.00       2.731    
   40.00       2.743    
   41.00       2.724    
   42.00       2.670    
   43.00       2.578    
   44.00       2.451    
   45.00       2.292    
   46.00       2.109    
   47.00       1.910    
   48.00       1.703    
   49.00       1.496    
   50.00       1.296    
   51.00       1.110    
   52.00      0.9435    
   53.00      0.7992    
   54.00      0.6795    
   55.00      0.5853    
   56.00      0.5162    
   57.00      0.4708    
   58.00      0.4470    
   59.00      0.4419    
   60.00      0.4521    
   61.00      0.4744    
   62.00      0.5051    
   63.00      0.5409    
   64.00      0.5788    
   65.00      0.6158    
   66.00      0.6496    
   67.00      0.6782    
   68.00      0.6999    
   69.00      0.7137    
   70.00      0.7189    
   71.00      0.7151    
   72.00      0.7025    
   73.00      0.6814    
   74.00      0.6525    
   75.00      0.6169    
   76.00      0.5757    
   77.00      0.5301    
   78.00      0.4814    
   79.00      0.4310    
   80.00      0.3803    
 END
