     0.0   1.500      1
     0.0   2.998     -1
     1.0   13.49      1
     1.0   27.00     -1
     2.0   30.02      1
     2.0   60.05     -1
     3.0   42.02      1
     3.0   84.07     -1
     4.0   53.98      1
     4.0   108.0     -1
     5.0   65.87      1
     5.0   131.5     -1
     6.0   76.26      1
     6.0   153.4     -1
     7.0   86.18      1
     7.0   169.6     -1
     8.0   84.93      1
     8.0   173.3     -1
     9.0   80.46      1
     9.0   159.4     -1
    10.0   65.16      1
    10.0   130.0     -1
    11.0   44.05      1
    11.0   91.86     -1
    12.0   30.84      1
    12.0   56.63     -1
    13.0   14.26      1
    13.0   31.93     -1
    14.0   9.675      1
    14.0   17.45     -1
    15.0   4.205      1
    15.0   9.439     -1
    16.0   2.815      1
    16.0   5.079     -1
    17.0   1.212      1
    17.0   2.720     -1
    18.0  0.8037      1
    18.0   1.450     -1
    19.0  0.3430      1
    19.0  0.7697     -1
    20.0  0.2257      1
    20.0  0.4071     -1
    21.0  0.9556E-01  1
    21.0  0.2145     -1
    22.0  0.6250E-01  1
    22.0  0.1127     -1
    23.0  0.2629E-01  1
    23.0  0.5902E-01 -1
    24.0  0.1710E-01  1
    24.0  0.3083E-01 -1
    25.0  0.7152E-02  1
    25.0  0.1606E-01 -1
    26.0  0.4631E-02  1
    26.0  0.8349E-02 -1
    27.0  0.1928E-02  1
    27.0  0.4331E-02 -1
    28.0  0.1243E-02  1
    28.0  0.2242E-02 -1
    29.0  0.5158E-03  1
    29.0  0.1158E-02 -1
    30.0  0.3313E-03  1
    30.0  0.5975E-03 -1
