#  81 angles,  1 tensor ranks for 0=projectile
@subtitle   "39K(3He,d)40Ca 21 MeV DWBA ZR 8748 keV Jpi=1- l=3 n=2 j=5/2"                   
@legend ON
@legend x1 0.2
@legend y1 0.8
@g0 type LOGY
@yaxis ticklabel format power
@legend string   0 "Lab energy =   21.0000"
#legend string   0 "Partition=  2 Excit=  1 near/far= 1"
#  Theta       sigma       iT11        T20         T21         T22         Kyy for projectile
   0.000       4.940    
   1.000       4.953    
   2.000       4.991    
   3.000       5.053    
   4.000       5.137    
   5.000       5.239    
   6.000       5.354    
   7.000       5.478    
   8.000       5.604    
   9.000       5.726    
   10.00       5.836    
   11.00       5.927    
   12.00       5.995    
   13.00       6.033    
   14.00       6.035    
   15.00       5.999    
   16.00       5.921    
   17.00       5.798    
   18.00       5.631    
   19.00       5.421    
   20.00       5.171    
   21.00       4.884    
   22.00       4.568    
   23.00       4.230    
   24.00       3.878    
   25.00       3.519    
   26.00       3.161    
   27.00       2.813    
   28.00       2.482    
   29.00       2.173    
   30.00       1.891    
   31.00       1.641    
   32.00       1.424    
   33.00       1.243    
   34.00       1.095    
   35.00      0.9798    
   36.00      0.8937    
   37.00      0.8328    
   38.00      0.7926    
   39.00      0.7686    
   40.00      0.7561    
   41.00      0.7507    
   42.00      0.7488    
   43.00      0.7470    
   44.00      0.7426    
   45.00      0.7338    
   46.00      0.7191    
   47.00      0.6979    
   48.00      0.6702    
   49.00      0.6364    
   50.00      0.5975    
   51.00      0.5546    
   52.00      0.5093    
   53.00      0.4630    
   54.00      0.4170    
   55.00      0.3726    
   56.00      0.3308    
   57.00      0.2924    
   58.00      0.2578    
   59.00      0.2276    
   60.00      0.2016    
   61.00      0.1797    
   62.00      0.1619    
   63.00      0.1475    
   64.00      0.1361    
   65.00      0.1273    
   66.00      0.1203    
   67.00      0.1148    
   68.00      0.1102    
   69.00      0.1061    
   70.00      0.1023    
   71.00      0.9859E-01
   72.00      0.9476E-01
   73.00      0.9078E-01
   74.00      0.8665E-01
   75.00      0.8241E-01
   76.00      0.7814E-01
   77.00      0.7393E-01
   78.00      0.6990E-01
   79.00      0.6616E-01
   80.00      0.6282E-01
 END
