#  81 angles,  1 tensor ranks for 0=projectile
@subtitle   "39K(3He,d)40Ca 21 MeV DWBA ZR 9227.43 keV Jpi=1- l=3 n=1 j=5/2"                
@legend ON
@legend x1 0.2
@legend y1 0.8
@g0 type LOGY
@yaxis ticklabel format power
@legend string   0 "Lab energy =   21.0000"
#legend string   0 "Partition=  2 Excit=  1 near/far= 1"
#  Theta       sigma       iT11        T20         T21         T22         Kyy for projectile
   0.000       1.811    
   1.000       1.814    
   2.000       1.824    
   3.000       1.840    
   4.000       1.862    
   5.000       1.888    
   6.000       1.918    
   7.000       1.950    
   8.000       1.983    
   9.000       2.014    
   10.00       2.042    
   11.00       2.064    
   12.00       2.080    
   13.00       2.087    
   14.00       2.083    
   15.00       2.068    
   16.00       2.040    
   17.00       1.999    
   18.00       1.945    
   19.00       1.878    
   20.00       1.798    
   21.00       1.707    
   22.00       1.607    
   23.00       1.500    
   24.00       1.387    
   25.00       1.271    
   26.00       1.156    
   27.00       1.042    
   28.00      0.9325    
   29.00      0.8294    
   30.00      0.7344    
   31.00      0.6487    
   32.00      0.5734    
   33.00      0.5088    
   34.00      0.4551    
   35.00      0.4117    
   36.00      0.3779    
   37.00      0.3524    
   38.00      0.3341    
   39.00      0.3215    
   40.00      0.3132    
   41.00      0.3079    
   42.00      0.3043    
   43.00      0.3012    
   44.00      0.2979    
   45.00      0.2934    
   46.00      0.2873    
   47.00      0.2793    
   48.00      0.2692    
   49.00      0.2571    
   50.00      0.2432    
   51.00      0.2279    
   52.00      0.2116    
   53.00      0.1947    
   54.00      0.1776    
   55.00      0.1609    
   56.00      0.1449    
   57.00      0.1298    
   58.00      0.1159    
   59.00      0.1033    
   60.00      0.9216E-01
   61.00      0.8245E-01
   62.00      0.7417E-01
   63.00      0.6721E-01
   64.00      0.6148E-01
   65.00      0.5682E-01
   66.00      0.5307E-01
   67.00      0.5007E-01
   68.00      0.4764E-01
   69.00      0.4566E-01
   70.00      0.4398E-01
   71.00      0.4251E-01
   72.00      0.4118E-01
   73.00      0.3992E-01
   74.00      0.3870E-01
   75.00      0.3750E-01
   76.00      0.3631E-01
   77.00      0.3512E-01
   78.00      0.3395E-01
   79.00      0.3281E-01
   80.00      0.3171E-01
 END
