#  81 angles,  1 tensor ranks for 0=projectile
@subtitle   "39K(3He,d)40Ca 21 MeV DWBA ZR 9432 keV Jpi=3- l=3 n=1 j=5/2"                   
@legend ON
@legend x1 0.2
@legend y1 0.8
@g0 type LOGY
@yaxis ticklabel format power
@legend string   0 "Lab energy =   21.0000"
#legend string   0 "Partition=  2 Excit=  1 near/far= 1"
#  Theta       sigma       iT11        T20         T21         T22         Kyy for projectile
   0.000       4.099    
   1.000       4.106    
   2.000       4.127    
   3.000       4.162    
   4.000       4.208    
   5.000       4.264    
   6.000       4.326    
   7.000       4.393    
   8.000       4.459    
   9.000       4.520    
   10.00       4.574    
   11.00       4.615    
   12.00       4.641    
   13.00       4.647    
   14.00       4.631    
   15.00       4.590    
   16.00       4.523    
   17.00       4.427    
   18.00       4.304    
   19.00       4.152    
   20.00       3.975    
   21.00       3.773    
   22.00       3.552    
   23.00       3.314    
   24.00       3.066    
   25.00       2.812    
   26.00       2.558    
   27.00       2.309    
   28.00       2.070    
   29.00       1.845    
   30.00       1.638    
   31.00       1.451    
   32.00       1.286    
   33.00       1.145    
   34.00       1.027    
   35.00      0.9308    
   36.00      0.8556    
   37.00      0.7987    
   38.00      0.7575    
   39.00      0.7288    
   40.00      0.7096    
   41.00      0.6970    
   42.00      0.6881    
   43.00      0.6807    
   44.00      0.6727    
   45.00      0.6625    
   46.00      0.6489    
   47.00      0.6313    
   48.00      0.6092    
   49.00      0.5828    
   50.00      0.5525    
   51.00      0.5189    
   52.00      0.4829    
   53.00      0.4455    
   54.00      0.4077    
   55.00      0.3705    
   56.00      0.3345    
   57.00      0.3006    
   58.00      0.2691    
   59.00      0.2405    
   60.00      0.2150    
   61.00      0.1926    
   62.00      0.1734    
   63.00      0.1571    
   64.00      0.1436    
   65.00      0.1325    
   66.00      0.1236    
   67.00      0.1163    
   68.00      0.1105    
   69.00      0.1057    
   70.00      0.1017    
   71.00      0.9821E-01
   72.00      0.9506E-01
   73.00      0.9211E-01
   74.00      0.8926E-01
   75.00      0.8645E-01
   76.00      0.8367E-01
   77.00      0.8091E-01
   78.00      0.7819E-01
   79.00      0.7555E-01
   80.00      0.7299E-01
 END
