#  81 angles,  1 tensor ranks for 0=projectile
@subtitle   "39K(3He,d)40Ca 21 MeV DWBA ZR 9432 keV Jpi=3- l=3 n=1 j=5/2"                   
@legend ON
@legend x1 0.2
@legend y1 0.8
@g0 type LOGY
@yaxis ticklabel format power
@xaxis label "Scattering angle (degrees)"
@yaxis label "Cross section (mb/sr)"
@legend string   0 "Partition=  1 Excit=  1 near/far= 1"
#legend string   0 "Lab energy =   21.0000"
@s0 linestyle   1
#  Theta       sigma       iT11        T20         T21         T22         Kyy for projectile
  0.1000E-01   1.000    
   1.000      0.9997    
   2.000       1.001    
   3.000      0.9801    
   4.000      0.9937    
   5.000       1.036    
   6.000       1.069    
   7.000       1.070    
   8.000       1.043    
   9.000       1.001    
   10.00      0.9589    
   11.00      0.9259    
   12.00      0.9030    
   13.00      0.8865    
   14.00      0.8704    
   15.00      0.8486    
   16.00      0.8173    
   17.00      0.7752    
   18.00      0.7238    
   19.00      0.6664    
   20.00      0.6075    
   21.00      0.5518    
   22.00      0.5029    
   23.00      0.4636    
   24.00      0.4347    
   25.00      0.4158    
   26.00      0.4051    
   27.00      0.3999    
   28.00      0.3972    
   29.00      0.3941    
   30.00      0.3882    
   31.00      0.3777    
   32.00      0.3620    
   33.00      0.3412    
   34.00      0.3163    
   35.00      0.2889    
   36.00      0.2608    
   37.00      0.2340    
   38.00      0.2104    
   39.00      0.1911    
   40.00      0.1770    
   41.00      0.1682    
   42.00      0.1644    
   43.00      0.1646    
   44.00      0.1677    
   45.00      0.1721    
   46.00      0.1765    
   47.00      0.1796    
   48.00      0.1803    
   49.00      0.1779    
   50.00      0.1722    
   51.00      0.1633    
   52.00      0.1516    
   53.00      0.1378    
   54.00      0.1229    
   55.00      0.1077    
   56.00      0.9318E-01
   57.00      0.8011E-01
   58.00      0.6912E-01
   59.00      0.6059E-01
   60.00      0.5467E-01
   61.00      0.5129E-01
   62.00      0.5018E-01
   63.00      0.5093E-01
   64.00      0.5301E-01
   65.00      0.5587E-01
   66.00      0.5895E-01
   67.00      0.6177E-01
   68.00      0.6392E-01
   69.00      0.6510E-01
   70.00      0.6515E-01
   71.00      0.6402E-01
   72.00      0.6176E-01
   73.00      0.5853E-01
   74.00      0.5453E-01
   75.00      0.5000E-01
   76.00      0.4522E-01
   77.00      0.4042E-01
   78.00      0.3583E-01
   79.00      0.3163E-01
   80.00      0.2793E-01
 END
@legend string   1 "Partition=  2 Excit=  1 near/far= 1"
#legend string   0 "Lab energy =   21.0000"
@s1 linestyle   2
#  Theta       sigma       iT11        T20         T21         T22         Kyy for projectile
   0.000       4.099    
   1.000       4.106    
   2.000       4.127    
   3.000       4.162    
   4.000       4.208    
   5.000       4.264    
   6.000       4.326    
   7.000       4.393    
   8.000       4.459    
   9.000       4.520    
   10.00       4.574    
   11.00       4.615    
   12.00       4.641    
   13.00       4.647    
   14.00       4.631    
   15.00       4.590    
   16.00       4.523    
   17.00       4.427    
   18.00       4.304    
   19.00       4.152    
   20.00       3.975    
   21.00       3.773    
   22.00       3.552    
   23.00       3.314    
   24.00       3.066    
   25.00       2.812    
   26.00       2.558    
   27.00       2.309    
   28.00       2.070    
   29.00       1.845    
   30.00       1.638    
   31.00       1.451    
   32.00       1.286    
   33.00       1.145    
   34.00       1.027    
   35.00      0.9308    
   36.00      0.8556    
   37.00      0.7987    
   38.00      0.7575    
   39.00      0.7288    
   40.00      0.7096    
   41.00      0.6970    
   42.00      0.6881    
   43.00      0.6807    
   44.00      0.6727    
   45.00      0.6625    
   46.00      0.6489    
   47.00      0.6313    
   48.00      0.6092    
   49.00      0.5828    
   50.00      0.5525    
   51.00      0.5189    
   52.00      0.4829    
   53.00      0.4455    
   54.00      0.4077    
   55.00      0.3705    
   56.00      0.3345    
   57.00      0.3006    
   58.00      0.2691    
   59.00      0.2405    
   60.00      0.2150    
   61.00      0.1926    
   62.00      0.1734    
   63.00      0.1571    
   64.00      0.1436    
   65.00      0.1325    
   66.00      0.1236    
   67.00      0.1163    
   68.00      0.1105    
   69.00      0.1057    
   70.00      0.1017    
   71.00      0.9821E-01
   72.00      0.9506E-01
   73.00      0.9211E-01
   74.00      0.8926E-01
   75.00      0.8645E-01
   76.00      0.8367E-01
   77.00      0.8091E-01
   78.00      0.7819E-01
   79.00      0.7555E-01
   80.00      0.7299E-01
 END
