#  81 angles,  1 tensor ranks for 0=projectile
@subtitle   "39K(3He,d)40Ca 21 MeV DWBA ZR 7623 keV Jpi=3+ l=2 n=2 j=5/2"                   
@legend ON
@legend x1 0.2
@legend y1 0.8
@g0 type LOGY
@yaxis ticklabel format power
@xaxis label "Scattering angle (degrees)"
@yaxis label "Cross section (mb/sr)"
@legend string   0 "Partition=  1 Excit=  1 near/far= 1"
#legend string   0 "Lab energy =   21.0000"
@s0 linestyle   1
#  Theta       sigma       iT11        T20         T21         T22         Kyy for projectile
  0.1000E-01   1.000    
   1.000      0.9997    
   2.000       1.001    
   3.000      0.9801    
   4.000      0.9937    
   5.000       1.036    
   6.000       1.069    
   7.000       1.070    
   8.000       1.043    
   9.000       1.001    
   10.00      0.9589    
   11.00      0.9259    
   12.00      0.9030    
   13.00      0.8865    
   14.00      0.8704    
   15.00      0.8486    
   16.00      0.8173    
   17.00      0.7752    
   18.00      0.7238    
   19.00      0.6664    
   20.00      0.6075    
   21.00      0.5518    
   22.00      0.5029    
   23.00      0.4636    
   24.00      0.4347    
   25.00      0.4158    
   26.00      0.4051    
   27.00      0.3999    
   28.00      0.3972    
   29.00      0.3941    
   30.00      0.3882    
   31.00      0.3777    
   32.00      0.3620    
   33.00      0.3412    
   34.00      0.3163    
   35.00      0.2889    
   36.00      0.2608    
   37.00      0.2340    
   38.00      0.2104    
   39.00      0.1911    
   40.00      0.1770    
   41.00      0.1682    
   42.00      0.1644    
   43.00      0.1646    
   44.00      0.1677    
   45.00      0.1721    
   46.00      0.1765    
   47.00      0.1796    
   48.00      0.1803    
   49.00      0.1779    
   50.00      0.1722    
   51.00      0.1633    
   52.00      0.1516    
   53.00      0.1378    
   54.00      0.1229    
   55.00      0.1077    
   56.00      0.9318E-01
   57.00      0.8011E-01
   58.00      0.6912E-01
   59.00      0.6059E-01
   60.00      0.5467E-01
   61.00      0.5129E-01
   62.00      0.5018E-01
   63.00      0.5093E-01
   64.00      0.5301E-01
   65.00      0.5587E-01
   66.00      0.5895E-01
   67.00      0.6177E-01
   68.00      0.6392E-01
   69.00      0.6510E-01
   70.00      0.6515E-01
   71.00      0.6402E-01
   72.00      0.6176E-01
   73.00      0.5853E-01
   74.00      0.5453E-01
   75.00      0.5000E-01
   76.00      0.4522E-01
   77.00      0.4042E-01
   78.00      0.3583E-01
   79.00      0.3163E-01
   80.00      0.2793E-01
 END
@legend string   1 "Partition=  2 Excit=  1 near/far= 1"
#legend string   0 "Lab energy =   21.0000"
@s1 linestyle   2
#  Theta       sigma       iT11        T20         T21         T22         Kyy for projectile
   0.000       21.77    
   1.000       21.85    
   2.000       22.06    
   3.000       22.40    
   4.000       22.85    
   5.000       23.38    
   6.000       23.95    
   7.000       24.53    
   8.000       25.06    
   9.000       25.49    
   10.00       25.78    
   11.00       25.87    
   12.00       25.73    
   13.00       25.33    
   14.00       24.64    
   15.00       23.67    
   16.00       22.43    
   17.00       20.95    
   18.00       19.28    
   19.00       17.47    
   20.00       15.60    
   21.00       13.73    
   22.00       11.93    
   23.00       10.25    
   24.00       8.740    
   25.00       7.426    
   26.00       6.325    
   27.00       5.436    
   28.00       4.749    
   29.00       4.244    
   30.00       3.895    
   31.00       3.669    
   32.00       3.536    
   33.00       3.463    
   34.00       3.422    
   35.00       3.387    
   36.00       3.340    
   37.00       3.266    
   38.00       3.158    
   39.00       3.015    
   40.00       2.838    
   41.00       2.636    
   42.00       2.416    
   43.00       2.188    
   44.00       1.961    
   45.00       1.744    
   46.00       1.544    
   47.00       1.366    
   48.00       1.213    
   49.00       1.086    
   50.00      0.9842    
   51.00      0.9068    
   52.00      0.8502    
   53.00      0.8108    
   54.00      0.7839    
   55.00      0.7652    
   56.00      0.7504    
   57.00      0.7360    
   58.00      0.7191    
   59.00      0.6980    
   60.00      0.6717    
   61.00      0.6401    
   62.00      0.6038    
   63.00      0.5638    
   64.00      0.5214    
   65.00      0.4782    
   66.00      0.4356    
   67.00      0.3952    
   68.00      0.3583    
   69.00      0.3260    
   70.00      0.2993    
   71.00      0.2786    
   72.00      0.2641    
   73.00      0.2555    
   74.00      0.2524    
   75.00      0.2540    
   76.00      0.2591    
   77.00      0.2668    
   78.00      0.2759    
   79.00      0.2854    
   80.00      0.2943    
 END
