     0.0   1.503      1
     0.0   3.006     -1
     1.0   13.53      1
     1.0   27.04     -1
     2.0   30.04      1
     2.0   60.05     -1
     3.0   42.04      1
     3.0   84.01     -1
     4.0   53.91      1
     4.0   107.8     -1
     5.0   65.82      1
     5.0   131.3     -1
     6.0   76.12      1
     6.0   153.0     -1
     7.0   85.99      1
     7.0   169.1     -1
     8.0   84.37      1
     8.0   172.1     -1
     9.0   80.09      1
     9.0   157.3     -1
    10.0   63.25      1
    10.0   127.2     -1
    11.0   43.18      1
    11.0   89.69     -1
    12.0   30.11      1
    12.0   55.38     -1
    13.0   14.02      1
    13.0   31.32     -1
    14.0   9.508      1
    14.0   17.17     -1
    15.0   4.154      1
    15.0   9.312     -1
    16.0   2.781      1
    16.0   5.021     -1
    17.0   1.202      1
    17.0   2.694     -1
    18.0  0.7968      1
    18.0   1.438     -1
    19.0  0.3409      1
    19.0  0.7645     -1
    20.0  0.2243      1
    20.0  0.4047     -1
    21.0  0.9513E-01  1
    21.0  0.2135     -1
    22.0  0.6221E-01  1
    22.0  0.1122     -1
    23.0  0.2620E-01  1
    23.0  0.5881E-01 -1
    24.0  0.1705E-01  1
    24.0  0.3074E-01 -1
    25.0  0.7137E-02  1
    25.0  0.1602E-01 -1
    26.0  0.4621E-02  1
    26.0  0.8333E-02 -1
    27.0  0.1926E-02  1
    27.0  0.4324E-02 -1
    28.0  0.1242E-02  1
    28.0  0.2240E-02 -1
    29.0  0.5158E-03  1
    29.0  0.1158E-02 -1
    30.0  0.3312E-03  1
    30.0  0.5972E-03 -1
