#  81 angles,  1 tensor ranks for 0=projectile
@subtitle   "39K(3He,d)40Ca 21 MeV DWBA ZR 5903 keV Jpi=1- l=3 n=2 j=5/2"                   
@legend ON
@legend x1 0.2
@legend y1 0.8
@g0 type LOGY
@yaxis ticklabel format power
@legend string   0 "Lab energy =   21.0000"
#legend string   0 "Partition=  2 Excit=  1 near/far= 1"
#  Theta       sigma       iT11        T20         T21         T22         Kyy for projectile
   0.000       1.818    
   1.000       1.829    
   2.000       1.862    
   3.000       1.917    
   4.000       1.993    
   5.000       2.089    
   6.000       2.205    
   7.000       2.339    
   8.000       2.490    
   9.000       2.657    
   10.00       2.837    
   11.00       3.027    
   12.00       3.222    
   13.00       3.416    
   14.00       3.601    
   15.00       3.769    
   16.00       3.910    
   17.00       4.015    
   18.00       4.077    
   19.00       4.087    
   20.00       4.042    
   21.00       3.940    
   22.00       3.782    
   23.00       3.573    
   24.00       3.320    
   25.00       3.033    
   26.00       2.722    
   27.00       2.399    
   28.00       2.077    
   29.00       1.766    
   30.00       1.476    
   31.00       1.217    
   32.00      0.9930    
   33.00      0.8087    
   34.00      0.6647    
   35.00      0.5599    
   36.00      0.4908    
   37.00      0.4527    
   38.00      0.4397    
   39.00      0.4455    
   40.00      0.4635    
   41.00      0.4879    
   42.00      0.5133    
   43.00      0.5354    
   44.00      0.5510    
   45.00      0.5580    
   46.00      0.5553    
   47.00      0.5428    
   48.00      0.5213    
   49.00      0.4920    
   50.00      0.4567    
   51.00      0.4175    
   52.00      0.3765    
   53.00      0.3356    
   54.00      0.2965    
   55.00      0.2606    
   56.00      0.2290    
   57.00      0.2021    
   58.00      0.1802    
   59.00      0.1632    
   60.00      0.1505    
   61.00      0.1415    
   62.00      0.1356    
   63.00      0.1319    
   64.00      0.1296    
   65.00      0.1281    
   66.00      0.1267    
   67.00      0.1250    
   68.00      0.1227    
   69.00      0.1194    
   70.00      0.1153    
   71.00      0.1102    
   72.00      0.1045    
   73.00      0.9815E-01
   74.00      0.9157E-01
   75.00      0.8497E-01
   76.00      0.7861E-01
   77.00      0.7272E-01
   78.00      0.6747E-01
   79.00      0.6298E-01
   80.00      0.5932E-01
 END
