     0.0   1.500      1
     0.0   2.995     -1
     1.0   13.47      1
     1.0   26.98     -1
     2.0   30.01      1
     2.0   60.02     -1
     3.0   42.01      1
     3.0   84.05     -1
     4.0   53.97      1
     4.0   108.0     -1
     5.0   65.89      1
     5.0   131.6     -1
     6.0   76.32      1
     6.0   153.5     -1
     7.0   86.36      1
     7.0   169.9     -1
     8.0   85.12      1
     8.0   173.8     -1
     9.0   80.96      1
     9.0   159.9     -1
    10.0   65.15      1
    10.0   130.2     -1
    11.0   44.12      1
    11.0   91.92     -1
    12.0   30.84      1
    12.0   56.65     -1
    13.0   14.28      1
    13.0   31.94     -1
    14.0   9.674      1
    14.0   17.45     -1
    15.0   4.208      1
    15.0   9.441     -1
    16.0   2.815      1
    16.0   5.079     -1
    17.0   1.213      1
    17.0   2.720     -1
    18.0  0.8037      1
    18.0   1.450     -1
    19.0  0.3431      1
    19.0  0.7698     -1
    20.0  0.2257      1
    20.0  0.4071     -1
    21.0  0.9558E-01  1
    21.0  0.2145     -1
    22.0  0.6250E-01  1
    22.0  0.1127     -1
    23.0  0.2629E-01  1
    23.0  0.5902E-01 -1
    24.0  0.1710E-01  1
    24.0  0.3083E-01 -1
    25.0  0.7151E-02  1
    25.0  0.1606E-01 -1
    26.0  0.4630E-02  1
    26.0  0.8346E-02 -1
    27.0  0.1927E-02  1
    27.0  0.4327E-02 -1
    28.0  0.1242E-02  1
    28.0  0.2239E-02 -1
