     0.0   1.503      1
     0.0   3.005     -1
     1.0   13.49      1
     1.0   27.00     -1
     2.0   29.97      1
     2.0   59.98     -1
     3.0   41.96      1
     3.0   83.97     -1
     4.0   53.90      1
     4.0   107.9     -1
     5.0   65.81      1
     5.0   131.4     -1
     6.0   76.23      1
     6.0   153.3     -1
     7.0   86.16      1
     7.0   169.7     -1
     8.0   84.77      1
     8.0   173.3     -1
     9.0   80.42      1
     9.0   158.8     -1
    10.0   63.95      1
    10.0   128.3     -1
    11.0   42.86      1
    11.0   89.83     -1
    12.0   30.42      1
    12.0   55.43     -1
    13.0   13.90      1
    13.0   31.38     -1
    14.0   9.595      1
    14.0   17.21     -1
    15.0   4.136      1
    15.0   9.335     -1
    16.0   2.800      1
    16.0   5.034     -1
    17.0   1.199      1
    17.0   2.701     -1
    18.0  0.8010      1
    18.0   1.442     -1
    19.0  0.3406      1
    19.0  0.7662     -1
    20.0  0.2252      1
    20.0  0.4055     -1
    21.0  0.9512E-01  1
    21.0  0.2139     -1
    22.0  0.6240E-01  1
    22.0  0.1124     -1
    23.0  0.2620E-01  1
    23.0  0.5889E-01 -1
    24.0  0.1708E-01  1
    24.0  0.3077E-01 -1
    25.0  0.7136E-02  1
    25.0  0.1604E-01 -1
    26.0  0.4627E-02  1
    26.0  0.8337E-02 -1
    27.0  0.1925E-02  1
    27.0  0.4325E-02 -1
    28.0  0.1243E-02  1
    28.0  0.2239E-02 -1
    29.0  0.5152E-03  1
    29.0  0.1157E-02 -1
    30.0  0.3311E-03  1
    30.0  0.5968E-03 -1
