#  81 angles,  1 tensor ranks for 0=projectile
@subtitle   "39K(3He,d)40Ca 21 MeV DWBA ZR 9092 keV Jpi=3- l=3 n=2 j=5/2"                   
@legend ON
@legend x1 0.2
@legend y1 0.8
@g0 type LOGY
@yaxis ticklabel format power
@legend string   0 "Lab energy =   21.0000"
#legend string   0 "Partition=  2 Excit=  1 near/far= 1"
#  Theta       sigma       iT11        T20         T21         T22         Kyy for projectile
   0.000       11.11    
   1.000       11.13    
   2.000       11.21    
   3.000       11.34    
   4.000       11.50    
   5.000       11.70    
   6.000       11.93    
   7.000       12.17    
   8.000       12.41    
   9.000       12.64    
   10.00       12.84    
   11.00       13.00    
   12.00       13.10    
   13.00       13.15    
   14.00       13.12    
   15.00       13.00    
   16.00       12.80    
   17.00       12.51    
   18.00       12.12    
   19.00       11.65    
   20.00       11.10    
   21.00       10.47    
   22.00       9.795    
   23.00       9.073    
   24.00       8.324    
   25.00       7.564    
   26.00       6.810    
   27.00       6.076    
   28.00       5.377    
   29.00       4.726    
   30.00       4.132    
   31.00       3.604    
   32.00       3.146    
   33.00       2.759    
   34.00       2.444    
   35.00       2.195    
   36.00       2.007    
   37.00       1.872    
   38.00       1.781    
   39.00       1.724    
   40.00       1.691    
   41.00       1.675    
   42.00       1.667    
   43.00       1.660    
   44.00       1.649    
   45.00       1.629    
   46.00       1.598    
   47.00       1.553    
   48.00       1.495    
   49.00       1.424    
   50.00       1.341    
   51.00       1.250    
   52.00       1.153    
   53.00       1.052    
   54.00      0.9520    
   55.00      0.8544    
   56.00      0.7617    
   57.00      0.6756    
   58.00      0.5974    
   59.00      0.5279    
   60.00      0.4674    
   61.00      0.4159    
   62.00      0.3729    
   63.00      0.3377    
   64.00      0.3094    
   65.00      0.2869    
   66.00      0.2690    
   67.00      0.2548    
   68.00      0.2430    
   69.00      0.2330    
   70.00      0.2239    
   71.00      0.2153    
   72.00      0.2068    
   73.00      0.1982    
   74.00      0.1894    
   75.00      0.1805    
   76.00      0.1715    
   77.00      0.1628    
   78.00      0.1543    
   79.00      0.1464    
   80.00      0.1393    
 END
