#  81 angles,  1 tensor ranks for 0=projectile
@subtitle   "39K(3He,d)40Ca 21 MeV DWBA ZR 8484 keV Jpi=3- l=1 n=3 j=3/2"                   
@legend ON
@legend x1 0.2
@legend y1 0.8
@g0 type LOGY
@yaxis ticklabel format power
@legend string   0 "Lab energy =   21.0000"
#legend string   0 "Partition=  2 Excit=  1 near/far= 1"
#  Theta       sigma       iT11        T20         T21         T22         Kyy for projectile
   0.000       57.78    
   1.000       57.71    
   2.000       57.48    
   3.000       57.06    
   4.000       56.38    
   5.000       55.35    
   6.000       53.92    
   7.000       52.02    
   8.000       49.63    
   9.000       46.75    
   10.00       43.44    
   11.00       39.76    
   12.00       35.85    
   13.00       31.83    
   14.00       27.87    
   15.00       24.12    
   16.00       20.69    
   17.00       17.71    
   18.00       15.22    
   19.00       13.27    
   20.00       11.82    
   21.00       10.83    
   22.00       10.23    
   23.00       9.926    
   24.00       9.813    
   25.00       9.800    
   26.00       9.804    
   27.00       9.756    
   28.00       9.609    
   29.00       9.336    
   30.00       8.925    
   31.00       8.385    
   32.00       7.737    
   33.00       7.012    
   34.00       6.244    
   35.00       5.472    
   36.00       4.730    
   37.00       4.048    
   38.00       3.449    
   39.00       2.947    
   40.00       2.548    
   41.00       2.253    
   42.00       2.055    
   43.00       1.941    
   44.00       1.898    
   45.00       1.907    
   46.00       1.953    
   47.00       2.019    
   48.00       2.089    
   49.00       2.151    
   50.00       2.196    
   51.00       2.217    
   52.00       2.210    
   53.00       2.174    
   54.00       2.111    
   55.00       2.023    
   56.00       1.914    
   57.00       1.789    
   58.00       1.653    
   59.00       1.512    
   60.00       1.369    
   61.00       1.230    
   62.00       1.098    
   63.00      0.9742    
   64.00      0.8622    
   65.00      0.7625    
   66.00      0.6756    
   67.00      0.6014    
   68.00      0.5391    
   69.00      0.4879    
   70.00      0.4466    
   71.00      0.4138    
   72.00      0.3884    
   73.00      0.3690    
   74.00      0.3546    
   75.00      0.3439    
   76.00      0.3361    
   77.00      0.3303    
   78.00      0.3257    
   79.00      0.3218    
   80.00      0.3182    
 END
