#  81 angles,  1 tensor ranks for 0=projectile
@subtitle   "39K(3He,d)40Ca 21 MeV DWBA ZR 8484 keV Jpi=3- l=1 n=3 j=3/2"                   
@legend ON
@legend x1 0.2
@legend y1 0.8
@g0 type LOGY
@yaxis ticklabel format power
@xaxis label "Scattering angle (degrees)"
@yaxis label "Cross section (mb/sr)"
@legend string   0 "Partition=  1 Excit=  1 near/far= 1"
#legend string   0 "Lab energy =   21.0000"
@s0 linestyle   1
#  Theta       sigma       iT11        T20         T21         T22         Kyy for projectile
  0.1000E-01   1.000    
   1.000      0.9997    
   2.000       1.001    
   3.000      0.9801    
   4.000      0.9937    
   5.000       1.036    
   6.000       1.069    
   7.000       1.070    
   8.000       1.043    
   9.000       1.001    
   10.00      0.9589    
   11.00      0.9259    
   12.00      0.9030    
   13.00      0.8865    
   14.00      0.8704    
   15.00      0.8486    
   16.00      0.8173    
   17.00      0.7752    
   18.00      0.7238    
   19.00      0.6664    
   20.00      0.6075    
   21.00      0.5518    
   22.00      0.5029    
   23.00      0.4636    
   24.00      0.4347    
   25.00      0.4158    
   26.00      0.4051    
   27.00      0.3999    
   28.00      0.3972    
   29.00      0.3941    
   30.00      0.3882    
   31.00      0.3777    
   32.00      0.3620    
   33.00      0.3412    
   34.00      0.3163    
   35.00      0.2889    
   36.00      0.2608    
   37.00      0.2340    
   38.00      0.2104    
   39.00      0.1911    
   40.00      0.1770    
   41.00      0.1682    
   42.00      0.1644    
   43.00      0.1646    
   44.00      0.1677    
   45.00      0.1721    
   46.00      0.1765    
   47.00      0.1796    
   48.00      0.1803    
   49.00      0.1779    
   50.00      0.1722    
   51.00      0.1633    
   52.00      0.1516    
   53.00      0.1378    
   54.00      0.1229    
   55.00      0.1077    
   56.00      0.9318E-01
   57.00      0.8011E-01
   58.00      0.6912E-01
   59.00      0.6059E-01
   60.00      0.5467E-01
   61.00      0.5129E-01
   62.00      0.5018E-01
   63.00      0.5093E-01
   64.00      0.5301E-01
   65.00      0.5587E-01
   66.00      0.5895E-01
   67.00      0.6177E-01
   68.00      0.6392E-01
   69.00      0.6510E-01
   70.00      0.6515E-01
   71.00      0.6402E-01
   72.00      0.6176E-01
   73.00      0.5853E-01
   74.00      0.5453E-01
   75.00      0.5000E-01
   76.00      0.4522E-01
   77.00      0.4042E-01
   78.00      0.3583E-01
   79.00      0.3163E-01
   80.00      0.2793E-01
 END
@legend string   1 "Partition=  2 Excit=  1 near/far= 1"
#legend string   0 "Lab energy =   21.0000"
@s1 linestyle   2
#  Theta       sigma       iT11        T20         T21         T22         Kyy for projectile
   0.000       57.78    
   1.000       57.71    
   2.000       57.48    
   3.000       57.06    
   4.000       56.38    
   5.000       55.35    
   6.000       53.92    
   7.000       52.02    
   8.000       49.63    
   9.000       46.75    
   10.00       43.44    
   11.00       39.76    
   12.00       35.85    
   13.00       31.83    
   14.00       27.87    
   15.00       24.12    
   16.00       20.69    
   17.00       17.71    
   18.00       15.22    
   19.00       13.27    
   20.00       11.82    
   21.00       10.83    
   22.00       10.23    
   23.00       9.926    
   24.00       9.813    
   25.00       9.800    
   26.00       9.804    
   27.00       9.756    
   28.00       9.609    
   29.00       9.336    
   30.00       8.925    
   31.00       8.385    
   32.00       7.737    
   33.00       7.012    
   34.00       6.244    
   35.00       5.472    
   36.00       4.730    
   37.00       4.048    
   38.00       3.449    
   39.00       2.947    
   40.00       2.548    
   41.00       2.253    
   42.00       2.055    
   43.00       1.941    
   44.00       1.898    
   45.00       1.907    
   46.00       1.953    
   47.00       2.019    
   48.00       2.089    
   49.00       2.151    
   50.00       2.196    
   51.00       2.217    
   52.00       2.210    
   53.00       2.174    
   54.00       2.111    
   55.00       2.023    
   56.00       1.914    
   57.00       1.789    
   58.00       1.653    
   59.00       1.512    
   60.00       1.369    
   61.00       1.230    
   62.00       1.098    
   63.00      0.9742    
   64.00      0.8622    
   65.00      0.7625    
   66.00      0.6756    
   67.00      0.6014    
   68.00      0.5391    
   69.00      0.4879    
   70.00      0.4466    
   71.00      0.4138    
   72.00      0.3884    
   73.00      0.3690    
   74.00      0.3546    
   75.00      0.3439    
   76.00      0.3361    
   77.00      0.3303    
   78.00      0.3257    
   79.00      0.3218    
   80.00      0.3182    
 END
