#  81 angles,  1 tensor ranks for 0=projectile
@subtitle   "39K(3He,d)40Ca 21 MeV DWBA ZR 8271 keV Jpi=3- l=1 n=3 j=3/2"                   
@legend ON
@legend x1 0.2
@legend y1 0.8
@g0 type LOGY
@yaxis ticklabel format power
@legend string   0 "Lab energy =   21.0000"
#legend string   0 "Partition=  2 Excit=  1 near/far= 1"
#  Theta       sigma       iT11        T20         T21         T22         Kyy for projectile
   0.000       61.86    
   1.000       61.82    
   2.000       61.68    
   3.000       61.38    
   4.000       60.84    
   5.000       59.95    
   6.000       58.61    
   7.000       56.75    
   8.000       54.30    
   9.000       51.29    
   10.00       47.74    
   11.00       43.75    
   12.00       39.45    
   13.00       35.01    
   14.00       30.61    
   15.00       26.41    
   16.00       22.57    
   17.00       19.22    
   18.00       16.43    
   19.00       14.23    
   20.00       12.62    
   21.00       11.53    
   22.00       10.87    
   23.00       10.55    
   24.00       10.45    
   25.00       10.47    
   26.00       10.50    
   27.00       10.47    
   28.00       10.33    
   29.00       10.05    
   30.00       9.605    
   31.00       9.017    
   32.00       8.306    
   33.00       7.509    
   34.00       6.665    
   35.00       5.817    
   36.00       5.004    
   37.00       4.259    
   38.00       3.607    
   39.00       3.065    
   40.00       2.638    
   41.00       2.327    
   42.00       2.121    
   43.00       2.009    
   44.00       1.973    
   45.00       1.993    
   46.00       2.051    
   47.00       2.128    
   48.00       2.208    
   49.00       2.278    
   50.00       2.327    
   51.00       2.348    
   52.00       2.337    
   53.00       2.295    
   54.00       2.222    
   55.00       2.123    
   56.00       2.002    
   57.00       1.864    
   58.00       1.716    
   59.00       1.564    
   60.00       1.411    
   61.00       1.263    
   62.00       1.123    
   63.00      0.9946    
   64.00      0.8788    
   65.00      0.7768    
   66.00      0.6888    
   67.00      0.6144    
   68.00      0.5527    
   69.00      0.5025    
   70.00      0.4624    
   71.00      0.4310    
   72.00      0.4067    
   73.00      0.3882    
   74.00      0.3743    
   75.00      0.3639    
   76.00      0.3559    
   77.00      0.3495    
   78.00      0.3441    
   79.00      0.3391    
   80.00      0.3342    
 END
