     0.0   1.495      1
     0.0   2.993     -1
     1.0   13.43      1
     1.0   26.94     -1
     2.0   29.90      1
     2.0   59.92     -1
     3.0   41.84      1
     3.0   83.85     -1
     4.0   53.74      1
     4.0   107.7     -1
     5.0   65.53      1
     5.0   131.0     -1
     6.0   75.90      1
     6.0   152.6     -1
     7.0   85.51      1
     7.0   168.5     -1
     8.0   83.87      1
     8.0   171.3     -1
     9.0   78.54      1
     9.0   156.0     -1
    10.0   63.11      1
    10.0   125.5     -1
    11.0   42.21      1
    11.0   88.13     -1
    12.0   29.61      1
    12.0   54.40     -1
    13.0   13.79      1
    13.0   30.83     -1
    14.0   9.383      1
    14.0   16.94     -1
    15.0   4.110      1
    15.0   9.212     -1
    16.0   2.757      1
    16.0   4.979     -1
    17.0   1.194      1
    17.0   2.675     -1
    18.0  0.7925      1
    18.0   1.430     -1
    19.0  0.3394      1
    19.0  0.7612     -1
    20.0  0.2235      1
    20.0  0.4033     -1
    21.0  0.9487E-01  1
    21.0  0.2129     -1
    22.0  0.6208E-01  1
    22.0  0.1120     -1
    23.0  0.2615E-01  1
    23.0  0.5870E-01 -1
    24.0  0.1702E-01  1
    24.0  0.3069E-01 -1
    25.0  0.7130E-02  1
    25.0  0.1600E-01 -1
    26.0  0.4617E-02  1
    26.0  0.8325E-02 -1
    27.0  0.1925E-02  1
    27.0  0.4321E-02 -1
    28.0  0.1241E-02  1
    28.0  0.2239E-02 -1
    29.0  0.5155E-03  1
    29.0  0.1157E-02 -1
    30.0  0.3311E-03  1
    30.0  0.5970E-03 -1
