#  81 angles,  1 tensor ranks for 0=projectile
@subtitle   "39K(3He,d)40Ca 21 MeV DWBA ZR 8425 keV Jpi=2- l=1 n=3 j=1/2"                   
@legend ON
@legend x1 0.2
@legend y1 0.8
@g0 type LOGY
@yaxis ticklabel format power
@legend string   0 "Lab energy =   21.0000"
#legend string   0 "Partition=  2 Excit=  1 near/far= 1"
#  Theta       sigma       iT11        T20         T21         T22         Kyy for projectile
   0.000       47.94    
   1.000       47.84    
   2.000       47.53    
   3.000       46.97    
   4.000       46.14    
   5.000       44.98    
   6.000       43.46    
   7.000       41.54    
   8.000       39.23    
   9.000       36.55    
   10.00       33.56    
   11.00       30.32    
   12.00       26.95    
   13.00       23.56    
   14.00       20.27    
   15.00       17.19    
   16.00       14.44    
   17.00       12.07    
   18.00       10.14    
   19.00       8.657    
   20.00       7.600    
   21.00       6.925    
   22.00       6.565    
   23.00       6.444    
   24.00       6.481    
   25.00       6.599    
   26.00       6.732    
   27.00       6.824    
   28.00       6.837    
   29.00       6.748    
   30.00       6.549    
   31.00       6.243    
   32.00       5.847    
   33.00       5.381    
   34.00       4.873    
   35.00       4.347    
   36.00       3.831    
   37.00       3.345    
   38.00       2.906    
   39.00       2.525    
   40.00       2.207    
   41.00       1.952    
   42.00       1.756    
   43.00       1.613    
   44.00       1.514    
   45.00       1.448    
   46.00       1.406    
   47.00       1.377    
   48.00       1.355    
   49.00       1.332    
   50.00       1.304    
   51.00       1.268    
   52.00       1.223    
   53.00       1.171    
   54.00       1.111    
   55.00       1.047    
   56.00      0.9811    
   57.00      0.9158    
   58.00      0.8535    
   59.00      0.7960    
   60.00      0.7447    
   61.00      0.7002    
   62.00      0.6629    
   63.00      0.6324    
   64.00      0.6078    
   65.00      0.5881    
   66.00      0.5718    
   67.00      0.5574    
   68.00      0.5436    
   69.00      0.5290    
   70.00      0.5126    
   71.00      0.4937    
   72.00      0.4717    
   73.00      0.4467    
   74.00      0.4188    
   75.00      0.3883    
   76.00      0.3559    
   77.00      0.3223    
   78.00      0.2882    
   79.00      0.2547    
   80.00      0.2224    
 END
