     0.0   1.498      1
     0.0   2.999     -1
     1.0   13.49      1
     1.0   27.01     -1
     2.0   29.98      1
     2.0   60.01     -1
     3.0   41.97      1
     3.0   83.98     -1
     4.0   53.82      1
     4.0   107.8     -1
     5.0   65.68      1
     5.0   131.2     -1
     6.0   75.98      1
     6.0   152.9     -1
     7.0   85.79      1
     7.0   169.1     -1
     8.0   84.24      1
     8.0   172.3     -1
     9.0   79.79      1
     9.0   157.8     -1
    10.0   63.48      1
    10.0   127.3     -1
    11.0   43.23      1
    11.0   89.37     -1
    12.0   29.73      1
    12.0   55.07     -1
    13.0   14.06      1
    13.0   31.17     -1
    14.0   9.419      1
    14.0   17.10     -1
    15.0   4.164      1
    15.0   9.284     -1
    16.0   2.765      1
    16.0   5.011     -1
    17.0   1.204      1
    17.0   2.690     -1
    18.0  0.7942      1
    18.0   1.437     -1
    19.0  0.3415      1
    19.0  0.7641     -1
    20.0  0.2239      1
    20.0  0.4046     -1
    21.0  0.9528E-01  1
    21.0  0.2135     -1
    22.0  0.6215E-01  1
    22.0  0.1122     -1
    23.0  0.2623E-01  1
    23.0  0.5882E-01 -1
    24.0  0.1703E-01  1
    24.0  0.3074E-01 -1
    25.0  0.7144E-02  1
    25.0  0.1603E-01 -1
    26.0  0.4620E-02  1
    26.0  0.8335E-02 -1
    27.0  0.1927E-02  1
    27.0  0.4325E-02 -1
    28.0  0.1242E-02  1
    28.0  0.2240E-02 -1
    29.0  0.5159E-03  1
    29.0  0.1158E-02 -1
    30.0  0.3312E-03  1
    30.0  0.5973E-03 -1
