#  81 angles,  1 tensor ranks for 0=projectile
@subtitle   "39K(3He,d)40Ca 21 MeV DWBA ZR 9226.69 keV Jpi=2- l=1 n=2 j=1/2"                
@legend ON
@legend x1 0.2
@legend y1 0.8
@g0 type LOGY
@yaxis ticklabel format power
@legend string   0 "Lab energy =   21.0000"
#legend string   0 "Partition=  2 Excit=  1 near/far= 1"
#  Theta       sigma       iT11        T20         T21         T22         Kyy for projectile
   0.000       18.38    
   1.000       18.32    
   2.000       18.14    
   3.000       17.83    
   4.000       17.40    
   5.000       16.83    
   6.000       16.14    
   7.000       15.31    
   8.000       14.36    
   9.000       13.31    
   10.00       12.18    
   11.00       10.99    
   12.00       9.799    
   13.00       8.633    
   14.00       7.534    
   15.00       6.538    
   16.00       5.673    
   17.00       4.958    
   18.00       4.402    
   19.00       4.002    
   20.00       3.747    
   21.00       3.617    
   22.00       3.587    
   23.00       3.628    
   24.00       3.713    
   25.00       3.812    
   26.00       3.901    
   27.00       3.960    
   28.00       3.975    
   29.00       3.935    
   30.00       3.839    
   31.00       3.688    
   32.00       3.488    
   33.00       3.249    
   34.00       2.981    
   35.00       2.696    
   36.00       2.406    
   37.00       2.120    
   38.00       1.847    
   39.00       1.593    
   40.00       1.365    
   41.00       1.163    
   42.00      0.9893    
   43.00      0.8430    
   44.00      0.7224    
   45.00      0.6249    
   46.00      0.5475    
   47.00      0.4871    
   48.00      0.4407    
   49.00      0.4055    
   50.00      0.3794    
   51.00      0.3603    
   52.00      0.3469    
   53.00      0.3382    
   54.00      0.3334    
   55.00      0.3320    
   56.00      0.3338    
   57.00      0.3384    
   58.00      0.3457    
   59.00      0.3552    
   60.00      0.3666    
   61.00      0.3794    
   62.00      0.3929    
   63.00      0.4063    
   64.00      0.4189    
   65.00      0.4299    
   66.00      0.4385    
   67.00      0.4441    
   68.00      0.4462    
   69.00      0.4443    
   70.00      0.4381    
   71.00      0.4276    
   72.00      0.4130    
   73.00      0.3943    
   74.00      0.3722    
   75.00      0.3470    
   76.00      0.3196    
   77.00      0.2905    
   78.00      0.2606    
   79.00      0.2307    
   80.00      0.2014    
 END
