inf
0.611
inf
0.197
8.15
14.355
17.01
inf
0.648
0.617
0.222
0.208
9.365
13.756
0.026
0.024
0.015
0.014
0.23
inf
0.08
inf
0.043
0.041
0.025
0.023
0.389
0.367
0.135
0.367
inf
0.226
inf
0.13
2.355
2.217
0.826
0.764
33.761
inf
inf
0.09
inf
0.053
0.589
0.58
0.208
0.202
9.739
inf
0.069
0.066
0.041
0.039
0.496
0.461
0.179
0.164
inf
0.078
inf
0.045
0.768
0.727
0.277
0.257
11.185
inf
0.181
0.183
0.103
0.105
1.78
inf
0.641
inf
0.241
0.235
0.141
0.138
1.616
inf
0.588
inf
0.539
0.516
0.196
0.185
7.905
10.181
0.311
0.307
0.182
0.181
1.876
1.802
0.694
0.658
0.514
0.5
0.191
0.184
7.44
8.851
inf
0.131
inf
0.079
0.611
0.594
0.228
0.219
8.757
inf
inf
0.022
inf
0.013
0.109
0.104
0.041
0.039
1.451
inf
0.035
0.035
0.021
0.021
0.168
inf
0.064
inf
0.023
0.01
0.01
0.006
0.006
0.156
0.151
0.058
0.057
inf
0.01
inf
0.006
0.048
0.047
0.018
0.017
0.65
inf
inf
inf
0.008
inf
0.005
0.121
0.118
0.045
0.044
9.558
inf
0.038
0.036
0.014
0.014
0.505
0.614
inf
0.03
inf
0.011
0.413
0.502
2.046
inf
inf
0.042
inf
0.025
0.179
0.174
0.068
0.066
2.434
inf
inf
0.262
inf
0.157
0.088
0.087
0.052
0.052
0.369
inf
0.141
inf
0.053
0.052
0.031
0.031
0.221
0.215
0.084
0.081
0.191
0.182
0.117
0.112
0.537
0.536
0.206
0.204
0.044
0.044
0.026
0.026
0.177
inf
0.068
inf
0.026
0.026
0.016
0.016
0.106
0.103
0.041
0.039
inf
0.019
inf
0.011
0.076
0.074
0.029
0.028
0.97
inf
inf
0.572
inf
0.217
7.346
8.313
43.165
inf
0.207
0.207
0.122
0.122
0.793
inf
0.303
inf
0.011
0.008
0.014
0.006
0.006
0.003
0.003
0.073
inf
0.026
inf
inf
0.006
inf
0.004
0.022
0.022
0.009
0.008
0.266
inf
0.323
0.37
2.966
0.066
inf
0.321
2.565
4.398
0.001
inf
0.239
0.044
4.528
0.0
0.072
0.058
0.098
0.042
0.042
0.025
0.025
0.517
inf
0.187
inf
0.49
0.209
inf
0.124
inf
0.032
0.032
0.019
0.019
0.098
inf
0.038
inf
0.03
0.024
0.034
0.015
0.015
0.009
0.009
0.174
inf
0.061
inf
inf
0.012
inf
0.007
0.024
0.024
0.009
0.009
0.265
inf
0.227
0.212
0.141
0.132
0.419
0.424
0.161
0.162
inf
0.151
inf
0.094
0.299
0.303
0.115
0.116
3.283
inf
0.212
0.217
0.124
0.127
0.75
inf
0.287
inf
0.135
0.11
0.257
0.11
0.112
0.065
0.067
1.24
inf
0.45
inf
0.127
0.13
0.074
0.076
0.45
0.435
0.172
0.163
inf
0.093
inf
0.054
0.321
0.311
0.123
0.117
3.205
inf
0.225
0.183
0.428
0.183
0.186
0.108
0.111
0.212
0.217
0.124
0.127
0.75
inf
0.287
inf
0.135
0.11
0.257
0.11
0.112
0.065
0.067
1.24
inf
0.45
inf
inf
0.057
inf
0.033
0.18
0.174
0.069
0.065
1.673
inf
0.12
0.126
0.065
0.07
0.439
inf
0.168
inf
inf
0.074
inf
0.041
0.27
0.258
0.103
0.096
2.356
inf
0.162
0.174
0.086
0.095
0.63
inf
0.24
inf
inf
0.021
inf
0.011
0.079
0.075
0.03
0.028
0.667
inf
inf
0.021
inf
0.011
0.079
0.075
0.03
0.028
0.666
inf
