#  81 angles,  1 tensor ranks for 0=projectile
@subtitle   "39K(3He,d)40Ca 21 MeV DWBA ZR 8359 keV Jpi=0- l=1 n=3 j=3/2"                   
@legend ON
@legend x1 0.2
@legend y1 0.8
@g0 type LOGY
@yaxis ticklabel format power
@legend string   0 "Lab energy =   21.0000"
#legend string   0 "Partition=  2 Excit=  1 near/far= 1"
#  Theta       sigma       iT11        T20         T21         T22         Kyy for projectile
   0.000       8.695    
   1.000       8.686    
   2.000       8.659    
   3.000       8.604    
   4.000       8.513    
   5.000       8.372    
   6.000       8.168    
   7.000       7.894    
   8.000       7.542    
   9.000       7.113    
   10.00       6.614    
   11.00       6.056    
   12.00       5.460    
   13.00       4.846    
   14.00       4.239    
   15.00       3.662    
   16.00       3.135    
   17.00       2.676    
   18.00       2.294    
   19.00       1.994    
   20.00       1.772    
   21.00       1.622    
   22.00       1.531    
   23.00       1.486    
   24.00       1.470    
   25.00       1.470    
   26.00       1.473    
   27.00       1.467    
   28.00       1.446    
   29.00       1.404    
   30.00       1.342    
   31.00       1.260    
   32.00       1.161    
   33.00       1.050    
   34.00      0.9337    
   35.00      0.8164    
   36.00      0.7038    
   37.00      0.6006    
   38.00      0.5101    
   39.00      0.4346    
   40.00      0.3750    
   41.00      0.3312    
   42.00      0.3021    
   43.00      0.2859    
   44.00      0.2801    
   45.00      0.2823    
   46.00      0.2898    
   47.00      0.3000    
   48.00      0.3108    
   49.00      0.3201    
   50.00      0.3267    
   51.00      0.3296    
   52.00      0.3282    
   53.00      0.3225    
   54.00      0.3125    
   55.00      0.2988    
   56.00      0.2821    
   57.00      0.2631    
   58.00      0.2426    
   59.00      0.2213    
   60.00      0.2000    
   61.00      0.1793    
   62.00      0.1597    
   63.00      0.1415    
   64.00      0.1252    
   65.00      0.1107    
   66.00      0.9811E-01
   67.00      0.8744E-01
   68.00      0.7854E-01
   69.00      0.7127E-01
   70.00      0.6545E-01
   71.00      0.6086E-01
   72.00      0.5731E-01
   73.00      0.5462E-01
   74.00      0.5259E-01
   75.00      0.5108E-01
   76.00      0.4994E-01
   77.00      0.4904E-01
   78.00      0.4831E-01
   79.00      0.4766E-01
   80.00      0.4703E-01
 END
