     0.0   1.503      1
     0.0   3.006     -1
     1.0   13.53      1
     1.0   27.05     -1
     2.0   30.05      1
     2.0   60.11     -1
     3.0   42.07      1
     3.0   84.12     -1
     4.0   53.99      1
     4.0   108.0     -1
     5.0   65.92      1
     5.0   131.6     -1
     6.0   76.34      1
     6.0   153.5     -1
     7.0   86.45      1
     7.0   170.1     -1
     8.0   85.26      1
     8.0   174.1     -1
     9.0   81.21      1
     9.0   160.3     -1
    10.0   65.13      1
    10.0   130.4     -1
    11.0   44.24      1
    11.0   91.95     -1
    12.0   30.77      1
    12.0   56.64     -1
    13.0   14.30      1
    13.0   31.94     -1
    14.0   9.660      1
    14.0   17.45     -1
    15.0   4.213      1
    15.0   9.439     -1
    16.0   2.812      1
    16.0   5.079     -1
    17.0   1.214      1
    17.0   2.720     -1
    18.0  0.8031      1
    18.0   1.450     -1
    19.0  0.3433      1
    19.0  0.7697     -1
    20.0  0.2256      1
    20.0  0.4071     -1
    21.0  0.9562E-01  1
    21.0  0.2145     -1
    22.0  0.6247E-01  1
    22.0  0.1127     -1
    23.0  0.2629E-01  1
    23.0  0.5901E-01 -1
    24.0  0.1709E-01  1
    24.0  0.3082E-01 -1
    25.0  0.7150E-02  1
    25.0  0.1605E-01 -1
    26.0  0.4625E-02  1
    26.0  0.8340E-02 -1
    27.0  0.1925E-02  1
    27.0  0.4322E-02 -1
    28.0  0.1238E-02  1
    28.0  0.2232E-02 -1
    29.0  0.5088E-03  1
    29.0  0.1144E-02 -1
    30.0  0.3216E-03  1
    30.0  0.5775E-03 -1
