#  81 angles,  1 tensor ranks for 0=projectile
@subtitle   "39K(3He,d)40Ca 21 MeV DWBA ZR 6025 keV Jpi=2- l=3 n=1 j=5/2"                   
@legend ON
@legend x1 0.2
@legend y1 0.8
@g0 type LOGY
@yaxis ticklabel format power
@legend string   0 "Lab energy =   21.0000"
#legend string   0 "Partition=  2 Excit=  1 near/far= 1"
#  Theta       sigma       iT11        T20         T21         T22         Kyy for projectile
   0.000       1.200    
   1.000       1.204    
   2.000       1.218    
   3.000       1.241    
   4.000       1.274    
   5.000       1.316    
   6.000       1.369    
   7.000       1.433    
   8.000       1.508    
   9.000       1.593    
   10.00       1.689    
   11.00       1.794    
   12.00       1.906    
   13.00       2.021    
   14.00       2.135    
   15.00       2.242    
   16.00       2.337    
   17.00       2.413    
   18.00       2.465    
   19.00       2.487    
   20.00       2.476    
   21.00       2.430    
   22.00       2.349    
   23.00       2.236    
   24.00       2.095    
   25.00       1.930    
   26.00       1.749    
   27.00       1.558    
   28.00       1.365    
   29.00       1.176    
   30.00      0.9986    
   31.00      0.8371    
   32.00      0.6960    
   33.00      0.5776    
   34.00      0.4831    
   35.00      0.4122    
   36.00      0.3632    
   37.00      0.3336    
   38.00      0.3199    
   39.00      0.3184    
   40.00      0.3254    
   41.00      0.3370    
   42.00      0.3501    
   43.00      0.3620    
   44.00      0.3705    
   45.00      0.3743    
   46.00      0.3725    
   47.00      0.3650    
   48.00      0.3520    
   49.00      0.3341    
   50.00      0.3124    
   51.00      0.2878    
   52.00      0.2616    
   53.00      0.2350    
   54.00      0.2089    
   55.00      0.1843    
   56.00      0.1618    
   57.00      0.1419    
   58.00      0.1248    
   59.00      0.1105    
   60.00      0.9894E-01
   61.00      0.8985E-01
   62.00      0.8289E-01
   63.00      0.7768E-01
   64.00      0.7383E-01
   65.00      0.7098E-01
   66.00      0.6880E-01
   67.00      0.6703E-01
   68.00      0.6547E-01
   69.00      0.6399E-01
   70.00      0.6252E-01
   71.00      0.6102E-01
   72.00      0.5952E-01
   73.00      0.5805E-01
   74.00      0.5666E-01
   75.00      0.5543E-01
   76.00      0.5439E-01
   77.00      0.5358E-01
   78.00      0.5303E-01
   79.00      0.5272E-01
   80.00      0.5263E-01
 END
