#  81 angles,  1 tensor ranks for 0=projectile
@subtitle   "39K(3He,d)40Ca 21 MeV DWBA ZR 8425 keV Jpi=2+ l=2 n=3 j=5/2"                   
@legend ON
@legend x1 0.2
@legend y1 0.8
@g0 type LOGY
@yaxis ticklabel format power
@legend string   0 "Lab energy =   21.0000"
#legend string   0 "Partition=  2 Excit=  1 near/far= 1"
#  Theta       sigma       iT11        T20         T21         T22         Kyy for projectile
   0.000       28.80    
   1.000       28.86    
   2.000       29.02    
   3.000       29.28    
   4.000       29.61    
   5.000       29.99    
   6.000       30.37    
   7.000       30.72    
   8.000       30.99    
   9.000       31.13    
   10.00       31.11    
   11.00       30.88    
   12.00       30.41    
   13.00       29.68    
   14.00       28.68    
   15.00       27.42    
   16.00       25.92    
   17.00       24.23    
   18.00       22.39    
   19.00       20.46    
   20.00       18.49    
   21.00       16.55    
   22.00       14.69    
   23.00       12.95    
   24.00       11.37    
   25.00       9.980    
   26.00       8.783    
   27.00       7.781    
   28.00       6.965    
   29.00       6.317    
   30.00       5.811    
   31.00       5.421    
   32.00       5.119    
   33.00       4.875    
   34.00       4.666    
   35.00       4.470    
   36.00       4.272    
   37.00       4.060    
   38.00       3.831    
   39.00       3.582    
   40.00       3.316    
   41.00       3.039    
   42.00       2.757    
   43.00       2.480    
   44.00       2.214    
   45.00       1.966    
   46.00       1.744    
   47.00       1.550    
   48.00       1.388    
   49.00       1.257    
   50.00       1.157    
   51.00       1.084    
   52.00       1.035    
   53.00       1.004    
   54.00      0.9878    
   55.00      0.9801    
   56.00      0.9766    
   57.00      0.9731    
   58.00      0.9663    
   59.00      0.9535    
   60.00      0.9332    
   61.00      0.9046    
   62.00      0.8676    
   63.00      0.8230    
   64.00      0.7719    
   65.00      0.7160    
   66.00      0.6572    
   67.00      0.5973    
   68.00      0.5382    
   69.00      0.4816    
   70.00      0.4290    
   71.00      0.3813    
   72.00      0.3395    
   73.00      0.3038    
   74.00      0.2743    
   75.00      0.2509    
   76.00      0.2331    
   77.00      0.2203    
   78.00      0.2116    
   79.00      0.2062    
   80.00      0.2032    
 END
