#  81 angles,  1 tensor ranks for 0=projectile
@subtitle   "39K(3He,d)40Ca 21 MeV DWBA ZR 8425 keV Jpi=2+ l=2 n=3 j=5/2"                   
@legend ON
@legend x1 0.2
@legend y1 0.8
@g0 type LOGY
@yaxis ticklabel format power
@xaxis label "Scattering angle (degrees)"
@yaxis label "Cross section (mb/sr)"
@legend string   0 "Partition=  1 Excit=  1 near/far= 1"
#legend string   0 "Lab energy =   21.0000"
@s0 linestyle   1
#  Theta       sigma       iT11        T20         T21         T22         Kyy for projectile
  0.1000E-01   1.000    
   1.000      0.9997    
   2.000       1.001    
   3.000      0.9801    
   4.000      0.9937    
   5.000       1.036    
   6.000       1.069    
   7.000       1.070    
   8.000       1.043    
   9.000       1.001    
   10.00      0.9589    
   11.00      0.9259    
   12.00      0.9030    
   13.00      0.8865    
   14.00      0.8704    
   15.00      0.8486    
   16.00      0.8173    
   17.00      0.7752    
   18.00      0.7238    
   19.00      0.6664    
   20.00      0.6075    
   21.00      0.5518    
   22.00      0.5029    
   23.00      0.4636    
   24.00      0.4347    
   25.00      0.4158    
   26.00      0.4051    
   27.00      0.3999    
   28.00      0.3972    
   29.00      0.3941    
   30.00      0.3882    
   31.00      0.3777    
   32.00      0.3620    
   33.00      0.3412    
   34.00      0.3163    
   35.00      0.2889    
   36.00      0.2608    
   37.00      0.2340    
   38.00      0.2104    
   39.00      0.1911    
   40.00      0.1770    
   41.00      0.1682    
   42.00      0.1644    
   43.00      0.1646    
   44.00      0.1677    
   45.00      0.1721    
   46.00      0.1765    
   47.00      0.1796    
   48.00      0.1803    
   49.00      0.1779    
   50.00      0.1722    
   51.00      0.1633    
   52.00      0.1516    
   53.00      0.1378    
   54.00      0.1229    
   55.00      0.1077    
   56.00      0.9318E-01
   57.00      0.8011E-01
   58.00      0.6912E-01
   59.00      0.6059E-01
   60.00      0.5467E-01
   61.00      0.5129E-01
   62.00      0.5018E-01
   63.00      0.5093E-01
   64.00      0.5301E-01
   65.00      0.5587E-01
   66.00      0.5895E-01
   67.00      0.6177E-01
   68.00      0.6392E-01
   69.00      0.6510E-01
   70.00      0.6515E-01
   71.00      0.6402E-01
   72.00      0.6176E-01
   73.00      0.5853E-01
   74.00      0.5453E-01
   75.00      0.5000E-01
   76.00      0.4522E-01
   77.00      0.4042E-01
   78.00      0.3583E-01
   79.00      0.3163E-01
   80.00      0.2793E-01
 END
@legend string   1 "Partition=  2 Excit=  1 near/far= 1"
#legend string   0 "Lab energy =   21.0000"
@s1 linestyle   2
#  Theta       sigma       iT11        T20         T21         T22         Kyy for projectile
   0.000       28.80    
   1.000       28.86    
   2.000       29.02    
   3.000       29.28    
   4.000       29.61    
   5.000       29.99    
   6.000       30.37    
   7.000       30.72    
   8.000       30.99    
   9.000       31.13    
   10.00       31.11    
   11.00       30.88    
   12.00       30.41    
   13.00       29.68    
   14.00       28.68    
   15.00       27.42    
   16.00       25.92    
   17.00       24.23    
   18.00       22.39    
   19.00       20.46    
   20.00       18.49    
   21.00       16.55    
   22.00       14.69    
   23.00       12.95    
   24.00       11.37    
   25.00       9.980    
   26.00       8.783    
   27.00       7.781    
   28.00       6.965    
   29.00       6.317    
   30.00       5.811    
   31.00       5.421    
   32.00       5.119    
   33.00       4.875    
   34.00       4.666    
   35.00       4.470    
   36.00       4.272    
   37.00       4.060    
   38.00       3.831    
   39.00       3.582    
   40.00       3.316    
   41.00       3.039    
   42.00       2.757    
   43.00       2.480    
   44.00       2.214    
   45.00       1.966    
   46.00       1.744    
   47.00       1.550    
   48.00       1.388    
   49.00       1.257    
   50.00       1.157    
   51.00       1.084    
   52.00       1.035    
   53.00       1.004    
   54.00      0.9878    
   55.00      0.9801    
   56.00      0.9766    
   57.00      0.9731    
   58.00      0.9663    
   59.00      0.9535    
   60.00      0.9332    
   61.00      0.9046    
   62.00      0.8676    
   63.00      0.8230    
   64.00      0.7719    
   65.00      0.7160    
   66.00      0.6572    
   67.00      0.5973    
   68.00      0.5382    
   69.00      0.4816    
   70.00      0.4290    
   71.00      0.3813    
   72.00      0.3395    
   73.00      0.3038    
   74.00      0.2743    
   75.00      0.2509    
   76.00      0.2331    
   77.00      0.2203    
   78.00      0.2116    
   79.00      0.2062    
   80.00      0.2032    
 END
