#  81 angles,  1 tensor ranks for 0=projectile
@subtitle   "39K(3He,d)40Ca 21 MeV DWBA ZR 9136 keV Jpi=3- l=1 n=2 j=3/2"                   
@legend ON
@legend x1 0.2
@legend y1 0.8
@g0 type LOGY
@yaxis ticklabel format power
@legend string   0 "Lab energy =   21.0000"
#legend string   0 "Partition=  2 Excit=  1 near/far= 1"
#  Theta       sigma       iT11        T20         T21         T22         Kyy for projectile
   0.000       23.76    
   1.000       23.72    
   2.000       23.58    
   3.000       23.34    
   4.000       22.97    
   5.000       22.46    
   6.000       21.80    
   7.000       20.96    
   8.000       19.95    
   9.000       18.78    
   10.00       17.47    
   11.00       16.05    
   12.00       14.58    
   13.00       13.10    
   14.00       11.66    
   15.00       10.32    
   16.00       9.117    
   17.00       8.079    
   18.00       7.227    
   19.00       6.564    
   20.00       6.083    
   21.00       5.762    
   22.00       5.574    
   23.00       5.485    
   24.00       5.459    
   25.00       5.460    
   26.00       5.457    
   27.00       5.425    
   28.00       5.345    
   29.00       5.206    
   30.00       5.005    
   31.00       4.744    
   32.00       4.432    
   33.00       4.082    
   34.00       3.707    
   35.00       3.324    
   36.00       2.945    
   37.00       2.585    
   38.00       2.252    
   39.00       1.956    
   40.00       1.699    
   41.00       1.484    
   42.00       1.311    
   43.00       1.175    
   44.00       1.073    
   45.00      0.9991    
   46.00      0.9476    
   47.00      0.9127    
   48.00      0.8891    
   49.00      0.8721    
   50.00      0.8577    
   51.00      0.8433    
   52.00      0.8268    
   53.00      0.8072    
   54.00      0.7842    
   55.00      0.7580    
   56.00      0.7293    
   57.00      0.6991    
   58.00      0.6684    
   59.00      0.6383    
   60.00      0.6096    
   61.00      0.5831    
   62.00      0.5593    
   63.00      0.5384    
   64.00      0.5204    
   65.00      0.5050    
   66.00      0.4919    
   67.00      0.4806    
   68.00      0.4705    
   69.00      0.4610    
   70.00      0.4516    
   71.00      0.4417    
   72.00      0.4309    
   73.00      0.4190    
   74.00      0.4056    
   75.00      0.3908    
   76.00      0.3744    
   77.00      0.3567    
   78.00      0.3379    
   79.00      0.3182    
   80.00      0.2979    
 END
