#  81 angles,  1 tensor ranks for 0=projectile
@subtitle   "39K(3He,d)40Ca 21 MeV DWBA ZR 9136 keV Jpi=3- l=1 n=2 j=3/2"                   
@legend ON
@legend x1 0.2
@legend y1 0.8
@g0 type LOGY
@yaxis ticklabel format power
@xaxis label "Scattering angle (degrees)"
@yaxis label "Cross section (mb/sr)"
@legend string   0 "Partition=  1 Excit=  1 near/far= 1"
#legend string   0 "Lab energy =   21.0000"
@s0 linestyle   1
#  Theta       sigma       iT11        T20         T21         T22         Kyy for projectile
  0.1000E-01   1.000    
   1.000      0.9997    
   2.000       1.001    
   3.000      0.9801    
   4.000      0.9937    
   5.000       1.036    
   6.000       1.069    
   7.000       1.070    
   8.000       1.043    
   9.000       1.001    
   10.00      0.9589    
   11.00      0.9259    
   12.00      0.9030    
   13.00      0.8865    
   14.00      0.8704    
   15.00      0.8486    
   16.00      0.8173    
   17.00      0.7752    
   18.00      0.7238    
   19.00      0.6664    
   20.00      0.6075    
   21.00      0.5518    
   22.00      0.5029    
   23.00      0.4636    
   24.00      0.4347    
   25.00      0.4158    
   26.00      0.4051    
   27.00      0.3999    
   28.00      0.3972    
   29.00      0.3941    
   30.00      0.3882    
   31.00      0.3777    
   32.00      0.3620    
   33.00      0.3412    
   34.00      0.3163    
   35.00      0.2889    
   36.00      0.2608    
   37.00      0.2340    
   38.00      0.2104    
   39.00      0.1911    
   40.00      0.1770    
   41.00      0.1682    
   42.00      0.1644    
   43.00      0.1646    
   44.00      0.1677    
   45.00      0.1721    
   46.00      0.1765    
   47.00      0.1796    
   48.00      0.1803    
   49.00      0.1779    
   50.00      0.1722    
   51.00      0.1633    
   52.00      0.1516    
   53.00      0.1378    
   54.00      0.1229    
   55.00      0.1077    
   56.00      0.9318E-01
   57.00      0.8011E-01
   58.00      0.6912E-01
   59.00      0.6059E-01
   60.00      0.5467E-01
   61.00      0.5129E-01
   62.00      0.5018E-01
   63.00      0.5093E-01
   64.00      0.5301E-01
   65.00      0.5587E-01
   66.00      0.5895E-01
   67.00      0.6177E-01
   68.00      0.6392E-01
   69.00      0.6510E-01
   70.00      0.6515E-01
   71.00      0.6402E-01
   72.00      0.6176E-01
   73.00      0.5853E-01
   74.00      0.5453E-01
   75.00      0.5000E-01
   76.00      0.4522E-01
   77.00      0.4042E-01
   78.00      0.3583E-01
   79.00      0.3163E-01
   80.00      0.2793E-01
 END
@legend string   1 "Partition=  2 Excit=  1 near/far= 1"
#legend string   0 "Lab energy =   21.0000"
@s1 linestyle   2
#  Theta       sigma       iT11        T20         T21         T22         Kyy for projectile
   0.000       23.76    
   1.000       23.72    
   2.000       23.58    
   3.000       23.34    
   4.000       22.97    
   5.000       22.46    
   6.000       21.80    
   7.000       20.96    
   8.000       19.95    
   9.000       18.78    
   10.00       17.47    
   11.00       16.05    
   12.00       14.58    
   13.00       13.10    
   14.00       11.66    
   15.00       10.32    
   16.00       9.117    
   17.00       8.079    
   18.00       7.227    
   19.00       6.564    
   20.00       6.083    
   21.00       5.762    
   22.00       5.574    
   23.00       5.485    
   24.00       5.459    
   25.00       5.460    
   26.00       5.457    
   27.00       5.425    
   28.00       5.345    
   29.00       5.206    
   30.00       5.005    
   31.00       4.744    
   32.00       4.432    
   33.00       4.082    
   34.00       3.707    
   35.00       3.324    
   36.00       2.945    
   37.00       2.585    
   38.00       2.252    
   39.00       1.956    
   40.00       1.699    
   41.00       1.484    
   42.00       1.311    
   43.00       1.175    
   44.00       1.073    
   45.00      0.9991    
   46.00      0.9476    
   47.00      0.9127    
   48.00      0.8891    
   49.00      0.8721    
   50.00      0.8577    
   51.00      0.8433    
   52.00      0.8268    
   53.00      0.8072    
   54.00      0.7842    
   55.00      0.7580    
   56.00      0.7293    
   57.00      0.6991    
   58.00      0.6684    
   59.00      0.6383    
   60.00      0.6096    
   61.00      0.5831    
   62.00      0.5593    
   63.00      0.5384    
   64.00      0.5204    
   65.00      0.5050    
   66.00      0.4919    
   67.00      0.4806    
   68.00      0.4705    
   69.00      0.4610    
   70.00      0.4516    
   71.00      0.4417    
   72.00      0.4309    
   73.00      0.4190    
   74.00      0.4056    
   75.00      0.3908    
   76.00      0.3744    
   77.00      0.3567    
   78.00      0.3379    
   79.00      0.3182    
   80.00      0.2979    
 END
