#  81 angles,  1 tensor ranks for 0=projectile
@subtitle   "39K(3He,d)40Ca 21 MeV DWBA ZR 9227.43 keV Jpi=1+ l=0 n=3 j=1/2"                
@legend ON
@legend x1 0.2
@legend y1 0.8
@g0 type LOGY
@yaxis ticklabel format power
@legend string   0 "Lab energy =   21.0000"
#legend string   0 "Partition=  2 Excit=  1 near/far= 1"
#  Theta       sigma       iT11        T20         T21         T22         Kyy for projectile
   0.000       23.78    
   1.000       23.50    
   2.000       22.68    
   3.000       21.36    
   4.000       19.63    
   5.000       17.59    
   6.000       15.35    
   7.000       13.04    
   8.000       10.77    
   9.000       8.643    
   10.00       6.739    
   11.00       5.114    
   12.00       3.797    
   13.00       2.791    
   14.00       2.076    
   15.00       1.616    
   16.00       1.363    
   17.00       1.266    
   18.00       1.272    
   19.00       1.336    
   20.00       1.418    
   21.00       1.491    
   22.00       1.539    
   23.00       1.552    
   24.00       1.532    
   25.00       1.485    
   26.00       1.422    
   27.00       1.353    
   28.00       1.290    
   29.00       1.242    
   30.00       1.215    
   31.00       1.211    
   32.00       1.230    
   33.00       1.268    
   34.00       1.320    
   35.00       1.379    
   36.00       1.437    
   37.00       1.488    
   38.00       1.525    
   39.00       1.543    
   40.00       1.540    
   41.00       1.514    
   42.00       1.464    
   43.00       1.393    
   44.00       1.303    
   45.00       1.198    
   46.00       1.082    
   47.00      0.9605    
   48.00      0.8367    
   49.00      0.7153    
   50.00      0.6000    
   51.00      0.4938    
   52.00      0.3989    
   53.00      0.3170    
   54.00      0.2489    
   55.00      0.1948    
   56.00      0.1545    
   57.00      0.1270    
   58.00      0.1113    
   59.00      0.1057    
   60.00      0.1088    
   61.00      0.1186    
   62.00      0.1336    
   63.00      0.1519    
   64.00      0.1722    
   65.00      0.1928    
   66.00      0.2127    
   67.00      0.2308    
   68.00      0.2464    
   69.00      0.2587    
   70.00      0.2674    
   71.00      0.2722    
   72.00      0.2732    
   73.00      0.2704    
   74.00      0.2640    
   75.00      0.2544    
   76.00      0.2420    
   77.00      0.2273    
   78.00      0.2108    
   79.00      0.1930    
   80.00      0.1745    
 END
