     0.0   1.497      1
     0.0   2.997     -1
     1.0   13.50      1
     1.0   26.99     -1
     2.0   29.97      1
     2.0   59.96     -1
     3.0   42.03      1
     3.0   83.98     -1
     4.0   53.91      1
     4.0   107.9     -1
     5.0   65.87      1
     5.0   131.3     -1
     6.0   76.23      1
     6.0   153.1     -1
     7.0   86.28      1
     7.0   169.6     -1
     8.0   85.07      1
     8.0   173.6     -1
     9.0   81.11      1
     9.0   160.0     -1
    10.0   65.02      1
    10.0   130.3     -1
    11.0   44.26      1
    11.0   91.95     -1
    12.0   30.77      1
    12.0   56.65     -1
    13.0   14.31      1
    13.0   31.94     -1
    14.0   9.661      1
    14.0   17.45     -1
    15.0   4.214      1
    15.0   9.442     -1
    16.0   2.813      1
    16.0   5.081     -1
    17.0   1.214      1
    17.0   2.721     -1
    18.0  0.8035      1
    18.0   1.451     -1
    19.0  0.3434      1
    19.0  0.7701     -1
    20.0  0.2257      1
    20.0  0.4072     -1
    21.0  0.9565E-01  1
    21.0  0.2146     -1
    22.0  0.6250E-01  1
    22.0  0.1127     -1
    23.0  0.2630E-01  1
    23.0  0.5904E-01 -1
    24.0  0.1710E-01  1
    24.0  0.3084E-01 -1
    25.0  0.7157E-02  1
    25.0  0.1607E-01 -1
    26.0  0.4631E-02  1
    26.0  0.8351E-02 -1
    27.0  0.1929E-02  1
    27.0  0.4332E-02 -1
    28.0  0.1243E-02  1
    28.0  0.2242E-02 -1
    29.0  0.5161E-03  1
    29.0  0.1158E-02 -1
    30.0  0.3313E-03  1
    30.0  0.5975E-03 -1
