#  81 angles,  1 tensor ranks for 0=projectile
@subtitle   "39K(3He,d)40Ca 21 MeV DWBA ZR 7114 keV Jpi=4- l=3 n=1 j=7/2"                   
@legend ON
@legend x1 0.2
@legend y1 0.8
@g0 type LOGY
@yaxis ticklabel format power
@xaxis label "Scattering angle (degrees)"
@yaxis label "Cross section (mb/sr)"
@legend string   0 "Partition=  1 Excit=  1 near/far= 1"
#legend string   0 "Lab energy =   21.0000"
@s0 linestyle   1
#  Theta       sigma       iT11        T20         T21         T22         Kyy for projectile
  0.1000E-01   1.000    
   1.000      0.9997    
   2.000       1.001    
   3.000      0.9801    
   4.000      0.9937    
   5.000       1.036    
   6.000       1.069    
   7.000       1.070    
   8.000       1.043    
   9.000       1.001    
   10.00      0.9589    
   11.00      0.9259    
   12.00      0.9030    
   13.00      0.8865    
   14.00      0.8704    
   15.00      0.8486    
   16.00      0.8173    
   17.00      0.7752    
   18.00      0.7238    
   19.00      0.6664    
   20.00      0.6075    
   21.00      0.5518    
   22.00      0.5029    
   23.00      0.4636    
   24.00      0.4347    
   25.00      0.4158    
   26.00      0.4051    
   27.00      0.3999    
   28.00      0.3972    
   29.00      0.3941    
   30.00      0.3882    
   31.00      0.3777    
   32.00      0.3620    
   33.00      0.3412    
   34.00      0.3163    
   35.00      0.2889    
   36.00      0.2608    
   37.00      0.2340    
   38.00      0.2104    
   39.00      0.1911    
   40.00      0.1770    
   41.00      0.1682    
   42.00      0.1644    
   43.00      0.1646    
   44.00      0.1677    
   45.00      0.1721    
   46.00      0.1765    
   47.00      0.1796    
   48.00      0.1803    
   49.00      0.1779    
   50.00      0.1722    
   51.00      0.1633    
   52.00      0.1516    
   53.00      0.1378    
   54.00      0.1229    
   55.00      0.1077    
   56.00      0.9318E-01
   57.00      0.8011E-01
   58.00      0.6912E-01
   59.00      0.6059E-01
   60.00      0.5467E-01
   61.00      0.5129E-01
   62.00      0.5018E-01
   63.00      0.5093E-01
   64.00      0.5301E-01
   65.00      0.5587E-01
   66.00      0.5895E-01
   67.00      0.6177E-01
   68.00      0.6392E-01
   69.00      0.6510E-01
   70.00      0.6515E-01
   71.00      0.6402E-01
   72.00      0.6176E-01
   73.00      0.5853E-01
   74.00      0.5453E-01
   75.00      0.5000E-01
   76.00      0.4522E-01
   77.00      0.4042E-01
   78.00      0.3583E-01
   79.00      0.3163E-01
   80.00      0.2793E-01
 END
@legend string   1 "Partition=  2 Excit=  1 near/far= 1"
#legend string   0 "Lab energy =   21.0000"
@s1 linestyle   2
#  Theta       sigma       iT11        T20         T21         T22         Kyy for projectile
   0.000       4.228    
   1.000       4.234    
   2.000       4.252    
   3.000       4.284    
   4.000       4.327    
   5.000       4.384    
   6.000       4.453    
   7.000       4.536    
   8.000       4.631    
   9.000       4.739    
   10.00       4.858    
   11.00       4.984    
   12.00       5.113    
   13.00       5.239    
   14.00       5.354    
   15.00       5.449    
   16.00       5.516    
   17.00       5.546    
   18.00       5.533    
   19.00       5.469    
   20.00       5.354    
   21.00       5.185    
   22.00       4.965    
   23.00       4.698    
   24.00       4.391    
   25.00       4.053    
   26.00       3.693    
   27.00       3.322    
   28.00       2.952    
   29.00       2.592    
   30.00       2.252    
   31.00       1.941    
   32.00       1.666    
   33.00       1.429    
   34.00       1.234    
   35.00       1.078    
   36.00      0.9597    
   37.00      0.8749    
   38.00      0.8181    
   39.00      0.7837    
   40.00      0.7657    
   41.00      0.7584    
   42.00      0.7569    
   43.00      0.7566    
   44.00      0.7542    
   45.00      0.7468    
   46.00      0.7327    
   47.00      0.7111    
   48.00      0.6819    
   49.00      0.6457    
   50.00      0.6037    
   51.00      0.5575    
   52.00      0.5088    
   53.00      0.4595    
   54.00      0.4114    
   55.00      0.3659    
   56.00      0.3243    
   57.00      0.2872    
   58.00      0.2551    
   59.00      0.2281    
   60.00      0.2060    
   61.00      0.1883    
   62.00      0.1745    
   63.00      0.1639    
   64.00      0.1557    
   65.00      0.1494    
   66.00      0.1443    
   67.00      0.1398    
   68.00      0.1356    
   69.00      0.1314    
   70.00      0.1268    
   71.00      0.1220    
   72.00      0.1168    
   73.00      0.1114    
   74.00      0.1059    
   75.00      0.1006    
   76.00      0.9556E-01
   77.00      0.9106E-01
   78.00      0.8725E-01
   79.00      0.8424E-01
   80.00      0.8210E-01
 END
