     0.0   1.503      1
     0.0   3.006     -1
     1.0   13.53      1
     1.0   27.06     -1
     2.0   30.05      1
     2.0   60.11     -1
     3.0   42.07      1
     3.0   84.11     -1
     4.0   53.96      1
     4.0   108.0     -1
     5.0   65.89      1
     5.0   131.5     -1
     6.0   76.28      1
     6.0   153.4     -1
     7.0   86.32      1
     7.0   169.9     -1
     8.0   85.08      1
     8.0   173.8     -1
     9.0   80.98      1
     9.0   159.9     -1
    10.0   64.64      1
    10.0   129.7     -1
    11.0   43.93      1
    11.0   91.26     -1
    12.0   30.55      1
    12.0   56.18     -1
    13.0   14.18      1
    13.0   31.70     -1
    14.0   9.605      1
    14.0   17.34     -1
    15.0   4.187      1
    15.0   9.388     -1
    16.0   2.801      1
    16.0   5.056     -1
    17.0   1.208      1
    17.0   2.709     -1
    18.0  0.8008      1
    18.0   1.445     -1
    19.0  0.3422      1
    19.0  0.7676     -1
    20.0  0.2251      1
    20.0  0.4061     -1
    21.0  0.9539E-01  1
    21.0  0.2141     -1
    22.0  0.6237E-01  1
    22.0  0.1125     -1
    23.0  0.2625E-01  1
    23.0  0.5892E-01 -1
    24.0  0.1707E-01  1
    24.0  0.3078E-01 -1
    25.0  0.7142E-02  1
    25.0  0.1604E-01 -1
    26.0  0.4622E-02  1
    26.0  0.8333E-02 -1
    27.0  0.1924E-02  1
    27.0  0.4319E-02 -1
    28.0  0.1239E-02  1
    28.0  0.2234E-02 -1
    29.0  0.5135E-03  1
    29.0  0.1153E-02 -1
    30.0  0.3288E-03  1
    30.0  0.5926E-03 -1
