     0.0   1.498      1
     0.0   2.988     -1
     1.0   13.45      1
     1.0   26.91     -1
     2.0   29.95      1
     2.0   59.85     -1
     3.0   41.98      1
     3.0   83.87     -1
     4.0   53.91      1
     4.0   107.7     -1
     5.0   65.75      1
     5.0   131.1     -1
     6.0   76.10      1
     6.0   152.7     -1
     7.0   85.88      1
     7.0   168.9     -1
     8.0   84.82      1
     8.0   173.0     -1
     9.0   80.76      1
     9.0   159.5     -1
    10.0   64.93      1
    10.0   130.0     -1
    11.0   44.14      1
    11.0   91.78     -1
    12.0   30.75      1
    12.0   56.57     -1
    13.0   14.28      1
    13.0   31.91     -1
    14.0   9.658      1
    14.0   17.44     -1
    15.0   4.210      1
    15.0   9.437     -1
    16.0   2.813      1
    16.0   5.079     -1
    17.0   1.213      1
    17.0   2.720     -1
    18.0  0.8034      1
    18.0   1.450     -1
    19.0  0.3433      1
    19.0  0.7699     -1
    20.0  0.2257      1
    20.0  0.4072     -1
    21.0  0.9564E-01  1
    21.0  0.2146     -1
    22.0  0.6249E-01  1
    22.0  0.1127     -1
    23.0  0.2630E-01  1
    23.0  0.5904E-01 -1
    24.0  0.1710E-01  1
    24.0  0.3084E-01 -1
    25.0  0.7156E-02  1
    25.0  0.1607E-01 -1
    26.0  0.4631E-02  1
    26.0  0.8351E-02 -1
    27.0  0.1929E-02  1
    27.0  0.4331E-02 -1
    28.0  0.1243E-02  1
    28.0  0.2242E-02 -1
    29.0  0.5160E-03  1
    29.0  0.1158E-02 -1
    30.0  0.3312E-03  1
    30.0  0.5973E-03 -1
