#  81 angles,  1 tensor ranks for 0=projectile
@subtitle   "39K(3He,d)40Ca 21 MeV DWBA ZR 9226.69 keV Jpi=2+ l=0 n=3 j=1/2"                
@legend ON
@legend x1 0.2
@legend y1 0.8
@g0 type LOGY
@yaxis ticklabel format power
@legend string   0 "Lab energy =   21.0000"
#legend string   0 "Partition=  2 Excit=  1 near/far= 1"
#  Theta       sigma       iT11        T20         T21         T22         Kyy for projectile
   0.000       39.65    
   1.000       39.18    
   2.000       37.81    
   3.000       35.61    
   4.000       32.73    
   5.000       29.32    
   6.000       25.59    
   7.000       21.74    
   8.000       17.96    
   9.000       14.41    
   10.00       11.24    
   11.00       8.526    
   12.00       6.330    
   13.00       4.652    
   14.00       3.460    
   15.00       2.694    
   16.00       2.273    
   17.00       2.111    
   18.00       2.122    
   19.00       2.227    
   20.00       2.365    
   21.00       2.487    
   22.00       2.566    
   23.00       2.589    
   24.00       2.555    
   25.00       2.477    
   26.00       2.370    
   27.00       2.256    
   28.00       2.151    
   29.00       2.071    
   30.00       2.025    
   31.00       2.019    
   32.00       2.051    
   33.00       2.115    
   34.00       2.201    
   35.00       2.299    
   36.00       2.396    
   37.00       2.480    
   38.00       2.542    
   39.00       2.573    
   40.00       2.568    
   41.00       2.524    
   42.00       2.441    
   43.00       2.323    
   44.00       2.173    
   45.00       1.998    
   46.00       1.805    
   47.00       1.601    
   48.00       1.395    
   49.00       1.192    
   50.00       1.000    
   51.00      0.8231    
   52.00      0.6649    
   53.00      0.5284    
   54.00      0.4148    
   55.00      0.3247    
   56.00      0.2575    
   57.00      0.2118    
   58.00      0.1855    
   59.00      0.1763    
   60.00      0.1814    
   61.00      0.1978    
   62.00      0.2227    
   63.00      0.2533    
   64.00      0.2870    
   65.00      0.3215    
   66.00      0.3546    
   67.00      0.3848    
   68.00      0.4107    
   69.00      0.4312    
   70.00      0.4457    
   71.00      0.4538    
   72.00      0.4554    
   73.00      0.4507    
   74.00      0.4400    
   75.00      0.4240    
   76.00      0.4034    
   77.00      0.3789    
   78.00      0.3513    
   79.00      0.3217    
   80.00      0.2908    
 END
