     0.0   1.503      1
     0.0   3.006     -1
     1.0   13.53      1
     1.0   27.05     -1
     2.0   30.05      1
     2.0   60.10     -1
     3.0   42.07      1
     3.0   84.12     -1
     4.0   53.99      1
     4.0   108.0     -1
     5.0   65.91      1
     5.0   131.6     -1
     6.0   76.33      1
     6.0   153.5     -1
     7.0   86.43      1
     7.0   170.1     -1
     8.0   85.23      1
     8.0   174.0     -1
     9.0   81.15      1
     9.0   160.2     -1
    10.0   65.07      1
    10.0   130.3     -1
    11.0   44.23      1
    11.0   91.89     -1
    12.0   30.75      1
    12.0   56.61     -1
    13.0   14.30      1
    13.0   31.93     -1
    14.0   9.655      1
    14.0   17.44     -1
    15.0   4.212      1
    15.0   9.436     -1
    16.0   2.811      1
    16.0   5.077     -1
    17.0   1.213      1
    17.0   2.719     -1
    18.0  0.8029      1
    18.0   1.450     -1
    19.0  0.3432      1
    19.0  0.7696     -1
    20.0  0.2255      1
    20.0  0.4070     -1
    21.0  0.9561E-01  1
    21.0  0.2145     -1
    22.0  0.6246E-01  1
    22.0  0.1127     -1
    23.0  0.2629E-01  1
    23.0  0.5901E-01 -1
    24.0  0.1709E-01  1
    24.0  0.3082E-01 -1
    25.0  0.7153E-02  1
    25.0  0.1606E-01 -1
    26.0  0.4627E-02  1
    26.0  0.8344E-02 -1
    27.0  0.1927E-02  1
    27.0  0.4326E-02 -1
    28.0  0.1241E-02  1
    28.0  0.2238E-02 -1
    29.0  0.5147E-03  1
    29.0  0.1155E-02 -1
    30.0  0.3292E-03  1
    30.0  0.5935E-03 -1
