#  81 angles,  1 tensor ranks for 0=projectile
@subtitle   "39K(3He,d)40Ca 21 MeV DWBA ZR 8851 keV Jpi=7- l=7 n=1 j=15/2"                  
@legend ON
@legend x1 0.2
@legend y1 0.8
@g0 type LOGY
@yaxis ticklabel format power
@legend string   0 "Lab energy =   21.0000"
#legend string   0 "Partition=  2 Excit=  1 near/far= 1"
#  Theta       sigma       iT11        T20         T21         T22         Kyy for projectile
   0.000      0.7438E-01
   1.000      0.7381E-01
   2.000      0.7213E-01
   3.000      0.6940E-01
   4.000      0.6577E-01
   5.000      0.6149E-01
   6.000      0.5700E-01
   7.000      0.5284E-01
   8.000      0.4965E-01
   9.000      0.4802E-01
   10.00      0.4842E-01
   11.00      0.5105E-01
   12.00      0.5576E-01
   13.00      0.6204E-01
   14.00      0.6912E-01
   15.00      0.7612E-01
   16.00      0.8219E-01
   17.00      0.8672E-01
   18.00      0.8943E-01
   19.00      0.9045E-01
   20.00      0.9018E-01
   21.00      0.8928E-01
   22.00      0.8841E-01
   23.00      0.8816E-01
   24.00      0.8887E-01
   25.00      0.9068E-01
   26.00      0.9349E-01
   27.00      0.9703E-01
   28.00      0.1010    
   29.00      0.1052    
   30.00      0.1093    
   31.00      0.1135    
   32.00      0.1176    
   33.00      0.1219    
   34.00      0.1264    
   35.00      0.1311    
   36.00      0.1360    
   37.00      0.1409    
   38.00      0.1458    
   39.00      0.1502    
   40.00      0.1541    
   41.00      0.1573    
   42.00      0.1599    
   43.00      0.1618    
   44.00      0.1632    
   45.00      0.1643    
   46.00      0.1652    
   47.00      0.1660    
   48.00      0.1668    
   49.00      0.1673    
   50.00      0.1675    
   51.00      0.1671    
   52.00      0.1658    
   53.00      0.1633    
   54.00      0.1597    
   55.00      0.1547    
   56.00      0.1486    
   57.00      0.1416    
   58.00      0.1340    
   59.00      0.1263    
   60.00      0.1188    
   61.00      0.1119    
   62.00      0.1058    
   63.00      0.1008    
   64.00      0.9661E-01
   65.00      0.9323E-01
   66.00      0.9038E-01
   67.00      0.8773E-01
   68.00      0.8498E-01
   69.00      0.8191E-01
   70.00      0.7838E-01
   71.00      0.7440E-01
   72.00      0.7012E-01
   73.00      0.6577E-01
   74.00      0.6169E-01
   75.00      0.5818E-01
   76.00      0.5552E-01
   77.00      0.5387E-01
   78.00      0.5328E-01
   79.00      0.5363E-01
   80.00      0.5468E-01
 END
