#  81 angles,  1 tensor ranks for 0=projectile
@subtitle   "39K(3He,d)40Ca 21 MeV DWBA ZR 6931 keV Jpi=3- l=3 n=1 j=5/2"                   
@legend ON
@legend x1 0.2
@legend y1 0.8
@g0 type LOGY
@yaxis ticklabel format power
@legend string   0 "Lab energy =   21.0000"
#legend string   0 "Partition=  2 Excit=  1 near/far= 1"
#  Theta       sigma       iT11        T20         T21         T22         Kyy for projectile
   0.000       2.592    
   1.000       2.601    
   2.000       2.628    
   3.000       2.671    
   4.000       2.731    
   5.000       2.808    
   6.000       2.900    
   7.000       3.008    
   8.000       3.128    
   9.000       3.261    
   10.00       3.403    
   11.00       3.551    
   12.00       3.699    
   13.00       3.843    
   14.00       3.975    
   15.00       4.087    
   16.00       4.172    
   17.00       4.223    
   18.00       4.234    
   19.00       4.199    
   20.00       4.118    
   21.00       3.989    
   22.00       3.815    
   23.00       3.601    
   24.00       3.353    
   25.00       3.078    
   26.00       2.786    
   27.00       2.487    
   28.00       2.188    
   29.00       1.901    
   30.00       1.633    
   31.00       1.391    
   32.00       1.179    
   33.00       1.001    
   34.00      0.8574    
   35.00      0.7478    
   36.00      0.6693    
   37.00      0.6180    
   38.00      0.5893    
   39.00      0.5780    
   40.00      0.5788    
   41.00      0.5870    
   42.00      0.5980    
   43.00      0.6082    
   44.00      0.6146    
   45.00      0.6151    
   46.00      0.6083    
   47.00      0.5938    
   48.00      0.5717    
   49.00      0.5426    
   50.00      0.5079    
   51.00      0.4689    
   52.00      0.4273    
   53.00      0.3848    
   54.00      0.3430    
   55.00      0.3032    
   56.00      0.2665    
   57.00      0.2335    
   58.00      0.2048    
   59.00      0.1804    
   60.00      0.1601    
   61.00      0.1438    
   62.00      0.1310    
   63.00      0.1211    
   64.00      0.1137    
   65.00      0.1082    
   66.00      0.1041    
   67.00      0.1009    
   68.00      0.9835E-01
   69.00      0.9611E-01
   70.00      0.9399E-01
   71.00      0.9186E-01
   72.00      0.8969E-01
   73.00      0.8747E-01
   74.00      0.8526E-01
   75.00      0.8312E-01
   76.00      0.8112E-01
   77.00      0.7935E-01
   78.00      0.7784E-01
   79.00      0.7664E-01
   80.00      0.7575E-01
 END
