#  81 angles,  1 tensor ranks for 0=projectile
@subtitle   "39K(3He,d)40Ca 21 MeV DWBA ZR 9136 keV Jpi=2- l=1 n=3 j=1/2"                   
@legend ON
@legend x1 0.2
@legend y1 0.8
@g0 type LOGY
@yaxis ticklabel format power
@legend string   0 "Lab energy =   21.0000"
#legend string   0 "Partition=  2 Excit=  1 near/far= 1"
#  Theta       sigma       iT11        T20         T21         T22         Kyy for projectile
   0.000       35.13    
   1.000       35.02    
   2.000       34.69    
   3.000       34.12    
   4.000       33.32    
   5.000       32.26    
   6.000       30.95    
   7.000       29.38    
   8.000       27.57    
   9.000       25.54    
   10.00       23.34    
   11.00       21.03    
   12.00       18.66    
   13.00       16.32    
   14.00       14.08    
   15.00       12.02    
   16.00       10.18    
   17.00       8.604    
   18.00       7.320    
   19.00       6.329    
   20.00       5.613    
   21.00       5.144    
   22.00       4.881    
   23.00       4.775    
   24.00       4.778    
   25.00       4.842    
   26.00       4.921    
   27.00       4.981    
   28.00       4.995    
   29.00       4.945    
   30.00       4.823    
   31.00       4.631    
   32.00       4.377    
   33.00       4.073    
   34.00       3.735    
   35.00       3.381    
   36.00       3.027    
   37.00       2.687    
   38.00       2.372    
   39.00       2.091    
   40.00       1.849    
   41.00       1.647    
   42.00       1.486    
   43.00       1.361    
   44.00       1.267    
   45.00       1.199    
   46.00       1.150    
   47.00       1.114    
   48.00       1.086    
   49.00       1.061    
   50.00       1.035    
   51.00       1.006    
   52.00      0.9736    
   53.00      0.9365    
   54.00      0.8952    
   55.00      0.8509    
   56.00      0.8048    
   57.00      0.7585    
   58.00      0.7132    
   59.00      0.6705    
   60.00      0.6311    
   61.00      0.5959    
   62.00      0.5650    
   63.00      0.5385    
   64.00      0.5159    
   65.00      0.4967    
   66.00      0.4801    
   67.00      0.4653    
   68.00      0.4513    
   69.00      0.4375    
   70.00      0.4229    
   71.00      0.4071    
   72.00      0.3897    
   73.00      0.3704    
   74.00      0.3492    
   75.00      0.3263    
   76.00      0.3019    
   77.00      0.2765    
   78.00      0.2506    
   79.00      0.2249    
   80.00      0.1998    
 END
