     0.0   1.499      1
     0.0   3.001     -1
     1.0   13.50      1
     1.0   27.01     -1
     2.0   29.99      1
     2.0   60.03     -1
     3.0   41.99      1
     3.0   84.00     -1
     4.0   53.86      1
     4.0   107.9     -1
     5.0   65.73      1
     5.0   131.3     -1
     6.0   76.06      1
     6.0   153.1     -1
     7.0   85.91      1
     7.0   169.3     -1
     8.0   84.44      1
     8.0   172.7     -1
     9.0   80.15      1
     9.0   158.4     -1
    10.0   63.91      1
    10.0   128.2     -1
    11.0   43.62      1
    11.0   90.28     -1
    12.0   30.13      1
    12.0   55.69     -1
    13.0   14.17      1
    13.0   31.49     -1
    14.0   9.525      1
    14.0   17.26     -1
    15.0   4.189      1
    15.0   9.359     -1
    16.0   2.789      1
    16.0   5.046     -1
    17.0   1.210      1
    17.0   2.706     -1
    18.0  0.7992      1
    18.0   1.444     -1
    19.0  0.3426      1
    19.0  0.7674     -1
    20.0  0.2249      1
    20.0  0.4061     -1
    21.0  0.9551E-01  1
    21.0  0.2141     -1
    22.0  0.6236E-01  1
    22.0  0.1125     -1
    23.0  0.2628E-01  1
    23.0  0.5895E-01 -1
    24.0  0.1707E-01  1
    24.0  0.3080E-01 -1
    25.0  0.7151E-02  1
    25.0  0.1605E-01 -1
    26.0  0.4626E-02  1
    26.0  0.8344E-02 -1
    27.0  0.1928E-02  1
    27.0  0.4328E-02 -1
    28.0  0.1242E-02  1
    28.0  0.2241E-02 -1
    29.0  0.5158E-03  1
    29.0  0.1158E-02 -1
    30.0  0.3311E-03  1
    30.0  0.5972E-03 -1
