     0.0   1.495      1
     0.0   2.992     -1
     1.0   13.48      1
     1.0   26.98     -1
     2.0   29.97      1
     2.0   59.98     -1
     3.0   41.97      1
     3.0   84.00     -1
     4.0   53.90      1
     4.0   107.9     -1
     5.0   65.80      1
     5.0   131.4     -1
     6.0   76.12      1
     6.0   153.1     -1
     7.0   86.13      1
     7.0   169.5     -1
     8.0   85.09      1
     8.0   173.7     -1
     9.0   81.12      1
     9.0   160.2     -1
    10.0   65.22      1
    10.0   130.5     -1
    11.0   44.27      1
    11.0   92.11     -1
    12.0   30.86      1
    12.0   56.74     -1
    13.0   14.31      1
    13.0   31.99     -1
    14.0   9.678      1
    14.0   17.47     -1
    15.0   4.215      1
    15.0   9.450     -1
    16.0   2.816      1
    16.0   5.084     -1
    17.0   1.214      1
    17.0   2.722     -1
    18.0  0.8039      1
    18.0   1.451     -1
    19.0  0.3434      1
    19.0  0.7702     -1
    20.0  0.2258      1
    20.0  0.4073     -1
    21.0  0.9566E-01  1
    21.0  0.2146     -1
    22.0  0.6251E-01  1
    22.0  0.1127     -1
    23.0  0.2630E-01  1
    23.0  0.5904E-01 -1
    24.0  0.1710E-01  1
    24.0  0.3084E-01 -1
    25.0  0.7157E-02  1
    25.0  0.1607E-01 -1
    26.0  0.4632E-02  1
    26.0  0.8352E-02 -1
    27.0  0.1929E-02  1
    27.0  0.4332E-02 -1
    28.0  0.1244E-02  1
    28.0  0.2242E-02 -1
    29.0  0.5161E-03  1
    29.0  0.1159E-02 -1
    30.0  0.3314E-03  1
    30.0  0.5976E-03 -1
