#  81 angles,  1 tensor ranks for 0=projectile
@subtitle   "39K(3He,d)40Ca 21 MeV DWBA ZR 9605 keV Jpi=1- l=1 n=2 j=3/2"                   
@legend ON
@legend x1 0.2
@legend y1 0.8
@g0 type LOGY
@yaxis ticklabel format power
@legend string   0 "Lab energy =   21.0000"
#legend string   0 "Partition=  2 Excit=  1 near/far= 1"
#  Theta       sigma       iT11        T20         T21         T22         Kyy for projectile
   0.000       7.836    
   1.000       7.817    
   2.000       7.759    
   3.000       7.659    
   4.000       7.514    
   5.000       7.319    
   6.000       7.073    
   7.000       6.773    
   8.000       6.424    
   9.000       6.029    
   10.00       5.599    
   11.00       5.144    
   12.00       4.680    
   13.00       4.222    
   14.00       3.784    
   15.00       3.379    
   16.00       3.020    
   17.00       2.714    
   18.00       2.465    
   19.00       2.274    
   20.00       2.137    
   21.00       2.048    
   22.00       1.998    
   23.00       1.975    
   24.00       1.970    
   25.00       1.971    
   26.00       1.969    
   27.00       1.956    
   28.00       1.926    
   29.00       1.876    
   30.00       1.805    
   31.00       1.715    
   32.00       1.607    
   33.00       1.486    
   34.00       1.357    
   35.00       1.224    
   36.00       1.092    
   37.00      0.9651    
   38.00      0.8471    
   39.00      0.7403    
   40.00      0.6466    
   41.00      0.5666    
   42.00      0.5005    
   43.00      0.4474    
   44.00      0.4062    
   45.00      0.3751    
   46.00      0.3524    
   47.00      0.3363    
   48.00      0.3249    
   49.00      0.3167    
   50.00      0.3104    
   51.00      0.3049    
   52.00      0.2994    
   53.00      0.2935    
   54.00      0.2867    
   55.00      0.2792    
   56.00      0.2709    
   57.00      0.2620    
   58.00      0.2528    
   59.00      0.2436    
   60.00      0.2346    
   61.00      0.2260    
   62.00      0.2180    
   63.00      0.2107    
   64.00      0.2041    
   65.00      0.1981    
   66.00      0.1928    
   67.00      0.1879    
   68.00      0.1833    
   69.00      0.1789    
   70.00      0.1746    
   71.00      0.1700    
   72.00      0.1653    
   73.00      0.1602    
   74.00      0.1547    
   75.00      0.1487    
   76.00      0.1423    
   77.00      0.1355    
   78.00      0.1284    
   79.00      0.1210    
   80.00      0.1134    
 END
