#  81 angles,  1 tensor ranks for 0=projectile
@subtitle   "39K(3He,d)40Ca 21 MeV DWBA ZR 9605 keV Jpi=1- l=1 n=2 j=3/2"                   
@legend ON
@legend x1 0.2
@legend y1 0.8
@g0 type LOGY
@yaxis ticklabel format power
@xaxis label "Scattering angle (degrees)"
@yaxis label "Cross section (mb/sr)"
@legend string   0 "Partition=  1 Excit=  1 near/far= 1"
#legend string   0 "Lab energy =   21.0000"
@s0 linestyle   1
#  Theta       sigma       iT11        T20         T21         T22         Kyy for projectile
  0.1000E-01   1.000    
   1.000      0.9997    
   2.000       1.001    
   3.000      0.9801    
   4.000      0.9937    
   5.000       1.036    
   6.000       1.069    
   7.000       1.070    
   8.000       1.043    
   9.000       1.001    
   10.00      0.9589    
   11.00      0.9259    
   12.00      0.9030    
   13.00      0.8865    
   14.00      0.8704    
   15.00      0.8486    
   16.00      0.8173    
   17.00      0.7752    
   18.00      0.7238    
   19.00      0.6664    
   20.00      0.6075    
   21.00      0.5518    
   22.00      0.5029    
   23.00      0.4636    
   24.00      0.4347    
   25.00      0.4158    
   26.00      0.4051    
   27.00      0.3999    
   28.00      0.3972    
   29.00      0.3941    
   30.00      0.3882    
   31.00      0.3777    
   32.00      0.3620    
   33.00      0.3412    
   34.00      0.3163    
   35.00      0.2889    
   36.00      0.2608    
   37.00      0.2340    
   38.00      0.2104    
   39.00      0.1911    
   40.00      0.1770    
   41.00      0.1682    
   42.00      0.1644    
   43.00      0.1646    
   44.00      0.1677    
   45.00      0.1721    
   46.00      0.1765    
   47.00      0.1796    
   48.00      0.1803    
   49.00      0.1779    
   50.00      0.1722    
   51.00      0.1633    
   52.00      0.1516    
   53.00      0.1378    
   54.00      0.1229    
   55.00      0.1077    
   56.00      0.9318E-01
   57.00      0.8011E-01
   58.00      0.6912E-01
   59.00      0.6059E-01
   60.00      0.5467E-01
   61.00      0.5129E-01
   62.00      0.5018E-01
   63.00      0.5093E-01
   64.00      0.5301E-01
   65.00      0.5587E-01
   66.00      0.5895E-01
   67.00      0.6177E-01
   68.00      0.6392E-01
   69.00      0.6510E-01
   70.00      0.6515E-01
   71.00      0.6402E-01
   72.00      0.6176E-01
   73.00      0.5853E-01
   74.00      0.5453E-01
   75.00      0.5000E-01
   76.00      0.4522E-01
   77.00      0.4042E-01
   78.00      0.3583E-01
   79.00      0.3163E-01
   80.00      0.2793E-01
 END
@legend string   1 "Partition=  2 Excit=  1 near/far= 1"
#legend string   0 "Lab energy =   21.0000"
@s1 linestyle   2
#  Theta       sigma       iT11        T20         T21         T22         Kyy for projectile
   0.000       7.836    
   1.000       7.817    
   2.000       7.759    
   3.000       7.659    
   4.000       7.514    
   5.000       7.319    
   6.000       7.073    
   7.000       6.773    
   8.000       6.424    
   9.000       6.029    
   10.00       5.599    
   11.00       5.144    
   12.00       4.680    
   13.00       4.222    
   14.00       3.784    
   15.00       3.379    
   16.00       3.020    
   17.00       2.714    
   18.00       2.465    
   19.00       2.274    
   20.00       2.137    
   21.00       2.048    
   22.00       1.998    
   23.00       1.975    
   24.00       1.970    
   25.00       1.971    
   26.00       1.969    
   27.00       1.956    
   28.00       1.926    
   29.00       1.876    
   30.00       1.805    
   31.00       1.715    
   32.00       1.607    
   33.00       1.486    
   34.00       1.357    
   35.00       1.224    
   36.00       1.092    
   37.00      0.9651    
   38.00      0.8471    
   39.00      0.7403    
   40.00      0.6466    
   41.00      0.5666    
   42.00      0.5005    
   43.00      0.4474    
   44.00      0.4062    
   45.00      0.3751    
   46.00      0.3524    
   47.00      0.3363    
   48.00      0.3249    
   49.00      0.3167    
   50.00      0.3104    
   51.00      0.3049    
   52.00      0.2994    
   53.00      0.2935    
   54.00      0.2867    
   55.00      0.2792    
   56.00      0.2709    
   57.00      0.2620    
   58.00      0.2528    
   59.00      0.2436    
   60.00      0.2346    
   61.00      0.2260    
   62.00      0.2180    
   63.00      0.2107    
   64.00      0.2041    
   65.00      0.1981    
   66.00      0.1928    
   67.00      0.1879    
   68.00      0.1833    
   69.00      0.1789    
   70.00      0.1746    
   71.00      0.1700    
   72.00      0.1653    
   73.00      0.1602    
   74.00      0.1547    
   75.00      0.1487    
   76.00      0.1423    
   77.00      0.1355    
   78.00      0.1284    
   79.00      0.1210    
   80.00      0.1134    
 END
