#  81 angles,  1 tensor ranks for 0=projectile
@subtitle   "39K(3He,d)40Ca 21 MeV DWBA ZR 8551 keV Jpi=5- l=7 n=1 j=13/2"                  
@legend ON
@legend x1 0.2
@legend y1 0.8
@g0 type LOGY
@yaxis ticklabel format power
@legend string   0 "Lab energy =   21.0000"
#legend string   0 "Partition=  2 Excit=  1 near/far= 1"
#  Theta       sigma       iT11        T20         T21         T22         Kyy for projectile
   0.000      0.1329    
   1.000      0.1308    
   2.000      0.1246    
   3.000      0.1150    
   4.000      0.1029    
   5.000      0.8986E-01
   6.000      0.7755E-01
   7.000      0.6786E-01
   8.000      0.6240E-01
   9.000      0.6208E-01
   10.00      0.6688E-01
   11.00      0.7570E-01
   12.00      0.8652E-01
   13.00      0.9692E-01
   14.00      0.1046    
   15.00      0.1082    
   16.00      0.1071    
   17.00      0.1024    
   18.00      0.9572E-01
   19.00      0.8921E-01
   20.00      0.8478E-01
   21.00      0.8361E-01
   22.00      0.8592E-01
   23.00      0.9101E-01
   24.00      0.9758E-01
   25.00      0.1041    
   26.00      0.1093    
   27.00      0.1124    
   28.00      0.1131    
   29.00      0.1119    
   30.00      0.1093    
   31.00      0.1061    
   32.00      0.1031    
   33.00      0.1009    
   34.00      0.9976E-01
   35.00      0.1001    
   36.00      0.1020    
   37.00      0.1057    
   38.00      0.1111    
   39.00      0.1179    
   40.00      0.1259    
   41.00      0.1343    
   42.00      0.1422    
   43.00      0.1486    
   44.00      0.1527    
   45.00      0.1539    
   46.00      0.1519    
   47.00      0.1471    
   48.00      0.1402    
   49.00      0.1321    
   50.00      0.1241    
   51.00      0.1172    
   52.00      0.1120    
   53.00      0.1090    
   54.00      0.1079    
   55.00      0.1082    
   56.00      0.1092    
   57.00      0.1099    
   58.00      0.1095    
   59.00      0.1075    
   60.00      0.1036    
   61.00      0.9797E-01
   62.00      0.9087E-01
   63.00      0.8291E-01
   64.00      0.7474E-01
   65.00      0.6702E-01
   66.00      0.6025E-01
   67.00      0.5477E-01
   68.00      0.5074E-01
   69.00      0.4808E-01
   70.00      0.4659E-01
   71.00      0.4593E-01
   72.00      0.4574E-01
   73.00      0.4568E-01
   74.00      0.4547E-01
   75.00      0.4494E-01
   76.00      0.4403E-01
   77.00      0.4279E-01
   78.00      0.4133E-01
   79.00      0.3983E-01
   80.00      0.3844E-01
 END
