     0.0   1.503      1
     0.0   3.006     -1
     1.0   13.53      1
     1.0   27.06     -1
     2.0   30.06      1
     2.0   60.12     -1
     3.0   42.07      1
     3.0   84.12     -1
     4.0   54.02      1
     4.0   108.0     -1
     5.0   65.92      1
     5.0   131.6     -1
     6.0   76.44      1
     6.0   153.6     -1
     7.0   86.54      1
     7.0   170.2     -1
     8.0   85.43      1
     8.0   174.4     -1
     9.0   81.44      1
     9.0   160.7     -1
    10.0   65.35      1
    10.0   130.8     -1
    11.0   44.38      1
    11.0   92.28     -1
    12.0   30.88      1
    12.0   56.81     -1
    13.0   14.33      1
    13.0   32.01     -1
    14.0   9.682      1
    14.0   17.48     -1
    15.0   4.215      1
    15.0   9.451     -1
    16.0   2.814      1
    16.0   5.082     -1
    17.0   1.214      1
    17.0   2.719     -1
    18.0  0.8029      1
    18.0   1.442     -1
    19.0  0.3356      1
    19.0  0.7623     -1
    20.0  0.2219      1
    20.0  0.4028     -1
    21.0  0.9311E-01  1
    21.0  0.2005     -1
    22.0  0.5579E-01  1
    22.0  0.1046     -1
    23.0  0.2570E-01  1
    23.0  0.5801E-01 -1
    24.0  0.1556E-01  1
    24.0  0.2845E-01 -1
    25.0  0.7117E-02  1
    25.0  0.1593E-01 -1
    26.0  0.4624E-02  1
    26.0  0.8337E-02 -1
    27.0  0.1929E-02  1
    27.0  0.4328E-02 -1
    28.0  0.1243E-02  1
    28.0  0.2241E-02 -1
    29.0  0.5160E-03  1
    29.0  0.1158E-02 -1
    30.0  0.3312E-03  1
    30.0  0.5973E-03 -1
    31.0  0.1370E-03  1
    31.0  0.3075E-03 -1
    32.0  0.8755E-04  1
    32.0  0.1579E-03 -1
    33.0  0.3603E-04  1
    33.0  0.8084E-04 -1
    34.0  0.2279E-04  1
    34.0  0.4107E-04 -1
    35.0  0.9121E-05  1
    35.0  0.2057E-04 -1
