#  81 angles,  1 tensor ranks for 0=projectile
@subtitle   "39K(3He,d)40Ca 21 MeV DWBA ZR 9605 keV Jpi=1- l=3 n=1 j=5/2"                   
@legend ON
@legend x1 0.2
@legend y1 0.8
@g0 type LOGY
@yaxis ticklabel format power
@legend string   0 "Lab energy =   21.0000"
#legend string   0 "Partition=  2 Excit=  1 near/far= 1"
#  Theta       sigma       iT11        T20         T21         T22         Kyy for projectile
   0.000       1.708    
   1.000       1.711    
   2.000       1.720    
   3.000       1.733    
   4.000       1.751    
   5.000       1.773    
   6.000       1.797    
   7.000       1.823    
   8.000       1.848    
   9.000       1.871    
   10.00       1.891    
   11.00       1.906    
   12.00       1.915    
   13.00       1.915    
   14.00       1.905    
   15.00       1.886    
   16.00       1.855    
   17.00       1.814    
   18.00       1.761    
   19.00       1.698    
   20.00       1.624    
   21.00       1.541    
   22.00       1.451    
   23.00       1.354    
   24.00       1.253    
   25.00       1.150    
   26.00       1.047    
   27.00      0.9463    
   28.00      0.8495    
   29.00      0.7586    
   30.00      0.6747    
   31.00      0.5991    
   32.00      0.5324    
   33.00      0.4750    
   34.00      0.4268    
   35.00      0.3876    
   36.00      0.3567    
   37.00      0.3332    
   38.00      0.3161    
   39.00      0.3041    
   40.00      0.2960    
   41.00      0.2907    
   42.00      0.2868    
   43.00      0.2836    
   44.00      0.2802    
   45.00      0.2759    
   46.00      0.2703    
   47.00      0.2630    
   48.00      0.2541    
   49.00      0.2434    
   50.00      0.2312    
   51.00      0.2175    
   52.00      0.2029    
   53.00      0.1876    
   54.00      0.1721    
   55.00      0.1567    
   56.00      0.1418    
   57.00      0.1277    
   58.00      0.1146    
   59.00      0.1027    
   60.00      0.9202E-01
   61.00      0.8259E-01
   62.00      0.7442E-01
   63.00      0.6745E-01
   64.00      0.6160E-01
   65.00      0.5677E-01
   66.00      0.5284E-01
   67.00      0.4966E-01
   68.00      0.4710E-01
   69.00      0.4501E-01
   70.00      0.4327E-01
   71.00      0.4177E-01
   72.00      0.4042E-01
   73.00      0.3915E-01
   74.00      0.3792E-01
   75.00      0.3671E-01
   76.00      0.3551E-01
   77.00      0.3433E-01
   78.00      0.3317E-01
   79.00      0.3204E-01
   80.00      0.3095E-01
 END
