     0.0   1.503      1
     0.0   3.005     -1
     1.0   13.52      1
     1.0   27.05     -1
     2.0   30.06      1
     2.0   60.11     -1
     3.0   42.06      1
     3.0   84.13     -1
     4.0   54.02      1
     4.0   108.1     -1
     5.0   65.91      1
     5.0   131.6     -1
     6.0   76.38      1
     6.0   153.6     -1
     7.0   86.39      1
     7.0   170.0     -1
     8.0   85.28      1
     8.0   174.1     -1
     9.0   81.12      1
     9.0   160.3     -1
    10.0   65.31      1
    10.0   130.6     -1
    11.0   44.29      1
    11.0   92.18     -1
    12.0   30.88      1
    12.0   56.77     -1
    13.0   14.32      1
    13.0   32.00     -1
    14.0   9.681      1
    14.0   17.48     -1
    15.0   4.216      1
    15.0   9.452     -1
    16.0   2.816      1
    16.0   5.084     -1
    17.0   1.214      1
    17.0   2.722     -1
    18.0  0.8040      1
    18.0   1.451     -1
    19.0  0.3434      1
    19.0  0.7703     -1
    20.0  0.2258      1
    20.0  0.4073     -1
    21.0  0.9565E-01  1
    21.0  0.2146     -1
    22.0  0.6251E-01  1
    22.0  0.1127     -1
    23.0  0.2630E-01  1
    23.0  0.5904E-01 -1
    24.0  0.1710E-01  1
    24.0  0.3084E-01 -1
    25.0  0.7156E-02  1
    25.0  0.1607E-01 -1
    26.0  0.4632E-02  1
    26.0  0.8351E-02 -1
    27.0  0.1929E-02  1
    27.0  0.4332E-02 -1
    28.0  0.1244E-02  1
    28.0  0.2242E-02 -1
    29.0  0.5158E-03  1
    29.0  0.1158E-02 -1
    30.0  0.3314E-03  1
    30.0  0.5975E-03 -1
