     0.0   1.497      1
     0.0   2.994     -1
     1.0   13.45      1
     1.0   26.94     -1
     2.0   29.91      1
     2.0   59.89     -1
     3.0   41.93      1
     3.0   83.93     -1
     4.0   53.85      1
     4.0   107.8     -1
     5.0   65.78      1
     5.0   131.4     -1
     6.0   76.04      1
     6.0   153.1     -1
     7.0   85.94      1
     7.0   169.1     -1
     8.0   84.41      1
     8.0   172.1     -1
     9.0   79.52      1
     9.0   157.8     -1
    10.0   64.14      1
    10.0   128.2     -1
    11.0   43.52      1
    11.0   90.61     -1
    12.0   30.47      1
    12.0   55.97     -1
    13.0   14.13      1
    13.0   31.63     -1
    14.0   9.597      1
    14.0   17.30     -1
    15.0   4.176      1
    15.0   9.374     -1
    16.0   2.799      1
    16.0   5.049     -1
    17.0   1.206      1
    17.0   2.706     -1
    18.0  0.8005      1
    18.0   1.444     -1
    19.0  0.3417      1
    19.0  0.7670     -1
    20.0  0.2251      1
    20.0  0.4059     -1
    21.0  0.9533E-01  1
    21.0  0.2140     -1
    22.0  0.6237E-01  1
    22.0  0.1125     -1
    23.0  0.2624E-01  1
    23.0  0.5892E-01 -1
    24.0  0.1707E-01  1
    24.0  0.3079E-01 -1
    25.0  0.7147E-02  1
    25.0  0.1605E-01 -1
    26.0  0.4628E-02  1
    26.0  0.8344E-02 -1
    27.0  0.1926E-02  1
    27.0  0.4326E-02 -1
    28.0  0.1241E-02  1
    28.0  0.2236E-02 -1
    29.0  0.5124E-03  1
    29.0  0.1152E-02 -1
    30.0  0.3293E-03  1
    30.0  0.5929E-03 -1
