#  81 angles,  1 tensor ranks for 0=projectile
@subtitle   "39K(3He,d)40Ca 21 MeV DWBA ZR 8271 keV Jpi=3- l=3 n=2 j=7/2"                   
@legend ON
@legend x1 0.2
@legend y1 0.8
@g0 type LOGY
@yaxis ticklabel format power
@legend string   0 "Lab energy =   21.0000"
#legend string   0 "Partition=  2 Excit=  1 near/far= 1"
#  Theta       sigma       iT11        T20         T21         T22         Kyy for projectile
   0.000       13.12    
   1.000       13.15    
   2.000       13.22    
   3.000       13.35    
   4.000       13.51    
   5.000       13.71    
   6.000       13.94    
   7.000       14.17    
   8.000       14.41    
   9.000       14.64    
   10.00       14.84    
   11.00       14.99    
   12.00       15.09    
   13.00       15.12    
   14.00       15.06    
   15.00       14.92    
   16.00       14.69    
   17.00       14.36    
   18.00       13.93    
   19.00       13.42    
   20.00       12.82    
   21.00       12.14    
   22.00       11.39    
   23.00       10.58    
   24.00       9.740    
   25.00       8.874    
   26.00       8.007    
   27.00       7.158    
   28.00       6.349    
   29.00       5.594    
   30.00       4.908    
   31.00       4.300    
   32.00       3.774    
   33.00       3.330    
   34.00       2.965    
   35.00       2.673    
   36.00       2.448    
   37.00       2.281    
   38.00       2.161    
   39.00       2.079    
   40.00       2.024    
   41.00       1.986    
   42.00       1.956    
   43.00       1.926    
   44.00       1.888    
   45.00       1.838    
   46.00       1.773    
   47.00       1.692    
   48.00       1.596    
   49.00       1.489    
   50.00       1.372    
   51.00       1.251    
   52.00       1.129    
   53.00       1.009    
   54.00      0.8946    
   55.00      0.7881    
   56.00      0.6913    
   57.00      0.6057    
   58.00      0.5321    
   59.00      0.4706    
   60.00      0.4212    
   61.00      0.3831    
   62.00      0.3552    
   63.00      0.3360    
   64.00      0.3239    
   65.00      0.3170    
   66.00      0.3135    
   67.00      0.3118    
   68.00      0.3106    
   69.00      0.3088    
   70.00      0.3056    
   71.00      0.3006    
   72.00      0.2935    
   73.00      0.2844    
   74.00      0.2735    
   75.00      0.2610    
   76.00      0.2474    
   77.00      0.2331    
   78.00      0.2185    
   79.00      0.2042    
   80.00      0.1905    
 END
