     0.0   1.487      1
     0.0   2.986     -1
     1.0   13.48      1
     1.0   26.96     -1
     2.0   29.95      1
     2.0   59.97     -1
     3.0   42.00      1
     3.0   84.01     -1
     4.0   53.91      1
     4.0   107.9     -1
     5.0   65.85      1
     5.0   131.4     -1
     6.0   76.01      1
     6.0   153.1     -1
     7.0   86.14      1
     7.0   168.8     -1
     8.0   84.08      1
     8.0   172.4     -1
     9.0   80.54      1
     9.0   158.9     -1
    10.0   64.83      1
    10.0   129.7     -1
    11.0   44.11      1
    11.0   91.76     -1
    12.0   30.77      1
    12.0   56.58     -1
    13.0   14.28      1
    13.0   31.92     -1
    14.0   9.661      1
    14.0   17.44     -1
    15.0   4.209      1
    15.0   9.436     -1
    16.0   2.813      1
    16.0   5.078     -1
    17.0   1.213      1
    17.0   2.719     -1
    18.0  0.8033      1
    18.0   1.450     -1
    19.0  0.3432      1
    19.0  0.7697     -1
    20.0  0.2256      1
    20.0  0.4071     -1
    21.0  0.9560E-01  1
    21.0  0.2145     -1
    22.0  0.6248E-01  1
    22.0  0.1127     -1
    23.0  0.2629E-01  1
    23.0  0.5902E-01 -1
    24.0  0.1710E-01  1
    24.0  0.3083E-01 -1
    25.0  0.7154E-02  1
    25.0  0.1606E-01 -1
    26.0  0.4631E-02  1
    26.0  0.8349E-02 -1
    27.0  0.1929E-02  1
    27.0  0.4331E-02 -1
    28.0  0.1243E-02  1
    28.0  0.2242E-02 -1
    29.0  0.5159E-03  1
    29.0  0.1158E-02 -1
    30.0  0.3312E-03  1
    30.0  0.5974E-03 -1
