#  81 angles,  1 tensor ranks for 0=projectile
@subtitle   "39K(3He,d)40Ca 21 MeV DWBA ZR 9136 keV Jpi=2- l=3 n=2 j=7/2"                   
@legend ON
@legend x1 0.2
@legend y1 0.8
@g0 type LOGY
@yaxis ticklabel format power
@legend string   0 "Lab energy =   21.0000"
#legend string   0 "Partition=  2 Excit=  1 near/far= 1"
#  Theta       sigma       iT11        T20         T21         T22         Kyy for projectile
   0.000       8.800    
   1.000       8.812    
   2.000       8.848    
   3.000       8.904    
   4.000       8.978    
   5.000       9.064    
   6.000       9.157    
   7.000       9.250    
   8.000       9.335    
   9.000       9.405    
   10.00       9.453    
   11.00       9.471    
   12.00       9.454    
   13.00       9.395    
   14.00       9.290    
   15.00       9.136    
   16.00       8.930    
   17.00       8.671    
   18.00       8.363    
   19.00       8.006    
   20.00       7.607    
   21.00       7.172    
   22.00       6.708    
   23.00       6.225    
   24.00       5.730    
   25.00       5.234    
   26.00       4.745    
   27.00       4.272    
   28.00       3.823    
   29.00       3.405    
   30.00       3.023    
   31.00       2.683    
   32.00       2.386    
   33.00       2.133    
   34.00       1.923    
   35.00       1.754    
   36.00       1.621    
   37.00       1.520    
   38.00       1.444    
   39.00       1.389    
   40.00       1.349    
   41.00       1.317    
   42.00       1.291    
   43.00       1.265    
   44.00       1.236    
   45.00       1.201    
   46.00       1.160    
   47.00       1.112    
   48.00       1.055    
   49.00      0.9915    
   50.00      0.9223    
   51.00      0.8492    
   52.00      0.7742    
   53.00      0.6991    
   54.00      0.6260    
   55.00      0.5564    
   56.00      0.4917    
   57.00      0.4330    
   58.00      0.3810    
   59.00      0.3361    
   60.00      0.2984    
   61.00      0.2676    
   62.00      0.2433    
   63.00      0.2249    
   64.00      0.2115    
   65.00      0.2021    
   66.00      0.1958    
   67.00      0.1917    
   68.00      0.1889    
   69.00      0.1868    
   70.00      0.1846    
   71.00      0.1821    
   72.00      0.1789    
   73.00      0.1749    
   74.00      0.1699    
   75.00      0.1640    
   76.00      0.1573    
   77.00      0.1500    
   78.00      0.1422    
   79.00      0.1343    
   80.00      0.1264    
 END
