     0.0   1.499      1
     0.0   3.000     -1
     1.0   13.49      1
     1.0   27.00     -1
     2.0   29.96      1
     2.0   59.98     -1
     3.0   41.96      1
     3.0   83.94     -1
     4.0   53.83      1
     4.0   107.8     -1
     5.0   65.79      1
     5.0   131.4     -1
     6.0   76.17      1
     6.0   153.3     -1
     7.0   86.25      1
     7.0   169.8     -1
     8.0   84.87      1
     8.0   173.6     -1
     9.0   80.56      1
     9.0   159.4     -1
    10.0   64.02      1
    10.0   128.3     -1
    11.0   42.67      1
    11.0   88.99     -1
    12.0   28.53      1
    12.0   53.28     -1
    13.0   13.73      1
    13.0   29.76     -1
    14.0   8.846      1
    14.0   16.36     -1
    15.0   4.088      1
    15.0   8.940     -1
    16.0   2.641      1
    16.0   4.851     -1
    17.0   1.187      1
    17.0   2.616     -1
    18.0  0.7677      1
    18.0   1.402     -1
    19.0  0.3378      1
    19.0  0.7482     -1
    20.0  0.2183      1
    20.0  0.3973     -1
    21.0  0.9448E-01  1
    21.0  0.2101     -1
    22.0  0.6097E-01  1
    22.0  0.1107     -1
    23.0  0.2608E-01  1
    23.0  0.5814E-01 -1
    24.0  0.1681E-01  1
    24.0  0.3044E-01 -1
    25.0  0.7109E-02  1
    25.0  0.1589E-01 -1
    26.0  0.4571E-02  1
    26.0  0.8272E-02 -1
    27.0  0.1923E-02  1
    27.0  0.4301E-02 -1
    28.0  0.1235E-02  1
    28.0  0.2231E-02 -1
    29.0  0.5133E-03  1
    29.0  0.1152E-02 -1
    30.0  0.3273E-03  1
    30.0  0.5902E-03 -1
