#  81 angles,  1 tensor ranks for 0=projectile
@subtitle   "39K(3He,d)40Ca 21 MeV DWBA ZR 8188 keV Jpi=4- l=3 n=2 j=5/2"                   
@legend ON
@legend x1 0.2
@legend y1 0.8
@g0 type LOGY
@yaxis ticklabel format power
@legend string   0 "Lab energy =   21.0000"
#legend string   0 "Partition=  2 Excit=  1 near/far= 1"
#  Theta       sigma       iT11        T20         T21         T22         Kyy for projectile
   0.000       14.61    
   1.000       14.66    
   2.000       14.79    
   3.000       15.01    
   4.000       15.30    
   5.000       15.66    
   6.000       16.07    
   7.000       16.53    
   8.000       17.00    
   9.000       17.47    
   10.00       17.92    
   11.00       18.33    
   12.00       18.66    
   13.00       18.89    
   14.00       19.02    
   15.00       19.01    
   16.00       18.87    
   17.00       18.57    
   18.00       18.12    
   19.00       17.52    
   20.00       16.78    
   21.00       15.91    
   22.00       14.92    
   23.00       13.83    
   24.00       12.68    
   25.00       11.49    
   26.00       10.29    
   27.00       9.108    
   28.00       7.982    
   29.00       6.934    
   30.00       5.984    
   31.00       5.145    
   32.00       4.426    
   33.00       3.827    
   34.00       3.345    
   35.00       2.972    
   36.00       2.698    
   37.00       2.508    
   38.00       2.389    
   39.00       2.325    
   40.00       2.300    
   41.00       2.300    
   42.00       2.310    
   43.00       2.318    
   44.00       2.314    
   45.00       2.291    
   46.00       2.246    
   47.00       2.175    
   48.00       2.082    
   49.00       1.968    
   50.00       1.837    
   51.00       1.696    
   52.00       1.548    
   53.00       1.398    
   54.00       1.252    
   55.00       1.113    
   56.00      0.9828    
   57.00      0.8651    
   58.00      0.7610    
   59.00      0.6713    
   60.00      0.5960    
   61.00      0.5346    
   62.00      0.4857    
   63.00      0.4478    
   64.00      0.4190    
   65.00      0.3973    
   66.00      0.3806    
   67.00      0.3673    
   68.00      0.3557    
   69.00      0.3447    
   70.00      0.3336    
   71.00      0.3216    
   72.00      0.3088    
   73.00      0.2950    
   74.00      0.2805    
   75.00      0.2656    
   76.00      0.2506    
   77.00      0.2362    
   78.00      0.2226    
   79.00      0.2103    
   80.00      0.1994    
 END
