#  81 angles,  1 tensor ranks for 0=projectile
@subtitle   "39K(3He,d)40Ca 21 MeV DWBA ZR 9226.69 keV Jpi=1- l=3 n=2 j=5/2"                
@legend ON
@legend x1 0.2
@legend y1 0.8
@g0 type LOGY
@yaxis ticklabel format power
@legend string   0 "Lab energy =   21.0000"
#legend string   0 "Partition=  2 Excit=  1 near/far= 1"
#  Theta       sigma       iT11        T20         T21         T22         Kyy for projectile
   0.000       4.678    
   1.000       4.689    
   2.000       4.720    
   3.000       4.771    
   4.000       4.838    
   5.000       4.919    
   6.000       5.009    
   7.000       5.104    
   8.000       5.199    
   9.000       5.287    
   10.00       5.365    
   11.00       5.426    
   12.00       5.464    
   13.00       5.476    
   14.00       5.457    
   15.00       5.403    
   16.00       5.314    
   17.00       5.187    
   18.00       5.023    
   19.00       4.825    
   20.00       4.594    
   21.00       4.335    
   22.00       4.054    
   23.00       3.756    
   24.00       3.447    
   25.00       3.134    
   26.00       2.824    
   27.00       2.522    
   28.00       2.235    
   29.00       1.967    
   30.00       1.723    
   31.00       1.506    
   32.00       1.317    
   33.00       1.157    
   34.00       1.027    
   35.00      0.9239    
   36.00      0.8456    
   37.00      0.7890    
   38.00      0.7503    
   39.00      0.7259    
   40.00      0.7118    
   41.00      0.7045    
   42.00      0.7007    
   43.00      0.6975    
   44.00      0.6927    
   45.00      0.6843    
   46.00      0.6713    
   47.00      0.6528    
   48.00      0.6287    
   49.00      0.5993    
   50.00      0.5653    
   51.00      0.5276    
   52.00      0.4873    
   53.00      0.4457    
   54.00      0.4040    
   55.00      0.3632    
   56.00      0.3244    
   57.00      0.2881    
   58.00      0.2551    
   59.00      0.2256    
   60.00      0.1998    
   61.00      0.1777    
   62.00      0.1591    
   63.00      0.1438    
   64.00      0.1314    
   65.00      0.1214    
   66.00      0.1135    
   67.00      0.1071    
   68.00      0.1019    
   69.00      0.9750E-01
   70.00      0.9356E-01
   71.00      0.8987E-01
   72.00      0.8627E-01
   73.00      0.8268E-01
   74.00      0.7905E-01
   75.00      0.7538E-01
   76.00      0.7172E-01
   77.00      0.6813E-01
   78.00      0.6468E-01
   79.00      0.6144E-01
   80.00      0.5851E-01
 END
