#  81 angles,  1 tensor ranks for 0=projectile
@subtitle   "39K(3He,d)40Ca 21 MeV DWBA ZR 9226.69 keV Jpi=1- l=3 n=2 j=5/2"                
@legend ON
@legend x1 0.2
@legend y1 0.8
@g0 type LOGY
@yaxis ticklabel format power
@xaxis label "Scattering angle (degrees)"
@yaxis label "Cross section (mb/sr)"
@legend string   0 "Partition=  1 Excit=  1 near/far= 1"
#legend string   0 "Lab energy =   21.0000"
@s0 linestyle   1
#  Theta       sigma       iT11        T20         T21         T22         Kyy for projectile
  0.1000E-01   1.000    
   1.000      0.9997    
   2.000       1.001    
   3.000      0.9801    
   4.000      0.9937    
   5.000       1.036    
   6.000       1.069    
   7.000       1.070    
   8.000       1.043    
   9.000       1.001    
   10.00      0.9589    
   11.00      0.9259    
   12.00      0.9030    
   13.00      0.8865    
   14.00      0.8704    
   15.00      0.8486    
   16.00      0.8173    
   17.00      0.7752    
   18.00      0.7238    
   19.00      0.6664    
   20.00      0.6075    
   21.00      0.5518    
   22.00      0.5029    
   23.00      0.4636    
   24.00      0.4347    
   25.00      0.4158    
   26.00      0.4051    
   27.00      0.3999    
   28.00      0.3972    
   29.00      0.3941    
   30.00      0.3882    
   31.00      0.3777    
   32.00      0.3620    
   33.00      0.3412    
   34.00      0.3163    
   35.00      0.2889    
   36.00      0.2608    
   37.00      0.2340    
   38.00      0.2104    
   39.00      0.1911    
   40.00      0.1770    
   41.00      0.1682    
   42.00      0.1644    
   43.00      0.1646    
   44.00      0.1677    
   45.00      0.1721    
   46.00      0.1765    
   47.00      0.1796    
   48.00      0.1803    
   49.00      0.1779    
   50.00      0.1722    
   51.00      0.1633    
   52.00      0.1516    
   53.00      0.1378    
   54.00      0.1229    
   55.00      0.1077    
   56.00      0.9318E-01
   57.00      0.8011E-01
   58.00      0.6912E-01
   59.00      0.6059E-01
   60.00      0.5467E-01
   61.00      0.5129E-01
   62.00      0.5018E-01
   63.00      0.5093E-01
   64.00      0.5301E-01
   65.00      0.5587E-01
   66.00      0.5895E-01
   67.00      0.6177E-01
   68.00      0.6392E-01
   69.00      0.6510E-01
   70.00      0.6515E-01
   71.00      0.6402E-01
   72.00      0.6176E-01
   73.00      0.5853E-01
   74.00      0.5453E-01
   75.00      0.5000E-01
   76.00      0.4522E-01
   77.00      0.4042E-01
   78.00      0.3583E-01
   79.00      0.3163E-01
   80.00      0.2793E-01
 END
@legend string   1 "Partition=  2 Excit=  1 near/far= 1"
#legend string   0 "Lab energy =   21.0000"
@s1 linestyle   2
#  Theta       sigma       iT11        T20         T21         T22         Kyy for projectile
   0.000       4.678    
   1.000       4.689    
   2.000       4.720    
   3.000       4.771    
   4.000       4.838    
   5.000       4.919    
   6.000       5.009    
   7.000       5.104    
   8.000       5.199    
   9.000       5.287    
   10.00       5.365    
   11.00       5.426    
   12.00       5.464    
   13.00       5.476    
   14.00       5.457    
   15.00       5.403    
   16.00       5.314    
   17.00       5.187    
   18.00       5.023    
   19.00       4.825    
   20.00       4.594    
   21.00       4.335    
   22.00       4.054    
   23.00       3.756    
   24.00       3.447    
   25.00       3.134    
   26.00       2.824    
   27.00       2.522    
   28.00       2.235    
   29.00       1.967    
   30.00       1.723    
   31.00       1.506    
   32.00       1.317    
   33.00       1.157    
   34.00       1.027    
   35.00      0.9239    
   36.00      0.8456    
   37.00      0.7890    
   38.00      0.7503    
   39.00      0.7259    
   40.00      0.7118    
   41.00      0.7045    
   42.00      0.7007    
   43.00      0.6975    
   44.00      0.6927    
   45.00      0.6843    
   46.00      0.6713    
   47.00      0.6528    
   48.00      0.6287    
   49.00      0.5993    
   50.00      0.5653    
   51.00      0.5276    
   52.00      0.4873    
   53.00      0.4457    
   54.00      0.4040    
   55.00      0.3632    
   56.00      0.3244    
   57.00      0.2881    
   58.00      0.2551    
   59.00      0.2256    
   60.00      0.1998    
   61.00      0.1777    
   62.00      0.1591    
   63.00      0.1438    
   64.00      0.1314    
   65.00      0.1214    
   66.00      0.1135    
   67.00      0.1071    
   68.00      0.1019    
   69.00      0.9750E-01
   70.00      0.9356E-01
   71.00      0.8987E-01
   72.00      0.8627E-01
   73.00      0.8268E-01
   74.00      0.7905E-01
   75.00      0.7538E-01
   76.00      0.7172E-01
   77.00      0.6813E-01
   78.00      0.6468E-01
   79.00      0.6144E-01
   80.00      0.5851E-01
 END
