#  81 angles,  1 tensor ranks for 0=projectile
@subtitle   "39K(3He,d)40Ca 21 MeV DWBA ZR 8484 keV Jpi=1- l=1 n=3 j=3/2"                   
@legend ON
@legend x1 0.2
@legend y1 0.8
@g0 type LOGY
@yaxis ticklabel format power
@legend string   0 "Lab energy =   21.0000"
#legend string   0 "Partition=  2 Excit=  1 near/far= 1"
#  Theta       sigma       iT11        T20         T21         T22         Kyy for projectile
   0.000       24.77    
   1.000       24.74    
   2.000       24.64    
   3.000       24.46    
   4.000       24.16    
   5.000       23.72    
   6.000       23.11    
   7.000       22.29    
   8.000       21.27    
   9.000       20.04    
   10.00       18.62    
   11.00       17.04    
   12.00       15.36    
   13.00       13.64    
   14.00       11.95    
   15.00       10.34    
   16.00       8.868    
   17.00       7.589    
   18.00       6.524    
   19.00       5.686    
   20.00       5.066    
   21.00       4.643    
   22.00       4.386    
   23.00       4.254    
   24.00       4.205    
   25.00       4.200    
   26.00       4.201    
   27.00       4.181    
   28.00       4.119    
   29.00       4.001    
   30.00       3.825    
   31.00       3.594    
   32.00       3.316    
   33.00       3.005    
   34.00       2.676    
   35.00       2.345    
   36.00       2.027    
   37.00       1.735    
   38.00       1.478    
   39.00       1.263    
   40.00       1.092    
   41.00      0.9655    
   42.00      0.8805    
   43.00      0.8319    
   44.00      0.8133    
   45.00      0.8175    
   46.00      0.8372    
   47.00      0.8652    
   48.00      0.8952    
   49.00      0.9219    
   50.00      0.9412    
   51.00      0.9502    
   52.00      0.9472    
   53.00      0.9319    
   54.00      0.9048    
   55.00      0.8669    
   56.00      0.8202    
   57.00      0.7666    
   58.00      0.7084    
   59.00      0.6478    
   60.00      0.5868    
   61.00      0.5272    
   62.00      0.4704    
   63.00      0.4176    
   64.00      0.3696    
   65.00      0.3269    
   66.00      0.2896    
   67.00      0.2578    
   68.00      0.2310    
   69.00      0.2091    
   70.00      0.1913    
   71.00      0.1773    
   72.00      0.1664    
   73.00      0.1582    
   74.00      0.1520    
   75.00      0.1474    
   76.00      0.1441    
   77.00      0.1415    
   78.00      0.1396    
   79.00      0.1379    
   80.00      0.1364    
 END
