     0.0   1.502      1
     0.0   3.004     -1
     1.0   13.52      1
     1.0   27.04     -1
     2.0   30.03      1
     2.0   60.07     -1
     3.0   42.02      1
     3.0   84.05     -1
     4.0   53.87      1
     4.0   107.9     -1
     5.0   65.72      1
     5.0   131.2     -1
     6.0   75.68      1
     6.0   152.5     -1
     7.0   85.51      1
     7.0   168.4     -1
     8.0   84.45      1
     8.0   172.2     -1
     9.0   80.42      1
     9.0   158.9     -1
    10.0   64.86      1
    10.0   129.6     -1
    11.0   43.99      1
    11.0   91.63     -1
    12.0   30.76      1
    12.0   56.51     -1
    13.0   14.25      1
    13.0   31.88     -1
    14.0   9.659      1
    14.0   17.42     -1
    15.0   4.202      1
    15.0   9.429     -1
    16.0   2.812      1
    16.0   5.074     -1
    17.0   1.212      1
    17.0   2.718     -1
    18.0  0.8032      1
    18.0   1.449     -1
    19.0  0.3429      1
    19.0  0.7694     -1
    20.0  0.2256      1
    20.0  0.4070     -1
    21.0  0.9556E-01  1
    21.0  0.2145     -1
    22.0  0.6248E-01  1
    22.0  0.1127     -1
    23.0  0.2629E-01  1
    23.0  0.5902E-01 -1
    24.0  0.1710E-01  1
    24.0  0.3083E-01 -1
    25.0  0.7153E-02  1
    25.0  0.1606E-01 -1
    26.0  0.4631E-02  1
    26.0  0.8350E-02 -1
    27.0  0.1929E-02  1
    27.0  0.4331E-02 -1
    28.0  0.1244E-02  1
    28.0  0.2242E-02 -1
    29.0  0.5161E-03  1
    29.0  0.1159E-02 -1
    30.0  0.3313E-03  1
    30.0  0.5975E-03 -1
