     0.0   1.503      1
     0.0   3.006     -1
     1.0   13.53      1
     1.0   27.06     -1
     2.0   30.05      1
     2.0   60.11     -1
     3.0   42.07      1
     3.0   84.12     -1
     4.0   54.00      1
     4.0   108.0     -1
     5.0   65.90      1
     5.0   131.6     -1
     6.0   76.35      1
     6.0   153.5     -1
     7.0   86.35      1
     7.0   170.0     -1
     8.0   85.14      1
     8.0   174.0     -1
     9.0   81.01      1
     9.0   160.0     -1
    10.0   64.85      1
    10.0   129.9     -1
    11.0   43.83      1
    11.0   91.42     -1
    12.0   30.74      1
    12.0   56.36     -1
    13.0   14.19      1
    13.0   31.82     -1
    14.0   9.657      1
    14.0   17.40     -1
    15.0   4.194      1
    15.0   9.420     -1
    16.0   2.812      1
    16.0   5.071     -1
    17.0   1.210      1
    17.0   2.717     -1
    18.0  0.8032      1
    18.0   1.449     -1
    19.0  0.3428      1
    19.0  0.7693     -1
    20.0  0.2256      1
    20.0  0.4069     -1
    21.0  0.9554E-01  1
    21.0  0.2145     -1
    22.0  0.6249E-01  1
    22.0  0.1127     -1
    23.0  0.2628E-01  1
    23.0  0.5902E-01 -1
    24.0  0.1710E-01  1
    24.0  0.3083E-01 -1
    25.0  0.7153E-02  1
    25.0  0.1606E-01 -1
    26.0  0.4631E-02  1
    26.0  0.8349E-02 -1
    27.0  0.1929E-02  1
    27.0  0.4331E-02 -1
    28.0  0.1243E-02  1
    28.0  0.2242E-02 -1
    29.0  0.5159E-03  1
    29.0  0.1158E-02 -1
    30.0  0.3313E-03  1
    30.0  0.5974E-03 -1
