#  81 angles,  1 tensor ranks for 0=projectile
@subtitle   "39K(3He,d)40Ca 21 MeV DWBA ZR 9603 keV Jpi=3- l=3 n=1 j=5/2"                   
@legend ON
@legend x1 0.2
@legend y1 0.8
@g0 type LOGY
@yaxis ticklabel format power
@legend string   0 "Lab energy =   21.0000"
#legend string   0 "Partition=  2 Excit=  1 near/far= 1"
#  Theta       sigma       iT11        T20         T21         T22         Kyy for projectile
   0.000       3.991    
   1.000       3.997    
   2.000       4.016    
   3.000       4.047    
   4.000       4.088    
   5.000       4.138    
   6.000       4.195    
   7.000       4.254    
   8.000       4.314    
   9.000       4.369    
   10.00       4.415    
   11.00       4.449    
   12.00       4.468    
   13.00       4.468    
   14.00       4.446    
   15.00       4.401    
   16.00       4.331    
   17.00       4.234    
   18.00       4.112    
   19.00       3.964    
   20.00       3.792    
   21.00       3.598    
   22.00       3.386    
   23.00       3.160    
   24.00       2.925    
   25.00       2.684    
   26.00       2.444    
   27.00       2.209    
   28.00       1.983    
   29.00       1.771    
   30.00       1.575    
   31.00       1.398    
   32.00       1.242    
   33.00       1.108    
   34.00      0.9961    
   35.00      0.9048    
   36.00      0.8328    
   37.00      0.7781    
   38.00      0.7381    
   39.00      0.7100    
   40.00      0.6909    
   41.00      0.6781    
   42.00      0.6691    
   43.00      0.6616    
   44.00      0.6537    
   45.00      0.6438    
   46.00      0.6308    
   47.00      0.6141    
   48.00      0.5932    
   49.00      0.5682    
   50.00      0.5395    
   51.00      0.5077    
   52.00      0.4735    
   53.00      0.4378    
   54.00      0.4016    
   55.00      0.3657    
   56.00      0.3310    
   57.00      0.2981    
   58.00      0.2675    
   59.00      0.2396    
   60.00      0.2146    
   61.00      0.1926    
   62.00      0.1735    
   63.00      0.1573    
   64.00      0.1438    
   65.00      0.1325    
   66.00      0.1234    
   67.00      0.1160    
   68.00      0.1100    
   69.00      0.1051    
   70.00      0.1010    
   71.00      0.9742E-01
   72.00      0.9424E-01
   73.00      0.9127E-01
   74.00      0.8843E-01
   75.00      0.8564E-01
   76.00      0.8288E-01
   77.00      0.8014E-01
   78.00      0.7745E-01
   79.00      0.7481E-01
   80.00      0.7225E-01
 END
