#  81 angles,  1 tensor ranks for 0=projectile
@subtitle   "39K(3He,d)40Ca 21 MeV DWBA ZR 9092 keV Jpi=3- l=1 n=2 j=3/2"                   
@legend ON
@legend x1 0.2
@legend y1 0.8
@g0 type LOGY
@yaxis ticklabel format power
@legend string   0 "Lab energy =   21.0000"
#legend string   0 "Partition=  2 Excit=  1 near/far= 1"
#  Theta       sigma       iT11        T20         T21         T22         Kyy for projectile
   0.000       24.37    
   1.000       24.32    
   2.000       24.18    
   3.000       23.92    
   4.000       23.54    
   5.000       23.02    
   6.000       22.34    
   7.000       21.49    
   8.000       20.46    
   9.000       19.27    
   10.00       17.93    
   11.00       16.49    
   12.00       14.97    
   13.00       13.45    
   14.00       11.97    
   15.00       10.58    
   16.00       9.333    
   17.00       8.260    
   18.00       7.378    
   19.00       6.693    
   20.00       6.195    
   21.00       5.863    
   22.00       5.667    
   23.00       5.574    
   24.00       5.545    
   25.00       5.546    
   26.00       5.543    
   27.00       5.511    
   28.00       5.430    
   29.00       5.289    
   30.00       5.084    
   31.00       4.819    
   32.00       4.501    
   33.00       4.143    
   34.00       3.761    
   35.00       3.370    
   36.00       2.984    
   37.00       2.617    
   38.00       2.279    
   39.00       1.977    
   40.00       1.717    
   41.00       1.500    
   42.00       1.324    
   43.00       1.188    
   44.00       1.085    
   45.00       1.011    
   46.00      0.9603    
   47.00      0.9258    
   48.00      0.9026    
   49.00      0.8857    
   50.00      0.8714    
   51.00      0.8568    
   52.00      0.8399    
   53.00      0.8197    
   54.00      0.7959    
   55.00      0.7688    
   56.00      0.7391    
   57.00      0.7079    
   58.00      0.6762    
   59.00      0.6451    
   60.00      0.6156    
   61.00      0.5885    
   62.00      0.5642    
   63.00      0.5429    
   64.00      0.5246    
   65.00      0.5091    
   66.00      0.4960    
   67.00      0.4847    
   68.00      0.4747    
   69.00      0.4653    
   70.00      0.4560    
   71.00      0.4462    
   72.00      0.4356    
   73.00      0.4236    
   74.00      0.4102    
   75.00      0.3952    
   76.00      0.3787    
   77.00      0.3607    
   78.00      0.3416    
   79.00      0.3216    
   80.00      0.3011    
 END
