#  81 angles,  1 tensor ranks for 0=projectile
@subtitle   "39K(3He,d)40Ca 21 MeV DWBA ZR 7623 keV Jpi=3+ l=2 n=3 j=3/2"                   
@legend ON
@legend x1 0.2
@legend y1 0.8
@g0 type LOGY
@yaxis ticklabel format power
@legend string   0 "Lab energy =   21.0000"
#legend string   0 "Partition=  2 Excit=  1 near/far= 1"
#  Theta       sigma       iT11        T20         T21         T22         Kyy for projectile
   0.000       40.25    
   1.000       40.32    
   2.000       40.55    
   3.000       40.91    
   4.000       41.39    
   5.000       41.95    
   6.000       42.54    
   7.000       43.12    
   8.000       43.62    
   9.000       43.97    
   10.00       44.10    
   11.00       43.93    
   12.00       43.40    
   13.00       42.47    
   14.00       41.11    
   15.00       39.31    
   16.00       37.13    
   17.00       34.60    
   18.00       31.83    
   19.00       28.89    
   20.00       25.91    
   21.00       22.97    
   22.00       20.18    
   23.00       17.61    
   24.00       15.31    
   25.00       13.34    
   26.00       11.70    
   27.00       10.39    
   28.00       9.376    
   29.00       8.631    
   30.00       8.101    
   31.00       7.732    
   32.00       7.468    
   33.00       7.257    
   34.00       7.056    
   35.00       6.831    
   36.00       6.558    
   37.00       6.226    
   38.00       5.833    
   39.00       5.384    
   40.00       4.893    
   41.00       4.376    
   42.00       3.853    
   43.00       3.343    
   44.00       2.864    
   45.00       2.432    
   46.00       2.057    
   47.00       1.747    
   48.00       1.505    
   49.00       1.329    
   50.00       1.214    
   51.00       1.152    
   52.00       1.134    
   53.00       1.147    
   54.00       1.182    
   55.00       1.227    
   56.00       1.272    
   57.00       1.311    
   58.00       1.336    
   59.00       1.344    
   60.00       1.333    
   61.00       1.301    
   62.00       1.251    
   63.00       1.184    
   64.00       1.105    
   65.00       1.017    
   66.00      0.9237    
   67.00      0.8295    
   68.00      0.7379    
   69.00      0.6516    
   70.00      0.5731    
   71.00      0.5040    
   72.00      0.4452    
   73.00      0.3969    
   74.00      0.3589    
   75.00      0.3302    
   76.00      0.3098    
   77.00      0.2959    
   78.00      0.2872    
   79.00      0.2819    
   80.00      0.2785    
 END
