     0.0   1.497      1
     0.0   2.995     -1
     1.0   13.50      1
     1.0   26.98     -1
     2.0   29.97      1
     2.0   59.95     -1
     3.0   42.01      1
     3.0   83.92     -1
     4.0   53.90      1
     4.0   107.8     -1
     5.0   65.83      1
     5.0   131.3     -1
     6.0   76.25      1
     6.0   153.1     -1
     7.0   86.16      1
     7.0   169.3     -1
     8.0   84.71      1
     8.0   172.6     -1
     9.0   79.95      1
     9.0   157.5     -1
    10.0   63.17      1
    10.0   125.7     -1
    11.0   41.54      1
    11.0   85.68     -1
    12.0   27.36      1
    12.0   51.62     -1
    13.0   13.53      1
    13.0   29.17     -1
    14.0   8.716      1
    14.0   16.15     -1
    15.0   4.050      1
    15.0   8.846     -1
    16.0   2.618      1
    16.0   4.810     -1
    17.0   1.180      1
    17.0   2.598     -1
    18.0  0.7635      1
    18.0   1.395     -1
    19.0  0.3363      1
    19.0  0.7449     -1
    20.0  0.2175      1
    20.0  0.3958     -1
    21.0  0.9418E-01  1
    21.0  0.2094     -1
    22.0  0.6081E-01  1
    22.0  0.1104     -1
    23.0  0.2600E-01  1
    23.0  0.5797E-01 -1
    24.0  0.1675E-01  1
    24.0  0.3034E-01 -1
    25.0  0.7092E-02  1
    25.0  0.1584E-01 -1
    26.0  0.4559E-02  1
    26.0  0.8249E-02 -1
    27.0  0.1915E-02  1
    27.0  0.4284E-02 -1
    28.0  0.1228E-02  1
    28.0  0.2220E-02 -1
    29.0  0.5135E-03  1
    29.0  0.1149E-02 -1
    30.0  0.3285E-03  1
    30.0  0.5935E-03 -1
