#  81 angles,  1 tensor ranks for 0=projectile
@subtitle   "39K(3He,d)40Ca 21 MeV DWBA ZR 8748 keV Jpi=2+ l=2 n=2 j=5/2"                   
@legend ON
@legend x1 0.2
@legend y1 0.8
@g0 type LOGY
@yaxis ticklabel format power
@xaxis label "Scattering angle (degrees)"
@yaxis label "Cross section (mb/sr)"
@legend string   0 "Partition=  1 Excit=  1 near/far= 1"
#legend string   0 "Lab energy =   21.0000"
@s0 linestyle   1
#  Theta       sigma       iT11        T20         T21         T22         Kyy for projectile
  0.1000E-01   1.000    
   1.000      0.9997    
   2.000       1.001    
   3.000      0.9801    
   4.000      0.9937    
   5.000       1.036    
   6.000       1.069    
   7.000       1.070    
   8.000       1.043    
   9.000       1.001    
   10.00      0.9589    
   11.00      0.9259    
   12.00      0.9030    
   13.00      0.8865    
   14.00      0.8704    
   15.00      0.8486    
   16.00      0.8173    
   17.00      0.7752    
   18.00      0.7238    
   19.00      0.6664    
   20.00      0.6075    
   21.00      0.5518    
   22.00      0.5029    
   23.00      0.4636    
   24.00      0.4347    
   25.00      0.4158    
   26.00      0.4051    
   27.00      0.3999    
   28.00      0.3972    
   29.00      0.3941    
   30.00      0.3882    
   31.00      0.3777    
   32.00      0.3620    
   33.00      0.3412    
   34.00      0.3163    
   35.00      0.2889    
   36.00      0.2608    
   37.00      0.2340    
   38.00      0.2104    
   39.00      0.1911    
   40.00      0.1770    
   41.00      0.1682    
   42.00      0.1644    
   43.00      0.1646    
   44.00      0.1677    
   45.00      0.1721    
   46.00      0.1765    
   47.00      0.1796    
   48.00      0.1803    
   49.00      0.1779    
   50.00      0.1722    
   51.00      0.1633    
   52.00      0.1516    
   53.00      0.1378    
   54.00      0.1229    
   55.00      0.1077    
   56.00      0.9318E-01
   57.00      0.8011E-01
   58.00      0.6912E-01
   59.00      0.6059E-01
   60.00      0.5467E-01
   61.00      0.5129E-01
   62.00      0.5018E-01
   63.00      0.5093E-01
   64.00      0.5301E-01
   65.00      0.5587E-01
   66.00      0.5895E-01
   67.00      0.6177E-01
   68.00      0.6392E-01
   69.00      0.6510E-01
   70.00      0.6515E-01
   71.00      0.6402E-01
   72.00      0.6176E-01
   73.00      0.5853E-01
   74.00      0.5453E-01
   75.00      0.5000E-01
   76.00      0.4522E-01
   77.00      0.4042E-01
   78.00      0.3583E-01
   79.00      0.3163E-01
   80.00      0.2793E-01
 END
@legend string   1 "Partition=  2 Excit=  1 near/far= 1"
#legend string   0 "Lab energy =   21.0000"
@s1 linestyle   2
#  Theta       sigma       iT11        T20         T21         T22         Kyy for projectile
   0.000       15.54    
   1.000       15.57    
   2.000       15.67    
   3.000       15.82    
   4.000       16.02    
   5.000       16.24    
   6.000       16.46    
   7.000       16.65    
   8.000       16.79    
   9.000       16.86    
   10.00       16.82    
   11.00       16.66    
   12.00       16.37    
   13.00       15.93    
   14.00       15.35    
   15.00       14.62    
   16.00       13.78    
   17.00       12.83    
   18.00       11.81    
   19.00       10.74    
   20.00       9.663    
   21.00       8.602    
   22.00       7.590    
   23.00       6.650    
   24.00       5.804    
   25.00       5.062    
   26.00       4.432    
   27.00       3.911    
   28.00       3.495    
   29.00       3.173    
   30.00       2.932    
   31.00       2.755    
   32.00       2.627    
   33.00       2.534    
   34.00       2.459    
   35.00       2.393    
   36.00       2.324    
   37.00       2.247    
   38.00       2.156    
   39.00       2.051    
   40.00       1.932    
   41.00       1.802    
   42.00       1.663    
   43.00       1.521    
   44.00       1.380    
   45.00       1.243    
   46.00       1.115    
   47.00      0.9978    
   48.00      0.8939    
   49.00      0.8043    
   50.00      0.7289    
   51.00      0.6673    
   52.00      0.6181    
   53.00      0.5795    
   54.00      0.5496    
   55.00      0.5262    
   56.00      0.5071    
   57.00      0.4905    
   58.00      0.4746    
   59.00      0.4583    
   60.00      0.4407    
   61.00      0.4212    
   62.00      0.3998    
   63.00      0.3768    
   64.00      0.3524    
   65.00      0.3275    
   66.00      0.3027    
   67.00      0.2788    
   68.00      0.2564    
   69.00      0.2363    
   70.00      0.2189    
   71.00      0.2045    
   72.00      0.1934    
   73.00      0.1856    
   74.00      0.1810    
   75.00      0.1791    
   76.00      0.1797    
   77.00      0.1821    
   78.00      0.1859    
   79.00      0.1905    
   80.00      0.1953    
 END
