     0.0   1.503      1
     0.0   3.004     -1
     1.0   13.52      1
     1.0   27.04     -1
     2.0   30.04      1
     2.0   60.05     -1
     3.0   42.03      1
     3.0   84.02     -1
     4.0   53.94      1
     4.0   107.9     -1
     5.0   65.83      1
     5.0   131.3     -1
     6.0   76.04      1
     6.0   152.9     -1
     7.0   85.78      1
     7.0   168.6     -1
     8.0   84.52      1
     8.0   172.0     -1
     9.0   80.06      1
     9.0   158.3     -1
    10.0   64.55      1
    10.0   129.1     -1
    11.0   43.86      1
    11.0   91.34     -1
    12.0   30.68      1
    12.0   56.37     -1
    13.0   14.22      1
    13.0   31.82     -1
    14.0   9.643      1
    14.0   17.40     -1
    15.0   4.197      1
    15.0   9.416     -1
    16.0   2.809      1
    16.0   5.069     -1
    17.0   1.211      1
    17.0   2.716     -1
    18.0  0.8026      1
    18.0   1.448     -1
    19.0  0.3427      1
    19.0  0.7690     -1
    20.0  0.2255      1
    20.0  0.4068     -1
    21.0  0.9552E-01  1
    21.0  0.2144     -1
    22.0  0.6246E-01  1
    22.0  0.1126     -1
    23.0  0.2628E-01  1
    23.0  0.5900E-01 -1
    24.0  0.1709E-01  1
    24.0  0.3082E-01 -1
    25.0  0.7152E-02  1
    25.0  0.1606E-01 -1
    26.0  0.4630E-02  1
    26.0  0.8348E-02 -1
    27.0  0.1929E-02  1
    27.0  0.4330E-02 -1
    28.0  0.1243E-02  1
    28.0  0.2242E-02 -1
    29.0  0.5158E-03  1
    29.0  0.1158E-02 -1
    30.0  0.3312E-03  1
    30.0  0.5972E-03 -1
