#  81 angles,  1 tensor ranks for 0=projectile
@subtitle   "39K(3He,d)40Ca 21 MeV DWBA ZR 8748 keV Jpi=2+ l=2 n=2 j=5/2"                   
@legend ON
@legend x1 0.2
@legend y1 0.8
@g0 type LOGY
@yaxis ticklabel format power
@legend string   0 "Lab energy =   21.0000"
#legend string   0 "Partition=  2 Excit=  1 near/far= 1"
#  Theta       sigma       iT11        T20         T21         T22         Kyy for projectile
   0.000       15.54    
   1.000       15.57    
   2.000       15.67    
   3.000       15.82    
   4.000       16.02    
   5.000       16.24    
   6.000       16.46    
   7.000       16.65    
   8.000       16.79    
   9.000       16.86    
   10.00       16.82    
   11.00       16.66    
   12.00       16.37    
   13.00       15.93    
   14.00       15.35    
   15.00       14.62    
   16.00       13.78    
   17.00       12.83    
   18.00       11.81    
   19.00       10.74    
   20.00       9.663    
   21.00       8.602    
   22.00       7.590    
   23.00       6.650    
   24.00       5.804    
   25.00       5.062    
   26.00       4.432    
   27.00       3.911    
   28.00       3.495    
   29.00       3.173    
   30.00       2.932    
   31.00       2.755    
   32.00       2.627    
   33.00       2.534    
   34.00       2.459    
   35.00       2.393    
   36.00       2.324    
   37.00       2.247    
   38.00       2.156    
   39.00       2.051    
   40.00       1.932    
   41.00       1.802    
   42.00       1.663    
   43.00       1.521    
   44.00       1.380    
   45.00       1.243    
   46.00       1.115    
   47.00      0.9978    
   48.00      0.8939    
   49.00      0.8043    
   50.00      0.7289    
   51.00      0.6673    
   52.00      0.6181    
   53.00      0.5795    
   54.00      0.5496    
   55.00      0.5262    
   56.00      0.5071    
   57.00      0.4905    
   58.00      0.4746    
   59.00      0.4583    
   60.00      0.4407    
   61.00      0.4212    
   62.00      0.3998    
   63.00      0.3768    
   64.00      0.3524    
   65.00      0.3275    
   66.00      0.3027    
   67.00      0.2788    
   68.00      0.2564    
   69.00      0.2363    
   70.00      0.2189    
   71.00      0.2045    
   72.00      0.1934    
   73.00      0.1856    
   74.00      0.1810    
   75.00      0.1791    
   76.00      0.1797    
   77.00      0.1821    
   78.00      0.1859    
   79.00      0.1905    
   80.00      0.1953    
 END
