#  81 angles,  1 tensor ranks for 0=projectile
@subtitle   "39K(3He,d)40Ca 21 MeV DWBA ZR 9136 keV Jpi=3- l=5 n=1 j=9/2"                   
@legend ON
@legend x1 0.2
@legend y1 0.8
@g0 type LOGY
@yaxis ticklabel format power
@xaxis label "Scattering angle (degrees)"
@yaxis label "Cross section (mb/sr)"
@legend string   0 "Partition=  1 Excit=  1 near/far= 1"
#legend string   0 "Lab energy =   21.0000"
@s0 linestyle   1
#  Theta       sigma       iT11        T20         T21         T22         Kyy for projectile
  0.1000E-01   1.000    
   1.000      0.9997    
   2.000       1.001    
   3.000      0.9801    
   4.000      0.9937    
   5.000       1.036    
   6.000       1.069    
   7.000       1.070    
   8.000       1.043    
   9.000       1.001    
   10.00      0.9589    
   11.00      0.9259    
   12.00      0.9030    
   13.00      0.8865    
   14.00      0.8704    
   15.00      0.8486    
   16.00      0.8173    
   17.00      0.7752    
   18.00      0.7238    
   19.00      0.6664    
   20.00      0.6075    
   21.00      0.5518    
   22.00      0.5029    
   23.00      0.4636    
   24.00      0.4347    
   25.00      0.4158    
   26.00      0.4051    
   27.00      0.3999    
   28.00      0.3972    
   29.00      0.3941    
   30.00      0.3882    
   31.00      0.3777    
   32.00      0.3620    
   33.00      0.3412    
   34.00      0.3163    
   35.00      0.2889    
   36.00      0.2608    
   37.00      0.2340    
   38.00      0.2104    
   39.00      0.1911    
   40.00      0.1770    
   41.00      0.1682    
   42.00      0.1644    
   43.00      0.1646    
   44.00      0.1677    
   45.00      0.1721    
   46.00      0.1765    
   47.00      0.1796    
   48.00      0.1803    
   49.00      0.1779    
   50.00      0.1722    
   51.00      0.1633    
   52.00      0.1516    
   53.00      0.1378    
   54.00      0.1229    
   55.00      0.1077    
   56.00      0.9318E-01
   57.00      0.8011E-01
   58.00      0.6912E-01
   59.00      0.6059E-01
   60.00      0.5467E-01
   61.00      0.5129E-01
   62.00      0.5018E-01
   63.00      0.5093E-01
   64.00      0.5301E-01
   65.00      0.5587E-01
   66.00      0.5895E-01
   67.00      0.6177E-01
   68.00      0.6392E-01
   69.00      0.6510E-01
   70.00      0.6515E-01
   71.00      0.6402E-01
   72.00      0.6176E-01
   73.00      0.5853E-01
   74.00      0.5453E-01
   75.00      0.5000E-01
   76.00      0.4522E-01
   77.00      0.4042E-01
   78.00      0.3583E-01
   79.00      0.3163E-01
   80.00      0.2793E-01
 END
@legend string   1 "Partition=  2 Excit=  1 near/far= 1"
#legend string   0 "Lab energy =   21.0000"
@s1 linestyle   2
#  Theta       sigma       iT11        T20         T21         T22         Kyy for projectile
   0.000      0.4955    
   1.000      0.4947    
   2.000      0.4922    
   3.000      0.4881    
   4.000      0.4825    
   5.000      0.4758    
   6.000      0.4680    
   7.000      0.4595    
   8.000      0.4508    
   9.000      0.4422    
   10.00      0.4343    
   11.00      0.4275    
   12.00      0.4223    
   13.00      0.4191    
   14.00      0.4182    
   15.00      0.4198    
   16.00      0.4239    
   17.00      0.4306    
   18.00      0.4397    
   19.00      0.4508    
   20.00      0.4637    
   21.00      0.4778    
   22.00      0.4928    
   23.00      0.5080    
   24.00      0.5230    
   25.00      0.5372    
   26.00      0.5502    
   27.00      0.5613    
   28.00      0.5702    
   29.00      0.5763    
   30.00      0.5792    
   31.00      0.5787    
   32.00      0.5745    
   33.00      0.5665    
   34.00      0.5547    
   35.00      0.5393    
   36.00      0.5205    
   37.00      0.4986    
   38.00      0.4741    
   39.00      0.4475    
   40.00      0.4194    
   41.00      0.3904    
   42.00      0.3609    
   43.00      0.3316    
   44.00      0.3030    
   45.00      0.2755    
   46.00      0.2495    
   47.00      0.2254    
   48.00      0.2034    
   49.00      0.1837    
   50.00      0.1664    
   51.00      0.1515    
   52.00      0.1389    
   53.00      0.1285    
   54.00      0.1202    
   55.00      0.1137    
   56.00      0.1088    
   57.00      0.1053    
   58.00      0.1027    
   59.00      0.1010    
   60.00      0.9979E-01
   61.00      0.9889E-01
   62.00      0.9811E-01
   63.00      0.9727E-01
   64.00      0.9625E-01
   65.00      0.9494E-01
   66.00      0.9328E-01
   67.00      0.9124E-01
   68.00      0.8880E-01
   69.00      0.8600E-01
   70.00      0.8286E-01
   71.00      0.7944E-01
   72.00      0.7582E-01
   73.00      0.7205E-01
   74.00      0.6822E-01
   75.00      0.6439E-01
   76.00      0.6064E-01
   77.00      0.5701E-01
   78.00      0.5356E-01
   79.00      0.5031E-01
   80.00      0.4731E-01
 END
