#  81 angles,  1 tensor ranks for 0=projectile
@subtitle   "39K(3He,d)40Ca 21 MeV DWBA ZR 9227.43 keV Jpi=2+ l=0 n=4 j=1/2"                
@legend ON
@legend x1 0.2
@legend y1 0.8
@g0 type LOGY
@yaxis ticklabel format power
@legend string   0 "Lab energy =   21.0000"
#legend string   0 "Partition=  2 Excit=  1 near/far= 1"
#  Theta       sigma       iT11        T20         T21         T22         Kyy for projectile
   0.000       47.09    
   1.000       46.47    
   2.000       44.66    
   3.000       41.79    
   4.000       38.03    
   5.000       33.64    
   6.000       28.89    
   7.000       24.06    
   8.000       19.41    
   9.000       15.16    
   10.00       11.50    
   11.00       8.527    
   12.00       6.292    
   13.00       4.779    
   14.00       3.922    
   15.00       3.615    
   16.00       3.726    
   17.00       4.115    
   18.00       4.648    
   19.00       5.204    
   20.00       5.689    
   21.00       6.036    
   22.00       6.210    
   23.00       6.200    
   24.00       6.020    
   25.00       5.699    
   26.00       5.278    
   27.00       4.800    
   28.00       4.307    
   29.00       3.837    
   30.00       3.418    
   31.00       3.068    
   32.00       2.797    
   33.00       2.606    
   34.00       2.487    
   35.00       2.429    
   36.00       2.415    
   37.00       2.428    
   38.00       2.453    
   39.00       2.474    
   40.00       2.479    
   41.00       2.460    
   42.00       2.412    
   43.00       2.332    
   44.00       2.222    
   45.00       2.086    
   46.00       1.928    
   47.00       1.755    
   48.00       1.573    
   49.00       1.391    
   50.00       1.214    
   51.00       1.047    
   52.00      0.8961    
   53.00      0.7637    
   54.00      0.6522    
   55.00      0.5628    
   56.00      0.4954    
   57.00      0.4491    
   58.00      0.4224    
   59.00      0.4130    
   60.00      0.4182    
   61.00      0.4352    
   62.00      0.4610    
   63.00      0.4926    
   64.00      0.5271    
   65.00      0.5619    
   66.00      0.5947    
   67.00      0.6235    
   68.00      0.6466    
   69.00      0.6628    
   70.00      0.6713    
   71.00      0.6716    
   72.00      0.6637    
   73.00      0.6477    
   74.00      0.6241    
   75.00      0.5937    
   76.00      0.5576    
   77.00      0.5167    
   78.00      0.4723    
   79.00      0.4257    
   80.00      0.3781    
 END
