#  81 angles,  1 tensor ranks for 0=projectile
@subtitle   "39K(3He,d)40Ca 21 MeV DWBA ZR 9136 keV Jpi=3- l=3 n=1 j=7/2"                   
@legend ON
@legend x1 0.2
@legend y1 0.8
@g0 type LOGY
@yaxis ticklabel format power
@legend string   0 "Lab energy =   21.0000"
#legend string   0 "Partition=  2 Excit=  1 near/far= 1"
#  Theta       sigma       iT11        T20         T21         T22         Kyy for projectile
   0.000       4.669    
   1.000       4.674    
   2.000       4.687    
   3.000       4.709    
   4.000       4.737    
   5.000       4.772    
   6.000       4.810    
   7.000       4.849    
   8.000       4.888    
   9.000       4.922    
   10.00       4.949    
   11.00       4.966    
   12.00       4.969    
   13.00       4.956    
   14.00       4.923    
   15.00       4.868    
   16.00       4.788    
   17.00       4.682    
   18.00       4.550    
   19.00       4.391    
   20.00       4.207    
   21.00       4.001    
   22.00       3.774    
   23.00       3.533    
   24.00       3.280    
   25.00       3.020    
   26.00       2.759    
   27.00       2.502    
   28.00       2.253    
   29.00       2.017    
   30.00       1.797    
   31.00       1.597    
   32.00       1.420    
   33.00       1.266    
   34.00       1.135    
   35.00       1.026    
   36.00      0.9393    
   37.00      0.8708    
   38.00      0.8184    
   39.00      0.7792    
   40.00      0.7502    
   41.00      0.7285    
   42.00      0.7115    
   43.00      0.6967    
   44.00      0.6820    
   45.00      0.6659    
   46.00      0.6470    
   47.00      0.6247    
   48.00      0.5986    
   49.00      0.5688    
   50.00      0.5358    
   51.00      0.5003    
   52.00      0.4632    
   53.00      0.4252    
   54.00      0.3875    
   55.00      0.3507    
   56.00      0.3156    
   57.00      0.2828    
   58.00      0.2527    
   59.00      0.2257    
   60.00      0.2019    
   61.00      0.1812    
   62.00      0.1637    
   63.00      0.1490    
   64.00      0.1368    
   65.00      0.1269    
   66.00      0.1188    
   67.00      0.1121    
   68.00      0.1065    
   69.00      0.1017    
   70.00      0.9744E-01
   71.00      0.9352E-01
   72.00      0.8981E-01
   73.00      0.8623E-01
   74.00      0.8271E-01
   75.00      0.7926E-01
   76.00      0.7587E-01
   77.00      0.7259E-01
   78.00      0.6948E-01
   79.00      0.6660E-01
   80.00      0.6403E-01
 END
