     0.0   1.503      1
     0.0   3.006     -1
     1.0   13.52      1
     1.0   27.05     -1
     2.0   30.04      1
     2.0   60.09     -1
     3.0   42.04      1
     3.0   84.09     -1
     4.0   53.98      1
     4.0   108.0     -1
     5.0   65.87      1
     5.0   131.5     -1
     6.0   76.27      1
     6.0   153.4     -1
     7.0   86.27      1
     7.0   169.8     -1
     8.0   85.03      1
     8.0   173.5     -1
     9.0   80.75      1
     9.0   159.7     -1
    10.0   64.93      1
    10.0   129.9     -1
    11.0   44.12      1
    11.0   91.77     -1
    12.0   30.77      1
    12.0   56.57     -1
    13.0   14.28      1
    13.0   31.91     -1
    14.0   9.660      1
    14.0   17.44     -1
    15.0   4.208      1
    15.0   9.435     -1
    16.0   2.813      1
    16.0   5.077     -1
    17.0   1.213      1
    17.0   2.719     -1
    18.0  0.8032      1
    18.0   1.450     -1
    19.0  0.3432      1
    19.0  0.7697     -1
    20.0  0.2256      1
    20.0  0.4071     -1
    21.0  0.9560E-01  1
    21.0  0.2145     -1
    22.0  0.6248E-01  1
    22.0  0.1127     -1
    23.0  0.2629E-01  1
    23.0  0.5902E-01 -1
    24.0  0.1710E-01  1
    24.0  0.3083E-01 -1
    25.0  0.7154E-02  1
    25.0  0.1606E-01 -1
    26.0  0.4631E-02  1
    26.0  0.8349E-02 -1
    27.0  0.1929E-02  1
    27.0  0.4331E-02 -1
    28.0  0.1243E-02  1
    28.0  0.2242E-02 -1
    29.0  0.5159E-03  1
    29.0  0.1158E-02 -1
    30.0  0.3313E-03  1
    30.0  0.5975E-03 -1
