#  81 angles,  1 tensor ranks for 0=projectile
@subtitle   "39K(3He,d)40Ca 21 MeV DWBA ZR 8748 keV Jpi=1- l=1 n=2 j=1/2"                   
@legend ON
@legend x1 0.2
@legend y1 0.8
@g0 type LOGY
@yaxis ticklabel format power
@xaxis label "Scattering angle (degrees)"
@yaxis label "Cross section (mb/sr)"
@legend string   0 "Partition=  1 Excit=  1 near/far= 1"
#legend string   0 "Lab energy =   21.0000"
@s0 linestyle   1
#  Theta       sigma       iT11        T20         T21         T22         Kyy for projectile
  0.1000E-01   1.000    
   1.000      0.9997    
   2.000       1.001    
   3.000      0.9801    
   4.000      0.9937    
   5.000       1.036    
   6.000       1.069    
   7.000       1.070    
   8.000       1.043    
   9.000       1.001    
   10.00      0.9589    
   11.00      0.9259    
   12.00      0.9030    
   13.00      0.8865    
   14.00      0.8704    
   15.00      0.8486    
   16.00      0.8173    
   17.00      0.7752    
   18.00      0.7238    
   19.00      0.6664    
   20.00      0.6075    
   21.00      0.5518    
   22.00      0.5029    
   23.00      0.4636    
   24.00      0.4347    
   25.00      0.4158    
   26.00      0.4051    
   27.00      0.3999    
   28.00      0.3972    
   29.00      0.3941    
   30.00      0.3882    
   31.00      0.3777    
   32.00      0.3620    
   33.00      0.3412    
   34.00      0.3163    
   35.00      0.2889    
   36.00      0.2608    
   37.00      0.2340    
   38.00      0.2104    
   39.00      0.1911    
   40.00      0.1770    
   41.00      0.1682    
   42.00      0.1644    
   43.00      0.1646    
   44.00      0.1677    
   45.00      0.1721    
   46.00      0.1765    
   47.00      0.1796    
   48.00      0.1803    
   49.00      0.1779    
   50.00      0.1722    
   51.00      0.1633    
   52.00      0.1516    
   53.00      0.1378    
   54.00      0.1229    
   55.00      0.1077    
   56.00      0.9318E-01
   57.00      0.8011E-01
   58.00      0.6912E-01
   59.00      0.6059E-01
   60.00      0.5467E-01
   61.00      0.5129E-01
   62.00      0.5018E-01
   63.00      0.5093E-01
   64.00      0.5301E-01
   65.00      0.5587E-01
   66.00      0.5895E-01
   67.00      0.6177E-01
   68.00      0.6392E-01
   69.00      0.6510E-01
   70.00      0.6515E-01
   71.00      0.6402E-01
   72.00      0.6176E-01
   73.00      0.5853E-01
   74.00      0.5453E-01
   75.00      0.5000E-01
   76.00      0.4522E-01
   77.00      0.4042E-01
   78.00      0.3583E-01
   79.00      0.3163E-01
   80.00      0.2793E-01
 END
@legend string   1 "Partition=  2 Excit=  1 near/far= 1"
#legend string   0 "Lab energy =   21.0000"
@s1 linestyle   2
#  Theta       sigma       iT11        T20         T21         T22         Kyy for projectile
   0.000       14.13    
   1.000       14.09    
   2.000       13.97    
   3.000       13.77    
   4.000       13.48    
   5.000       13.09    
   6.000       12.60    
   7.000       12.00    
   8.000       11.30    
   9.000       10.50    
   10.00       9.633    
   11.00       8.709    
   12.00       7.761    
   13.00       6.822    
   14.00       5.925    
   15.00       5.103    
   16.00       4.380    
   17.00       3.775    
   18.00       3.298    
   19.00       2.949    
   20.00       2.721    
   21.00       2.598    
   22.00       2.559    
   23.00       2.581    
   24.00       2.639    
   25.00       2.711    
   26.00       2.776    
   27.00       2.819    
   28.00       2.828    
   29.00       2.796    
   30.00       2.721    
   31.00       2.606    
   32.00       2.454    
   33.00       2.274    
   34.00       2.074    
   35.00       1.863    
   36.00       1.650    
   37.00       1.443    
   38.00       1.248    
   39.00       1.070    
   40.00      0.9115    
   41.00      0.7743    
   42.00      0.6584    
   43.00      0.5628    
   44.00      0.4855    
   45.00      0.4244    
   46.00      0.3768    
   47.00      0.3401    
   48.00      0.3121    
   49.00      0.2906    
   50.00      0.2741    
   51.00      0.2612    
   52.00      0.2511    
   53.00      0.2434    
   54.00      0.2378    
   55.00      0.2342    
   56.00      0.2326    
   57.00      0.2331    
   58.00      0.2357    
   59.00      0.2401    
   60.00      0.2463    
   61.00      0.2537    
   62.00      0.2621    
   63.00      0.2708    
   64.00      0.2792    
   65.00      0.2869    
   66.00      0.2931    
   67.00      0.2973    
   68.00      0.2990    
   69.00      0.2979    
   70.00      0.2938    
   71.00      0.2867    
   72.00      0.2765    
   73.00      0.2636    
   74.00      0.2482    
   75.00      0.2308    
   76.00      0.2119    
   77.00      0.1919    
   78.00      0.1714    
   79.00      0.1509    
   80.00      0.1310    
 END
