#  81 angles,  1 tensor ranks for 0=projectile
@subtitle   "39K(3He,d)40Ca 21 MeV DWBA ZR 8748 keV Jpi=1- l=1 n=2 j=1/2"                   
@legend ON
@legend x1 0.2
@legend y1 0.8
@g0 type LOGY
@yaxis ticklabel format power
@legend string   0 "Lab energy =   21.0000"
#legend string   0 "Partition=  2 Excit=  1 near/far= 1"
#  Theta       sigma       iT11        T20         T21         T22         Kyy for projectile
   0.000       14.13    
   1.000       14.09    
   2.000       13.97    
   3.000       13.77    
   4.000       13.48    
   5.000       13.09    
   6.000       12.60    
   7.000       12.00    
   8.000       11.30    
   9.000       10.50    
   10.00       9.633    
   11.00       8.709    
   12.00       7.761    
   13.00       6.822    
   14.00       5.925    
   15.00       5.103    
   16.00       4.380    
   17.00       3.775    
   18.00       3.298    
   19.00       2.949    
   20.00       2.721    
   21.00       2.598    
   22.00       2.559    
   23.00       2.581    
   24.00       2.639    
   25.00       2.711    
   26.00       2.776    
   27.00       2.819    
   28.00       2.828    
   29.00       2.796    
   30.00       2.721    
   31.00       2.606    
   32.00       2.454    
   33.00       2.274    
   34.00       2.074    
   35.00       1.863    
   36.00       1.650    
   37.00       1.443    
   38.00       1.248    
   39.00       1.070    
   40.00      0.9115    
   41.00      0.7743    
   42.00      0.6584    
   43.00      0.5628    
   44.00      0.4855    
   45.00      0.4244    
   46.00      0.3768    
   47.00      0.3401    
   48.00      0.3121    
   49.00      0.2906    
   50.00      0.2741    
   51.00      0.2612    
   52.00      0.2511    
   53.00      0.2434    
   54.00      0.2378    
   55.00      0.2342    
   56.00      0.2326    
   57.00      0.2331    
   58.00      0.2357    
   59.00      0.2401    
   60.00      0.2463    
   61.00      0.2537    
   62.00      0.2621    
   63.00      0.2708    
   64.00      0.2792    
   65.00      0.2869    
   66.00      0.2931    
   67.00      0.2973    
   68.00      0.2990    
   69.00      0.2979    
   70.00      0.2938    
   71.00      0.2867    
   72.00      0.2765    
   73.00      0.2636    
   74.00      0.2482    
   75.00      0.2308    
   76.00      0.2119    
   77.00      0.1919    
   78.00      0.1714    
   79.00      0.1509    
   80.00      0.1310    
 END
