     0.0   1.503      1
     0.0   3.006     -1
     1.0   13.52      1
     1.0   27.05     -1
     2.0   30.05      1
     2.0   60.10     -1
     3.0   42.05      1
     3.0   84.10     -1
     4.0   53.98      1
     4.0   108.0     -1
     5.0   65.87      1
     5.0   131.5     -1
     6.0   76.29      1
     6.0   153.4     -1
     7.0   86.35      1
     7.0   169.9     -1
     8.0   85.12      1
     8.0   173.9     -1
     9.0   80.97      1
     9.0   160.0     -1
    10.0   65.03      1
    10.0   130.1     -1
    11.0   44.13      1
    11.0   91.80     -1
    12.0   30.76      1
    12.0   56.56     -1
    13.0   14.27      1
    13.0   31.90     -1
    14.0   9.657      1
    14.0   17.43     -1
    15.0   4.206      1
    15.0   9.431     -1
    16.0   2.812      1
    16.0   5.075     -1
    17.0   1.212      1
    17.0   2.718     -1
    18.0  0.8030      1
    18.0   1.449     -1
    19.0  0.3430      1
    19.0  0.7694     -1
    20.0  0.2256      1
    20.0  0.4069     -1
    21.0  0.9556E-01  1
    21.0  0.2145     -1
    22.0  0.6246E-01  1
    22.0  0.1127     -1
    23.0  0.2628E-01  1
    23.0  0.5900E-01 -1
    24.0  0.1709E-01  1
    24.0  0.3082E-01 -1
    25.0  0.7150E-02  1
    25.0  0.1605E-01 -1
    26.0  0.4628E-02  1
    26.0  0.8343E-02 -1
    27.0  0.1926E-02  1
    27.0  0.4326E-02 -1
    28.0  0.1241E-02  1
    28.0  0.2238E-02 -1
    29.0  0.5145E-03  1
    29.0  0.1155E-02 -1
    30.0  0.3292E-03  1
    30.0  0.5935E-03 -1
