     0.0   1.494      1
     0.0   2.989     -1
     1.0   13.47      1
     1.0   26.97     -1
     2.0   29.96      1
     2.0   59.96     -1
     3.0   41.95      1
     3.0   83.97     -1
     4.0   53.87      1
     4.0   107.9     -1
     5.0   65.77      1
     5.0   131.3     -1
     6.0   75.99      1
     6.0   153.0     -1
     7.0   85.94      1
     7.0   169.1     -1
     8.0   84.85      1
     8.0   173.1     -1
     9.0   80.84      1
     9.0   159.7     -1
    10.0   65.06      1
    10.0   130.1     -1
    11.0   44.15      1
    11.0   91.90     -1
    12.0   30.81      1
    12.0   56.63     -1
    13.0   14.28      1
    13.0   31.94     -1
    14.0   9.668      1
    14.0   17.45     -1
    15.0   4.209      1
    15.0   9.439     -1
    16.0   2.814      1
    16.0   5.079     -1
    17.0   1.213      1
    17.0   2.720     -1
    18.0  0.8035      1
    18.0   1.450     -1
    19.0  0.3432      1
    19.0  0.7698     -1
    20.0  0.2257      1
    20.0  0.4071     -1
    21.0  0.9560E-01  1
    21.0  0.2146     -1
    22.0  0.6249E-01  1
    22.0  0.1127     -1
    23.0  0.2629E-01  1
    23.0  0.5903E-01 -1
    24.0  0.1710E-01  1
    24.0  0.3083E-01 -1
    25.0  0.7155E-02  1
    25.0  0.1606E-01 -1
    26.0  0.4631E-02  1
    26.0  0.8351E-02 -1
    27.0  0.1929E-02  1
    27.0  0.4332E-02 -1
    28.0  0.1244E-02  1
    28.0  0.2242E-02 -1
    29.0  0.5161E-03  1
    29.0  0.1159E-02 -1
    30.0  0.3314E-03  1
    30.0  0.5976E-03 -1
