#  81 angles,  1 tensor ranks for 0=projectile
@subtitle   "39K(3He,d)40Ca 21 MeV DWBA ZR 8484 keV Jpi=1- l=1 n=2 j=3/2"                   
@legend ON
@legend x1 0.2
@legend y1 0.8
@g0 type LOGY
@yaxis ticklabel format power
@legend string   0 "Lab energy =   21.0000"
#legend string   0 "Partition=  2 Excit=  1 near/far= 1"
#  Theta       sigma       iT11        T20         T21         T22         Kyy for projectile
   0.000       14.13    
   1.000       14.12    
   2.000       14.07    
   3.000       13.98    
   4.000       13.84    
   5.000       13.61    
   6.000       13.29    
   7.000       12.86    
   8.000       12.31    
   9.000       11.64    
   10.00       10.86    
   11.00       9.985    
   12.00       9.054    
   13.00       8.096    
   14.00       7.150    
   15.00       6.253    
   16.00       5.437    
   17.00       4.727    
   18.00       4.140    
   19.00       3.682    
   20.00       3.348    
   21.00       3.126    
   22.00       2.996    
   23.00       2.936    
   24.00       2.921    
   25.00       2.927    
   26.00       2.933    
   27.00       2.922    
   28.00       2.883    
   29.00       2.808    
   30.00       2.695    
   31.00       2.546    
   32.00       2.367    
   33.00       2.165    
   34.00       1.951    
   35.00       1.732    
   36.00       1.519    
   37.00       1.318    
   38.00       1.136    
   39.00      0.9772    
   40.00      0.8432    
   41.00      0.7346    
   42.00      0.6500    
   43.00      0.5871    
   44.00      0.5426    
   45.00      0.5130    
   46.00      0.4944    
   47.00      0.4832    
   48.00      0.4763    
   49.00      0.4708    
   50.00      0.4649    
   51.00      0.4570    
   52.00      0.4464    
   53.00      0.4329    
   54.00      0.4166    
   55.00      0.3982    
   56.00      0.3784    
   57.00      0.3579    
   58.00      0.3376    
   59.00      0.3183    
   60.00      0.3005    
   61.00      0.2846    
   62.00      0.2710    
   63.00      0.2597    
   64.00      0.2507    
   65.00      0.2435    
   66.00      0.2381    
   67.00      0.2338    
   68.00      0.2303    
   69.00      0.2271    
   70.00      0.2239    
   71.00      0.2202    
   72.00      0.2159    
   73.00      0.2106    
   74.00      0.2044    
   75.00      0.1972    
   76.00      0.1890    
   77.00      0.1799    
   78.00      0.1700    
   79.00      0.1595    
   80.00      0.1487    
 END
