     0.0   1.498      1
     0.0   2.988     -1
     1.0   13.45      1
     1.0   26.91     -1
     2.0   29.95      1
     2.0   59.85     -1
     3.0   41.98      1
     3.0   83.87     -1
     4.0   53.91      1
     4.0   107.7     -1
     5.0   65.74      1
     5.0   131.1     -1
     6.0   76.07      1
     6.0   152.7     -1
     7.0   85.82      1
     7.0   168.8     -1
     8.0   84.74      1
     8.0   172.8     -1
     9.0   80.65      1
     9.0   159.3     -1
    10.0   64.86      1
    10.0   129.8     -1
    11.0   44.08      1
    11.0   91.68     -1
    12.0   30.73      1
    12.0   56.52     -1
    13.0   14.27      1
    13.0   31.89     -1
    14.0   9.652      1
    14.0   17.43     -1
    15.0   4.208      1
    15.0   9.432     -1
    16.0   2.811      1
    16.0   5.076     -1
    17.0   1.213      1
    17.0   2.719     -1
    18.0  0.8031      1
    18.0   1.450     -1
    19.0  0.3432      1
    19.0  0.7697     -1
    20.0  0.2256      1
    20.0  0.4071     -1
    21.0  0.9562E-01  1
    21.0  0.2145     -1
    22.0  0.6248E-01  1
    22.0  0.1127     -1
    23.0  0.2630E-01  1
    23.0  0.5903E-01 -1
    24.0  0.1710E-01  1
    24.0  0.3083E-01 -1
    25.0  0.7154E-02  1
    25.0  0.1606E-01 -1
    26.0  0.4630E-02  1
    26.0  0.8349E-02 -1
    27.0  0.1929E-02  1
    27.0  0.4330E-02 -1
    28.0  0.1243E-02  1
    28.0  0.2241E-02 -1
    29.0  0.5158E-03  1
    29.0  0.1158E-02 -1
    30.0  0.3312E-03  1
    30.0  0.5973E-03 -1
