#  81 angles,  1 tensor ranks for 0=projectile
@subtitle   "39K(3He,d)40Ca 21 MeV DWBA ZR 8995 keV Jpi=2+ l=0 n=3 j=1/2"                   
@legend ON
@legend x1 0.2
@legend y1 0.8
@g0 type LOGY
@yaxis ticklabel format power
@legend string   0 "Lab energy =   21.0000"
#legend string   0 "Partition=  2 Excit=  1 near/far= 1"
#  Theta       sigma       iT11        T20         T21         T22         Kyy for projectile
   0.000       46.09    
   1.000       45.53    
   2.000       43.91    
   3.000       41.32    
   4.000       37.91    
   5.000       33.89    
   6.000       29.49    
   7.000       24.95    
   8.000       20.50    
   9.000       16.34    
   10.00       12.64    
   11.00       9.510    
   12.00       7.002    
   13.00       5.119    
   14.00       3.816    
   15.00       3.016    
   16.00       2.615    
   17.00       2.506    
   18.00       2.582    
   19.00       2.749    
   20.00       2.931    
   21.00       3.076    
   22.00       3.153    
   23.00       3.151    
   24.00       3.073    
   25.00       2.938    
   26.00       2.767    
   27.00       2.588    
   28.00       2.423    
   29.00       2.292    
   30.00       2.208    
   31.00       2.176    
   32.00       2.194    
   33.00       2.256    
   34.00       2.349    
   35.00       2.460    
   36.00       2.572    
   37.00       2.673    
   38.00       2.748    
   39.00       2.788    
   40.00       2.787    
   41.00       2.742    
   42.00       2.653    
   43.00       2.523    
   44.00       2.358    
   45.00       2.164    
   46.00       1.950    
   47.00       1.725    
   48.00       1.497    
   49.00       1.274    
   50.00       1.064    
   51.00      0.8710    
   52.00      0.7000    
   53.00      0.5536    
   54.00      0.4332    
   55.00      0.3389    
   56.00      0.2698    
   57.00      0.2241    
   58.00      0.1993    
   59.00      0.1926    
   60.00      0.2008    
   61.00      0.2205    
   62.00      0.2486    
   63.00      0.2820    
   64.00      0.3179    
   65.00      0.3537    
   66.00      0.3875    
   67.00      0.4174    
   68.00      0.4422    
   69.00      0.4609    
   70.00      0.4730    
   71.00      0.4782    
   72.00      0.4767    
   73.00      0.4686    
   74.00      0.4546    
   75.00      0.4354    
   76.00      0.4116    
   77.00      0.3843    
   78.00      0.3542    
   79.00      0.3224    
   80.00      0.2897    
 END
