#  81 angles,  1 tensor ranks for 0=projectile
@subtitle   "39K(3He,d)40Ca 21 MeV DWBA ZR 9454 keV Jpi=3- l=3 n=2 j=5/2"                   
@legend ON
@legend x1 0.2
@legend y1 0.8
@g0 type LOGY
@yaxis ticklabel format power
@legend string   0 "Lab energy =   21.0000"
#legend string   0 "Partition=  2 Excit=  1 near/far= 1"
#  Theta       sigma       iT11        T20         T21         T22         Kyy for projectile
   0.000       10.58    
   1.000       10.60    
   2.000       10.67    
   3.000       10.77    
   4.000       10.91    
   5.000       11.07    
   6.000       11.26    
   7.000       11.45    
   8.000       11.64    
   9.000       11.82    
   10.00       11.97    
   11.00       12.08    
   12.00       12.14    
   13.00       12.14    
   14.00       12.08    
   15.00       11.94    
   16.00       11.72    
   17.00       11.43    
   18.00       11.06    
   19.00       10.61    
   20.00       10.10    
   21.00       9.524    
   22.00       8.904    
   23.00       8.250    
   24.00       7.575    
   25.00       6.893    
   26.00       6.217    
   27.00       5.562    
   28.00       4.939    
   29.00       4.358    
   30.00       3.828    
   31.00       3.356    
   32.00       2.946    
   33.00       2.598    
   34.00       2.312    
   35.00       2.086    
   36.00       1.912    
   37.00       1.786    
   38.00       1.698    
   39.00       1.642    
   40.00       1.609    
   41.00       1.590    
   42.00       1.580    
   43.00       1.571    
   44.00       1.559    
   45.00       1.540    
   46.00       1.511    
   47.00       1.471    
   48.00       1.419    
   49.00       1.355    
   50.00       1.281    
   51.00       1.199    
   52.00       1.110    
   53.00       1.018    
   54.00      0.9258    
   55.00      0.8348    
   56.00      0.7475    
   57.00      0.6657    
   58.00      0.5906    
   59.00      0.5231    
   60.00      0.4635    
   61.00      0.4120    
   62.00      0.3683    
   63.00      0.3319    
   64.00      0.3019    
   65.00      0.2777    
   66.00      0.2582    
   67.00      0.2424    
   68.00      0.2296    
   69.00      0.2188    
   70.00      0.2094    
   71.00      0.2007    
   72.00      0.1925    
   73.00      0.1844    
   74.00      0.1764    
   75.00      0.1683    
   76.00      0.1604    
   77.00      0.1526    
   78.00      0.1451    
   79.00      0.1380    
   80.00      0.1316    
 END
