#  81 angles,  1 tensor ranks for 0=projectile
@subtitle   "39K(3He,d)40Ca 21 MeV DWBA ZR 7113 keV Jpi=1- l=1 n=3 j=3/2"                   
@legend ON
@legend x1 0.2
@legend y1 0.8
@g0 type LOGY
@yaxis ticklabel format power
@legend string   0 "Lab energy =   21.0000"
#legend string   0 "Partition=  2 Excit=  1 near/far= 1"
#  Theta       sigma       iT11        T20         T21         T22         Kyy for projectile
   0.000       25.65    
   1.000       25.78    
   2.000       26.14    
   3.000       26.67    
   4.000       27.26    
   5.000       27.78    
   6.000       28.11    
   7.000       28.11    
   8.000       27.70    
   9.000       26.82    
   10.00       25.45    
   11.00       23.64    
   12.00       21.47    
   13.00       19.05    
   14.00       16.51    
   15.00       14.00    
   16.00       11.65    
   17.00       9.558    
   18.00       7.805    
   19.00       6.430    
   20.00       5.438    
   21.00       4.802    
   22.00       4.470    
   23.00       4.374    
   24.00       4.439    
   25.00       4.588    
   26.00       4.754    
   27.00       4.880    
   28.00       4.927    
   29.00       4.869    
   30.00       4.699    
   31.00       4.424    
   32.00       4.060    
   33.00       3.632    
   34.00       3.168    
   35.00       2.697    
   36.00       2.246    
   37.00       1.836    
   38.00       1.485    
   39.00       1.202    
   40.00      0.9902    
   41.00      0.8488    
   42.00      0.7712    
   43.00      0.7477    
   44.00      0.7664    
   45.00      0.8146    
   46.00      0.8797    
   47.00      0.9501    
   48.00       1.016    
   49.00       1.070    
   50.00       1.106    
   51.00       1.122    
   52.00       1.116    
   53.00       1.090    
   54.00       1.046    
   55.00      0.9860    
   56.00      0.9152    
   57.00      0.8371    
   58.00      0.7556    
   59.00      0.6742    
   60.00      0.5958    
   61.00      0.5229    
   62.00      0.4570    
   63.00      0.3992    
   64.00      0.3500    
   65.00      0.3092    
   66.00      0.2762    
   67.00      0.2504    
   68.00      0.2306    
   69.00      0.2158    
   70.00      0.2050    
   71.00      0.1970    
   72.00      0.1911    
   73.00      0.1865    
   74.00      0.1825    
   75.00      0.1787    
   76.00      0.1748    
   77.00      0.1706    
   78.00      0.1660    
   79.00      0.1612    
   80.00      0.1560    
 END
