     0.0   1.502      1
     0.0   3.005     -1
     1.0   13.52      1
     1.0   27.05     -1
     2.0   30.03      1
     2.0   60.07     -1
     3.0   42.01      1
     3.0   84.05     -1
     4.0   53.86      1
     4.0   107.9     -1
     5.0   65.73      1
     5.0   131.2     -1
     6.0   75.67      1
     6.0   152.6     -1
     7.0   85.49      1
     7.0   168.2     -1
     8.0   84.26      1
     8.0   171.8     -1
     9.0   80.13      1
     9.0   158.4     -1
    10.0   64.64      1
    10.0   129.2     -1
    11.0   43.83      1
    11.0   91.34     -1
    12.0   30.70      1
    12.0   56.36     -1
    13.0   14.21      1
    13.0   31.81     -1
    14.0   9.645      1
    14.0   17.39     -1
    15.0   4.194      1
    15.0   9.415     -1
    16.0   2.810      1
    16.0   5.068     -1
    17.0   1.210      1
    17.0   2.715     -1
    18.0  0.8026      1
    18.0   1.448     -1
    19.0  0.3426      1
    19.0  0.7689     -1
    20.0  0.2255      1
    20.0  0.4067     -1
    21.0  0.9549E-01  1
    21.0  0.2144     -1
    22.0  0.6246E-01  1
    22.0  0.1126     -1
    23.0  0.2627E-01  1
    23.0  0.5899E-01 -1
    24.0  0.1709E-01  1
    24.0  0.3081E-01 -1
    25.0  0.7149E-02  1
    25.0  0.1606E-01 -1
    26.0  0.4630E-02  1
    26.0  0.8346E-02 -1
    27.0  0.1928E-02  1
    27.0  0.4329E-02 -1
    28.0  0.1243E-02  1
    28.0  0.2241E-02 -1
    29.0  0.5158E-03  1
    29.0  0.1158E-02 -1
    30.0  0.3313E-03  1
    30.0  0.5974E-03 -1
