#  81 angles,  1 tensor ranks for 0=projectile
@subtitle   "39K(3He,d)40Ca 21 MeV DWBA ZR 8188 keV Jpi=5- l=7 n=1 j=13/2"                  
@legend ON
@legend x1 0.2
@legend y1 0.8
@g0 type LOGY
@yaxis ticklabel format power
@xaxis label "Scattering angle (degrees)"
@yaxis label "Cross section (mb/sr)"
@legend string   0 "Partition=  1 Excit=  1 near/far= 1"
#legend string   0 "Lab energy =   21.0000"
@s0 linestyle   1
#  Theta       sigma       iT11        T20         T21         T22         Kyy for projectile
  0.1000E-01   1.000    
   1.000      0.9997    
   2.000       1.001    
   3.000      0.9801    
   4.000      0.9937    
   5.000       1.036    
   6.000       1.069    
   7.000       1.070    
   8.000       1.043    
   9.000       1.001    
   10.00      0.9589    
   11.00      0.9259    
   12.00      0.9030    
   13.00      0.8865    
   14.00      0.8704    
   15.00      0.8486    
   16.00      0.8173    
   17.00      0.7752    
   18.00      0.7238    
   19.00      0.6664    
   20.00      0.6075    
   21.00      0.5518    
   22.00      0.5029    
   23.00      0.4636    
   24.00      0.4347    
   25.00      0.4158    
   26.00      0.4051    
   27.00      0.3999    
   28.00      0.3972    
   29.00      0.3941    
   30.00      0.3882    
   31.00      0.3777    
   32.00      0.3620    
   33.00      0.3412    
   34.00      0.3163    
   35.00      0.2889    
   36.00      0.2608    
   37.00      0.2340    
   38.00      0.2104    
   39.00      0.1911    
   40.00      0.1770    
   41.00      0.1682    
   42.00      0.1644    
   43.00      0.1646    
   44.00      0.1677    
   45.00      0.1721    
   46.00      0.1765    
   47.00      0.1796    
   48.00      0.1803    
   49.00      0.1779    
   50.00      0.1722    
   51.00      0.1633    
   52.00      0.1516    
   53.00      0.1378    
   54.00      0.1229    
   55.00      0.1077    
   56.00      0.9318E-01
   57.00      0.8011E-01
   58.00      0.6912E-01
   59.00      0.6059E-01
   60.00      0.5467E-01
   61.00      0.5129E-01
   62.00      0.5018E-01
   63.00      0.5093E-01
   64.00      0.5301E-01
   65.00      0.5587E-01
   66.00      0.5895E-01
   67.00      0.6177E-01
   68.00      0.6392E-01
   69.00      0.6510E-01
   70.00      0.6515E-01
   71.00      0.6402E-01
   72.00      0.6176E-01
   73.00      0.5853E-01
   74.00      0.5453E-01
   75.00      0.5000E-01
   76.00      0.4522E-01
   77.00      0.4042E-01
   78.00      0.3583E-01
   79.00      0.3163E-01
   80.00      0.2793E-01
 END
@legend string   1 "Partition=  2 Excit=  1 near/far= 1"
#legend string   0 "Lab energy =   21.0000"
@s1 linestyle   2
#  Theta       sigma       iT11        T20         T21         T22         Kyy for projectile
   0.000      0.2856E-01
   1.000      0.3161E-01
   2.000      0.4057E-01
   3.000      0.5489E-01
   4.000      0.7352E-01
   5.000      0.9482E-01
   6.000      0.1166    
   7.000      0.1363    
   8.000      0.1514    
   9.000      0.1597    
   10.00      0.1600    
   11.00      0.1521    
   12.00      0.1372    
   13.00      0.1175    
   14.00      0.9630E-01
   15.00      0.7728E-01
   16.00      0.6395E-01
   17.00      0.5908E-01
   18.00      0.6402E-01
   19.00      0.7830E-01
   20.00      0.9952E-01
   21.00      0.1237    
   22.00      0.1461    
   23.00      0.1622    
   24.00      0.1690    
   25.00      0.1654    
   26.00      0.1530    
   27.00      0.1354    
   28.00      0.1170    
   29.00      0.1022    
   30.00      0.9417E-01
   31.00      0.9393E-01
   32.00      0.1007    
   33.00      0.1120    
   34.00      0.1252    
   35.00      0.1377    
   36.00      0.1479    
   37.00      0.1557    
   38.00      0.1614    
   39.00      0.1659    
   40.00      0.1696    
   41.00      0.1723    
   42.00      0.1733    
   43.00      0.1717    
   44.00      0.1672    
   45.00      0.1600    
   46.00      0.1518    
   47.00      0.1446    
   48.00      0.1408    
   49.00      0.1419    
   50.00      0.1479    
   51.00      0.1576    
   52.00      0.1680    
   53.00      0.1758    
   54.00      0.1779    
   55.00      0.1727    
   56.00      0.1601    
   57.00      0.1422    
   58.00      0.1224    
   59.00      0.1044    
   60.00      0.9148E-01
   61.00      0.8543E-01
   62.00      0.8611E-01
   63.00      0.9168E-01
   64.00      0.9909E-01
   65.00      0.1051    
   66.00      0.1070    
   67.00      0.1036    
   68.00      0.9514E-01
   69.00      0.8333E-01
   70.00      0.7067E-01
   71.00      0.5973E-01
   72.00      0.5246E-01
   73.00      0.4968E-01
   74.00      0.5100E-01
   75.00      0.5503E-01
   76.00      0.5991E-01
   77.00      0.6383E-01
   78.00      0.6555E-01
   79.00      0.6462E-01
   80.00      0.6145E-01
 END
