     0.0   1.503      1
     0.0   3.006     -1
     1.0   13.53      1
     1.0   27.06     -1
     2.0   30.06      1
     2.0   60.12     -1
     3.0   42.07      1
     3.0   84.12     -1
     4.0   54.02      1
     4.0   108.0     -1
     5.0   65.92      1
     5.0   131.6     -1
     6.0   76.44      1
     6.0   153.6     -1
     7.0   86.54      1
     7.0   170.2     -1
     8.0   85.43      1
     8.0   174.4     -1
     9.0   81.44      1
     9.0   160.7     -1
    10.0   65.35      1
    10.0   130.8     -1
    11.0   44.38      1
    11.0   92.28     -1
    12.0   30.88      1
    12.0   56.81     -1
    13.0   14.33      1
    13.0   32.02     -1
    14.0   9.682      1
    14.0   17.48     -1
    15.0   4.218      1
    15.0   9.454     -1
    16.0   2.816      1
    16.0   5.084     -1
    17.0   1.215      1
    17.0   2.722     -1
    18.0  0.8001      1
    18.0   1.443     -1
    19.0  0.3241      1
    19.0  0.7445     -1
    20.0  0.2253      1
    20.0  0.3812     -1
    21.0  0.7851E-01  1
    21.0  0.1193     -1
    22.0  0.5665E-01  1
    22.0  0.5084E-01 -1
    23.0  0.1738E-01  1
    23.0  0.3959E-01 -1
    24.0 -0.7780E-02  1
    24.0 -0.1002E-01 -1
    25.0  0.1923E-02  1
    25.0  0.9818E-02 -1
    26.0 -0.7625E-03  1
    26.0  0.4444E-03 -1
    27.0 -0.2485E-02  1
    27.0 -0.1012E-03 -1
    28.0 -0.3144E-02  1
    28.0 -0.2185E-02 -1
    29.0  0.3574E-03  1
    29.0  0.9648E-03 -1
    30.0  0.3262E-03  1
    30.0  0.5589E-03 -1
    31.0  0.1222E-03  1
    31.0  0.2772E-03 -1
    32.0  0.8521E-04  1
    32.0  0.1557E-03 -1
    33.0  0.3617E-04  1
    33.0  0.8113E-04 -1
    34.0  0.2300E-04  1
    34.0  0.4156E-04 -1
    35.0  0.9502E-05  1
    35.0  0.2130E-04 -1
