     0.0   1.498      1
     0.0   2.998     -1
     1.0   13.49      1
     1.0   27.00     -1
     2.0   29.98      1
     2.0   60.00     -1
     3.0   42.00      1
     3.0   84.02     -1
     4.0   53.94      1
     4.0   108.0     -1
     5.0   65.84      1
     5.0   131.5     -1
     6.0   76.23      1
     6.0   153.3     -1
     7.0   86.12      1
     7.0   169.6     -1
     8.0   84.77      1
     8.0   173.1     -1
     9.0   80.43      1
     9.0   159.0     -1
    10.0   64.30      1
    10.0   129.1     -1
    11.0   44.07      1
    11.0   91.34     -1
    12.0   30.60      1
    12.0   56.39     -1
    13.0   14.27      1
    13.0   31.84     -1
    14.0   9.630      1
    14.0   17.41     -1
    15.0   4.208      1
    15.0   9.423     -1
    16.0   2.807      1
    16.0   5.072     -1
    17.0   1.213      1
    17.0   2.717     -1
    18.0  0.8024      1
    18.0   1.449     -1
    19.0  0.3432      1
    19.0  0.7694     -1
    20.0  0.2255      1
    20.0  0.4069     -1
    21.0  0.9561E-01  1
    21.0  0.2145     -1
    22.0  0.6246E-01  1
    22.0  0.1127     -1
    23.0  0.2630E-01  1
    23.0  0.5902E-01 -1
    24.0  0.1709E-01  1
    24.0  0.3083E-01 -1
    25.0  0.7155E-02  1
    25.0  0.1606E-01 -1
    26.0  0.4630E-02  1
    26.0  0.8349E-02 -1
    27.0  0.1929E-02  1
    27.0  0.4331E-02 -1
    28.0  0.1242E-02  1
    28.0  0.2241E-02 -1
    29.0  0.5154E-03  1
    29.0  0.1157E-02 -1
    30.0  0.3310E-03  1
    30.0  0.5962E-03 -1
