#  81 angles,  1 tensor ranks for 0=projectile
@subtitle   "39K(3He,d)40Ca 21 MeV DWBA ZR 9405 keV Jpi=2- l=3 n=2 j=5/2"                   
@legend ON
@legend x1 0.2
@legend y1 0.8
@g0 type LOGY
@yaxis ticklabel format power
@legend string   0 "Lab energy =   21.0000"
#legend string   0 "Partition=  2 Excit=  1 near/far= 1"
#  Theta       sigma       iT11        T20         T21         T22         Kyy for projectile
   0.000       7.611    
   1.000       7.627    
   2.000       7.673    
   3.000       7.747    
   4.000       7.848    
   5.000       7.970    
   6.000       8.106    
   7.000       8.250    
   8.000       8.392    
   9.000       8.523    
   10.00       8.634    
   11.00       8.716    
   12.00       8.761    
   13.00       8.764    
   14.00       8.718    
   15.00       8.621    
   16.00       8.469    
   17.00       8.261    
   18.00       7.997    
   19.00       7.678    
   20.00       7.309    
   21.00       6.897    
   22.00       6.449    
   23.00       5.975    
   24.00       5.484    
   25.00       4.989    
   26.00       4.498    
   27.00       4.022    
   28.00       3.570    
   29.00       3.148    
   30.00       2.764    
   31.00       2.421    
   32.00       2.124    
   33.00       1.872    
   34.00       1.665    
   35.00       1.501    
   36.00       1.375    
   37.00       1.284    
   38.00       1.221    
   39.00       1.181    
   40.00       1.157    
   41.00       1.144    
   42.00       1.137    
   43.00       1.131    
   44.00       1.123    
   45.00       1.109    
   46.00       1.088    
   47.00       1.059    
   48.00       1.021    
   49.00      0.9744    
   50.00      0.9206    
   51.00      0.8608    
   52.00      0.7968    
   53.00      0.7306    
   54.00      0.6639    
   55.00      0.5984    
   56.00      0.5356    
   57.00      0.4768    
   58.00      0.4228    
   59.00      0.3743    
   60.00      0.3316    
   61.00      0.2947    
   62.00      0.2635    
   63.00      0.2376    
   64.00      0.2163    
   65.00      0.1991    
   66.00      0.1853    
   67.00      0.1742    
   68.00      0.1652    
   69.00      0.1575    
   70.00      0.1509    
   71.00      0.1448    
   72.00      0.1389    
   73.00      0.1331    
   74.00      0.1273    
   75.00      0.1215    
   76.00      0.1156    
   77.00      0.1099    
   78.00      0.1044    
   79.00      0.9933E-01
   80.00      0.9473E-01
 END
