     0.0   1.503      1
     0.0   3.005     -1
     1.0   13.52      1
     1.0   27.05     -1
     2.0   30.03      1
     2.0   60.07     -1
     3.0   42.01      1
     3.0   84.05     -1
     4.0   53.87      1
     4.0   107.9     -1
     5.0   65.76      1
     5.0   131.3     -1
     6.0   75.78      1
     6.0   152.8     -1
     7.0   85.65      1
     7.0   168.4     -1
     8.0   84.29      1
     8.0   171.8     -1
     9.0   80.08      1
     9.0   158.3     -1
    10.0   64.54      1
    10.0   129.0     -1
    11.0   43.77      1
    11.0   91.21     -1
    12.0   30.66      1
    12.0   56.29     -1
    13.0   14.20      1
    13.0   31.78     -1
    14.0   9.637      1
    14.0   17.38     -1
    15.0   4.193      1
    15.0   9.410     -1
    16.0   2.808      1
    16.0   5.066     -1
    17.0   1.210      1
    17.0   2.714     -1
    18.0  0.8024      1
    18.0   1.448     -1
    19.0  0.3426      1
    19.0  0.7688     -1
    20.0  0.2255      1
    20.0  0.4067     -1
    21.0  0.9549E-01  1
    21.0  0.2143     -1
    22.0  0.6245E-01  1
    22.0  0.1126     -1
    23.0  0.2627E-01  1
    23.0  0.5899E-01 -1
    24.0  0.1709E-01  1
    24.0  0.3081E-01 -1
    25.0  0.7150E-02  1
    25.0  0.1606E-01 -1
    26.0  0.4630E-02  1
    26.0  0.8347E-02 -1
    27.0  0.1928E-02  1
    27.0  0.4329E-02 -1
    28.0  0.1243E-02  1
    28.0  0.2241E-02 -1
    29.0  0.5154E-03  1
    29.0  0.1157E-02 -1
    30.0  0.3310E-03  1
    30.0  0.5967E-03 -1
