#  81 angles,  1 tensor ranks for 0=projectile
@subtitle   "39K(3He,d)40Ca 21 MeV DWBA ZR 5903 keV Jpi=1- l=1 n=3 j=3/2"                   
@legend ON
@legend x1 0.2
@legend y1 0.8
@g0 type LOGY
@yaxis ticklabel format power
@legend string   0 "Lab energy =   21.0000"
#legend string   0 "Partition=  2 Excit=  1 near/far= 1"
#  Theta       sigma       iT11        T20         T21         T22         Kyy for projectile
   0.000       20.26    
   1.000       20.57    
   2.000       21.47    
   3.000       22.83    
   4.000       24.47    
   5.000       26.15    
   6.000       27.64    
   7.000       28.71    
   8.000       29.19    
   9.000       28.96    
   10.00       27.97    
   11.00       26.27    
   12.00       23.97    
   13.00       21.21    
   14.00       18.21    
   15.00       15.16    
   16.00       12.25    
   17.00       9.656    
   18.00       7.485    
   19.00       5.807    
   20.00       4.636    
   21.00       3.940    
   22.00       3.652    
   23.00       3.679    
   24.00       3.916    
   25.00       4.257    
   26.00       4.609    
   27.00       4.894    
   28.00       5.059    
   29.00       5.074    
   30.00       4.929    
   31.00       4.638    
   32.00       4.225    
   33.00       3.726    
   34.00       3.182    
   35.00       2.630    
   36.00       2.107    
   37.00       1.641    
   38.00       1.252    
   39.00      0.9518    
   40.00      0.7428    
   41.00      0.6211    
   42.00      0.5765    
   43.00      0.5948    
   44.00      0.6594    
   45.00      0.7528    
   46.00      0.8587    
   47.00      0.9627    
   48.00       1.053    
   49.00       1.122    
   50.00       1.163    
   51.00       1.176    
   52.00       1.161    
   53.00       1.120    
   54.00       1.058    
   55.00      0.9796    
   56.00      0.8907    
   57.00      0.7966    
   58.00      0.7020    
   59.00      0.6114    
   60.00      0.5278    
   61.00      0.4536    
   62.00      0.3903    
   63.00      0.3381    
   64.00      0.2969    
   65.00      0.2656    
   66.00      0.2430    
   67.00      0.2275    
   68.00      0.2174    
   69.00      0.2111    
   70.00      0.2073    
   71.00      0.2047    
   72.00      0.2024    
   73.00      0.1997    
   74.00      0.1961    
   75.00      0.1913    
   76.00      0.1855    
   77.00      0.1786    
   78.00      0.1709    
   79.00      0.1626    
   80.00      0.1541    
 END
