     0.0   1.503      1
     0.0   3.006     -1
     1.0   13.53      1
     1.0   27.05     -1
     2.0   30.06      1
     2.0   60.10     -1
     3.0   42.06      1
     3.0   84.11     -1
     4.0   54.00      1
     4.0   108.0     -1
     5.0   65.89      1
     5.0   131.5     -1
     6.0   76.36      1
     6.0   153.5     -1
     7.0   86.49      1
     7.0   170.1     -1
     8.0   85.35      1
     8.0   174.3     -1
     9.0   81.39      1
     9.0   160.7     -1
    10.0   65.30      1
    10.0   130.7     -1
    11.0   44.34      1
    11.0   92.20     -1
    12.0   30.86      1
    12.0   56.77     -1
    13.0   14.32      1
    13.0   31.99     -1
    14.0   9.677      1
    14.0   17.47     -1
    15.0   4.216      1
    15.0   9.451     -1
    16.0   2.816      1
    16.0   5.084     -1
    17.0   1.214      1
    17.0   2.722     -1
    18.0  0.8039      1
    18.0   1.451     -1
    19.0  0.3434      1
    19.0  0.7702     -1
    20.0  0.2257      1
    20.0  0.4073     -1
    21.0  0.9566E-01  1
    21.0  0.2146     -1
    22.0  0.6250E-01  1
    22.0  0.1127     -1
    23.0  0.2630E-01  1
    23.0  0.5904E-01 -1
    24.0  0.1710E-01  1
    24.0  0.3084E-01 -1
    25.0  0.7156E-02  1
    25.0  0.1607E-01 -1
    26.0  0.4632E-02  1
    26.0  0.8351E-02 -1
    27.0  0.1929E-02  1
    27.0  0.4332E-02 -1
    28.0  0.1244E-02  1
    28.0  0.2242E-02 -1
    29.0  0.5159E-03  1
    29.0  0.1158E-02 -1
    30.0  0.3313E-03  1
    30.0  0.5974E-03 -1
    31.0  0.1368E-03  1
    31.0  0.3073E-03 -1
    32.0  0.8768E-04  1
    32.0  0.1581E-03 -1
