     0.0   1.503      1
     0.0   3.006     -1
     1.0   13.53      1
     1.0   27.06     -1
     2.0   30.06      1
     2.0   60.11     -1
     3.0   42.07      1
     3.0   84.11     -1
     4.0   53.99      1
     4.0   108.0     -1
     5.0   65.92      1
     5.0   131.6     -1
     6.0   76.35      1
     6.0   153.5     -1
     7.0   86.47      1
     7.0   170.2     -1
     8.0   85.30      1
     8.0   174.2     -1
     9.0   81.32      1
     9.0   160.6     -1
    10.0   65.23      1
    10.0   130.6     -1
    11.0   44.29      1
    11.0   92.10     -1
    12.0   30.81      1
    12.0   56.69     -1
    13.0   14.31      1
    13.0   31.96     -1
    14.0   9.663      1
    14.0   17.45     -1
    15.0   4.214      1
    15.0   9.442     -1
    16.0   2.813      1
    16.0   5.080     -1
    17.0   1.214      1
    17.0   2.720     -1
    18.0  0.8032      1
    18.0   1.450     -1
    19.0  0.3433      1
    19.0  0.7698     -1
    20.0  0.2256      1
    20.0  0.4071     -1
    21.0  0.9563E-01  1
    21.0  0.2145     -1
    22.0  0.6247E-01  1
    22.0  0.1127     -1
    23.0  0.2630E-01  1
    23.0  0.5902E-01 -1
    24.0  0.1709E-01  1
    24.0  0.3083E-01 -1
    25.0  0.7154E-02  1
    25.0  0.1606E-01 -1
    26.0  0.4628E-02  1
    26.0  0.8346E-02 -1
    27.0  0.1927E-02  1
    27.0  0.4327E-02 -1
    28.0  0.1242E-02  1
    28.0  0.2239E-02 -1
    29.0  0.5147E-03  1
    29.0  0.1155E-02 -1
    30.0  0.3292E-03  1
    30.0  0.5935E-03 -1
