#  81 angles,  1 tensor ranks for 0=projectile
@subtitle   "39K(3He,d)40Ca 21 MeV DWBA ZR 8188 keV Jpi=4- l=5 n=1 j=9/2"                   
@legend ON
@legend x1 0.2
@legend y1 0.8
@g0 type LOGY
@yaxis ticklabel format power
@legend string   0 "Lab energy =   21.0000"
#legend string   0 "Partition=  2 Excit=  1 near/far= 1"
#  Theta       sigma       iT11        T20         T21         T22         Kyy for projectile
   0.000      0.5425    
   1.000      0.5413    
   2.000      0.5379    
   3.000      0.5324    
   4.000      0.5250    
   5.000      0.5161    
   6.000      0.5062    
   7.000      0.4957    
   8.000      0.4853    
   9.000      0.4756    
   10.00      0.4672    
   11.00      0.4607    
   12.00      0.4568    
   13.00      0.4560    
   14.00      0.4587    
   15.00      0.4653    
   16.00      0.4758    
   17.00      0.4903    
   18.00      0.5084    
   19.00      0.5300    
   20.00      0.5543    
   21.00      0.5809    
   22.00      0.6090    
   23.00      0.6377    
   24.00      0.6662    
   25.00      0.6937    
   26.00      0.7192    
   27.00      0.7419    
   28.00      0.7609    
   29.00      0.7755    
   30.00      0.7851    
   31.00      0.7891    
   32.00      0.7872    
   33.00      0.7791    
   34.00      0.7649    
   35.00      0.7448    
   36.00      0.7191    
   37.00      0.6884    
   38.00      0.6535    
   39.00      0.6153    
   40.00      0.5745    
   41.00      0.5322    
   42.00      0.4892    
   43.00      0.4466    
   44.00      0.4050    
   45.00      0.3652    
   46.00      0.3279    
   47.00      0.2936    
   48.00      0.2625    
   49.00      0.2350    
   50.00      0.2112    
   51.00      0.1911    
   52.00      0.1746    
   53.00      0.1614    
   54.00      0.1512    
   55.00      0.1438    
   56.00      0.1386    
   57.00      0.1352    
   58.00      0.1332    
   59.00      0.1321    
   60.00      0.1317    
   61.00      0.1314    
   62.00      0.1311    
   63.00      0.1305    
   64.00      0.1295    
   65.00      0.1279    
   66.00      0.1256    
   67.00      0.1227    
   68.00      0.1192    
   69.00      0.1152    
   70.00      0.1107    
   71.00      0.1058    
   72.00      0.1007    
   73.00      0.9552E-01
   74.00      0.9027E-01
   75.00      0.8509E-01
   76.00      0.8008E-01
   77.00      0.7531E-01
   78.00      0.7083E-01
   79.00      0.6669E-01
   80.00      0.6290E-01
 END
