     0.0   1.502      1
     0.0   3.004     -1
     1.0   13.52      1
     1.0   27.04     -1
     2.0   30.03      1
     2.0   60.07     -1
     3.0   42.02      1
     3.0   84.05     -1
     4.0   53.86      1
     4.0   107.9     -1
     5.0   65.72      1
     5.0   131.2     -1
     6.0   75.65      1
     6.0   152.5     -1
     7.0   85.46      1
     7.0   168.2     -1
     8.0   84.35      1
     8.0   172.0     -1
     9.0   80.29      1
     9.0   158.7     -1
    10.0   64.77      1
    10.0   129.5     -1
    11.0   43.92      1
    11.0   91.52     -1
    12.0   30.74      1
    12.0   56.45     -1
    13.0   14.23      1
    13.0   31.85     -1
    14.0   9.654      1
    14.0   17.41     -1
    15.0   4.199      1
    15.0   9.423     -1
    16.0   2.811      1
    16.0   5.072     -1
    17.0   1.211      1
    17.0   2.717     -1
    18.0  0.8030      1
    18.0   1.449     -1
    19.0  0.3428      1
    19.0  0.7692     -1
    20.0  0.2256      1
    20.0  0.4068     -1
    21.0  0.9553E-01  1
    21.0  0.2144     -1
    22.0  0.6247E-01  1
    22.0  0.1126     -1
    23.0  0.2628E-01  1
    23.0  0.5900E-01 -1
    24.0  0.1709E-01  1
    24.0  0.3082E-01 -1
    25.0  0.7151E-02  1
    25.0  0.1606E-01 -1
    26.0  0.4630E-02  1
    26.0  0.8346E-02 -1
    27.0  0.1927E-02  1
    27.0  0.4328E-02 -1
    28.0  0.1243E-02  1
    28.0  0.2240E-02 -1
    29.0  0.5154E-03  1
    29.0  0.1157E-02 -1
    30.0  0.3307E-03  1
    30.0  0.5963E-03 -1
