#  81 angles,  1 tensor ranks for 0=projectile
@subtitle   "39K(3He,d)40Ca 21 MeV DWBA ZR 8484 keV Jpi=3- l=3 n=2 j=7/2"                   
@legend ON
@legend x1 0.2
@legend y1 0.8
@g0 type LOGY
@yaxis ticklabel format power
@legend string   0 "Lab energy =   21.0000"
#legend string   0 "Partition=  2 Excit=  1 near/far= 1"
#  Theta       sigma       iT11        T20         T21         T22         Kyy for projectile
   0.000       13.19    
   1.000       13.22    
   2.000       13.29    
   3.000       13.41    
   4.000       13.57    
   5.000       13.76    
   6.000       13.96    
   7.000       14.18    
   8.000       14.38    
   9.000       14.57    
   10.00       14.73    
   11.00       14.85    
   12.00       14.91    
   13.00       14.91    
   14.00       14.83    
   15.00       14.67    
   16.00       14.41    
   17.00       14.07    
   18.00       13.62    
   19.00       13.09    
   20.00       12.47    
   21.00       11.78    
   22.00       11.03    
   23.00       10.24    
   24.00       9.414    
   25.00       8.581    
   26.00       7.753    
   27.00       6.947    
   28.00       6.180    
   29.00       5.463    
   30.00       4.810    
   31.00       4.227    
   32.00       3.721    
   33.00       3.293    
   34.00       2.941    
   35.00       2.661    
   36.00       2.444    
   37.00       2.282    
   38.00       2.165    
   39.00       2.082    
   40.00       2.025    
   41.00       1.982    
   42.00       1.946    
   43.00       1.910    
   44.00       1.869    
   45.00       1.817    
   46.00       1.752    
   47.00       1.674    
   48.00       1.582    
   49.00       1.480    
   50.00       1.368    
   51.00       1.251    
   52.00       1.132    
   53.00       1.014    
   54.00      0.9010    
   55.00      0.7947    
   56.00      0.6976    
   57.00      0.6112    
   58.00      0.5364    
   59.00      0.4737    
   60.00      0.4228    
   61.00      0.3830    
   62.00      0.3534    
   63.00      0.3324    
   64.00      0.3185    
   65.00      0.3099    
   66.00      0.3050    
   67.00      0.3023    
   68.00      0.3005    
   69.00      0.2985    
   70.00      0.2957    
   71.00      0.2914    
   72.00      0.2853    
   73.00      0.2773    
   74.00      0.2675    
   75.00      0.2560    
   76.00      0.2433    
   77.00      0.2296    
   78.00      0.2156    
   79.00      0.2017    
   80.00      0.1885    
 END
