     0.0   1.497      1
     0.0   2.994     -1
     1.0   13.45      1
     1.0   26.95     -1
     2.0   29.91      1
     2.0   59.90     -1
     3.0   41.93      1
     3.0   83.93     -1
     4.0   53.85      1
     4.0   107.8     -1
     5.0   65.78      1
     5.0   131.4     -1
     6.0   76.05      1
     6.0   153.1     -1
     7.0   85.94      1
     7.0   169.1     -1
     8.0   84.42      1
     8.0   172.1     -1
     9.0   79.52      1
     9.0   157.8     -1
    10.0   64.16      1
    10.0   128.2     -1
    11.0   43.55      1
    11.0   90.67     -1
    12.0   30.50      1
    12.0   56.01     -1
    13.0   14.14      1
    13.0   31.65     -1
    14.0   9.603      1
    14.0   17.32     -1
    15.0   4.179      1
    15.0   9.380     -1
    16.0   2.801      1
    16.0   5.052     -1
    17.0   1.207      1
    17.0   2.708     -1
    18.0  0.8008      1
    18.0   1.445     -1
    19.0  0.3419      1
    19.0  0.7673     -1
    20.0  0.2251      1
    20.0  0.4060     -1
    21.0  0.9533E-01  1
    21.0  0.2140     -1
    22.0  0.6237E-01  1
    22.0  0.1125     -1
    23.0  0.2624E-01  1
    23.0  0.5892E-01 -1
    24.0  0.1707E-01  1
    24.0  0.3078E-01 -1
    25.0  0.7142E-02  1
    25.0  0.1604E-01 -1
    26.0  0.4626E-02  1
    26.0  0.8339E-02 -1
    27.0  0.1926E-02  1
    27.0  0.4326E-02 -1
    28.0  0.1242E-02  1
    28.0  0.2240E-02 -1
    29.0  0.5154E-03  1
    29.0  0.1157E-02 -1
    30.0  0.3310E-03  1
    30.0  0.5970E-03 -1
