#  81 angles,  1 tensor ranks for 0=projectile
@subtitle   "39K(3He,d)40Ca 21 MeV DWBA ZR 6931 keV Jpi=3- l=5 n=1 j=9/2"                   
@legend ON
@legend x1 0.2
@legend y1 0.8
@g0 type LOGY
@yaxis ticklabel format power
@xaxis label "Scattering angle (degrees)"
@yaxis label "Cross section (mb/sr)"
@legend string   0 "Partition=  1 Excit=  1 near/far= 1"
#legend string   0 "Lab energy =   21.0000"
@s0 linestyle   1
#  Theta       sigma       iT11        T20         T21         T22         Kyy for projectile
  0.1000E-01   1.000    
   1.000      0.9997    
   2.000       1.001    
   3.000      0.9801    
   4.000      0.9937    
   5.000       1.036    
   6.000       1.069    
   7.000       1.070    
   8.000       1.043    
   9.000       1.001    
   10.00      0.9589    
   11.00      0.9259    
   12.00      0.9030    
   13.00      0.8865    
   14.00      0.8704    
   15.00      0.8486    
   16.00      0.8173    
   17.00      0.7752    
   18.00      0.7238    
   19.00      0.6664    
   20.00      0.6075    
   21.00      0.5518    
   22.00      0.5029    
   23.00      0.4636    
   24.00      0.4347    
   25.00      0.4158    
   26.00      0.4051    
   27.00      0.3999    
   28.00      0.3972    
   29.00      0.3941    
   30.00      0.3882    
   31.00      0.3777    
   32.00      0.3620    
   33.00      0.3412    
   34.00      0.3163    
   35.00      0.2889    
   36.00      0.2608    
   37.00      0.2340    
   38.00      0.2104    
   39.00      0.1911    
   40.00      0.1770    
   41.00      0.1682    
   42.00      0.1644    
   43.00      0.1646    
   44.00      0.1677    
   45.00      0.1721    
   46.00      0.1765    
   47.00      0.1796    
   48.00      0.1803    
   49.00      0.1779    
   50.00      0.1722    
   51.00      0.1633    
   52.00      0.1516    
   53.00      0.1378    
   54.00      0.1229    
   55.00      0.1077    
   56.00      0.9318E-01
   57.00      0.8011E-01
   58.00      0.6912E-01
   59.00      0.6059E-01
   60.00      0.5467E-01
   61.00      0.5129E-01
   62.00      0.5018E-01
   63.00      0.5093E-01
   64.00      0.5301E-01
   65.00      0.5587E-01
   66.00      0.5895E-01
   67.00      0.6177E-01
   68.00      0.6392E-01
   69.00      0.6510E-01
   70.00      0.6515E-01
   71.00      0.6402E-01
   72.00      0.6176E-01
   73.00      0.5853E-01
   74.00      0.5453E-01
   75.00      0.5000E-01
   76.00      0.4522E-01
   77.00      0.4042E-01
   78.00      0.3583E-01
   79.00      0.3163E-01
   80.00      0.2793E-01
 END
@legend string   1 "Partition=  2 Excit=  1 near/far= 1"
#legend string   0 "Lab energy =   21.0000"
@s1 linestyle   2
#  Theta       sigma       iT11        T20         T21         T22         Kyy for projectile
   0.000      0.2682    
   1.000      0.2675    
   2.000      0.2653    
   3.000      0.2618    
   4.000      0.2572    
   5.000      0.2515    
   6.000      0.2453    
   7.000      0.2386    
   8.000      0.2321    
   9.000      0.2260    
   10.00      0.2207    
   11.00      0.2168    
   12.00      0.2146    
   13.00      0.2146    
   14.00      0.2170    
   15.00      0.2221    
   16.00      0.2301    
   17.00      0.2411    
   18.00      0.2550    
   19.00      0.2717    
   20.00      0.2909    
   21.00      0.3123    
   22.00      0.3354    
   23.00      0.3597    
   24.00      0.3845    
   25.00      0.4092    
   26.00      0.4330    
   27.00      0.4553    
   28.00      0.4753    
   29.00      0.4923    
   30.00      0.5058    
   31.00      0.5152    
   32.00      0.5202    
   33.00      0.5204    
   34.00      0.5157    
   35.00      0.5062    
   36.00      0.4920    
   37.00      0.4736    
   38.00      0.4514    
   39.00      0.4261    
   40.00      0.3983    
   41.00      0.3688    
   42.00      0.3384    
   43.00      0.3079    
   44.00      0.2779    
   45.00      0.2492    
   46.00      0.2222    
   47.00      0.1974    
   48.00      0.1753    
   49.00      0.1559    
   50.00      0.1393    
   51.00      0.1257    
   52.00      0.1148    
   53.00      0.1065    
   54.00      0.1005    
   55.00      0.9644E-01
   56.00      0.9405E-01
   57.00      0.9294E-01
   58.00      0.9276E-01
   59.00      0.9317E-01
   60.00      0.9388E-01
   61.00      0.9462E-01
   62.00      0.9518E-01
   63.00      0.9539E-01
   64.00      0.9513E-01
   65.00      0.9433E-01
   66.00      0.9298E-01
   67.00      0.9108E-01
   68.00      0.8867E-01
   69.00      0.8582E-01
   70.00      0.8262E-01
   71.00      0.7916E-01
   72.00      0.7552E-01
   73.00      0.7181E-01
   74.00      0.6809E-01
   75.00      0.6445E-01
   76.00      0.6094E-01
   77.00      0.5762E-01
   78.00      0.5451E-01
   79.00      0.5163E-01
   80.00      0.4900E-01
 END
