     0.0   1.488      1
     0.0   2.987     -1
     1.0   13.48      1
     1.0   26.96     -1
     2.0   29.95      1
     2.0   59.98     -1
     3.0   42.00      1
     3.0   84.02     -1
     4.0   53.92      1
     4.0   107.9     -1
     5.0   65.85      1
     5.0   131.4     -1
     6.0   76.02      1
     6.0   153.1     -1
     7.0   86.15      1
     7.0   168.8     -1
     8.0   84.15      1
     8.0   172.5     -1
     9.0   80.59      1
     9.0   159.0     -1
    10.0   64.88      1
    10.0   129.8     -1
    11.0   44.14      1
    11.0   91.82     -1
    12.0   30.79      1
    12.0   56.62     -1
    13.0   14.29      1
    13.0   31.93     -1
    14.0   9.665      1
    14.0   17.45     -1
    15.0   4.211      1
    15.0   9.440     -1
    16.0   2.814      1
    16.0   5.079     -1
    17.0   1.213      1
    17.0   2.720     -1
    18.0  0.8035      1
    18.0   1.450     -1
    19.0  0.3433      1
    19.0  0.7699     -1
    20.0  0.2257      1
    20.0  0.4072     -1
    21.0  0.9562E-01  1
    21.0  0.2146     -1
    22.0  0.6249E-01  1
    22.0  0.1127     -1
    23.0  0.2630E-01  1
    23.0  0.5903E-01 -1
    24.0  0.1710E-01  1
    24.0  0.3083E-01 -1
    25.0  0.7156E-02  1
    25.0  0.1606E-01 -1
    26.0  0.4631E-02  1
    26.0  0.8351E-02 -1
    27.0  0.1929E-02  1
    27.0  0.4331E-02 -1
    28.0  0.1243E-02  1
    28.0  0.2242E-02 -1
    29.0  0.5159E-03  1
    29.0  0.1158E-02 -1
    30.0  0.3312E-03  1
    30.0  0.5970E-03 -1
