     0.0   1.500      1
     0.0   3.003     -1
     1.0   13.47      1
     1.0   26.97     -1
     2.0   29.89      1
     2.0   59.88     -1
     3.0   41.91      1
     3.0   83.89     -1
     4.0   53.79      1
     4.0   107.8     -1
     5.0   65.71      1
     5.0   131.3     -1
     6.0   75.99      1
     6.0   152.9     -1
     7.0   85.89      1
     7.0   169.1     -1
     8.0   84.57      1
     8.0   172.9     -1
     9.0   80.77      1
     9.0   159.3     -1
    10.0   64.73      1
    10.0   129.7     -1
    11.0   44.10      1
    11.0   91.62     -1
    12.0   30.68      1
    12.0   56.48     -1
    13.0   14.27      1
    13.0   31.87     -1
    14.0   9.643      1
    14.0   17.42     -1
    15.0   4.208      1
    15.0   9.428     -1
    16.0   2.810      1
    16.0   5.075     -1
    17.0   1.213      1
    17.0   2.718     -1
    18.0  0.8028      1
    18.0   1.449     -1
    19.0  0.3432      1
    19.0  0.7696     -1
    20.0  0.2256      1
    20.0  0.4070     -1
    21.0  0.9561E-01  1
    21.0  0.2145     -1
    22.0  0.6247E-01  1
    22.0  0.1127     -1
    23.0  0.2630E-01  1
    23.0  0.5902E-01 -1
    24.0  0.1710E-01  1
    24.0  0.3083E-01 -1
    25.0  0.7155E-02  1
    25.0  0.1606E-01 -1
    26.0  0.4630E-02  1
    26.0  0.8350E-02 -1
    27.0  0.1929E-02  1
    27.0  0.4331E-02 -1
    28.0  0.1243E-02  1
    28.0  0.2242E-02 -1
    29.0  0.5160E-03  1
    29.0  0.1158E-02 -1
    30.0  0.3313E-03  1
    30.0  0.5975E-03 -1
