#  81 angles,  1 tensor ranks for 0=projectile
@subtitle   "39K(3He,d)40Ca 21 MeV DWBA ZR 9136 keV Jpi=2- l=1 n=2 j=3/2"                   
@legend ON
@legend x1 0.2
@legend y1 0.8
@g0 type LOGY
@yaxis ticklabel format power
@legend string   0 "Lab energy =   21.0000"
#legend string   0 "Partition=  2 Excit=  1 near/far= 1"
#  Theta       sigma       iT11        T20         T21         T22         Kyy for projectile
   0.000       16.97    
   1.000       16.94    
   2.000       16.84    
   3.000       16.67    
   4.000       16.41    
   5.000       16.05    
   6.000       15.57    
   7.000       14.97    
   8.000       14.25    
   9.000       13.41    
   10.00       12.48    
   11.00       11.47    
   12.00       10.41    
   13.00       9.355    
   14.00       8.330    
   15.00       7.372    
   16.00       6.512    
   17.00       5.771    
   18.00       5.162    
   19.00       4.688    
   20.00       4.344    
   21.00       4.115    
   22.00       3.981    
   23.00       3.918    
   24.00       3.899    
   25.00       3.900    
   26.00       3.898    
   27.00       3.876    
   28.00       3.818    
   29.00       3.719    
   30.00       3.575    
   31.00       3.389    
   32.00       3.166    
   33.00       2.916    
   34.00       2.648    
   35.00       2.374    
   36.00       2.104    
   37.00       1.846    
   38.00       1.609    
   39.00       1.397    
   40.00       1.214    
   41.00       1.060    
   42.00      0.9362    
   43.00      0.8393    
   44.00      0.7664    
   45.00      0.7137    
   46.00      0.6770    
   47.00      0.6521    
   48.00      0.6352    
   49.00      0.6229    
   50.00      0.6127    
   51.00      0.6023    
   52.00      0.5905    
   53.00      0.5765    
   54.00      0.5600    
   55.00      0.5414    
   56.00      0.5209    
   57.00      0.4994    
   58.00      0.4775    
   59.00      0.4560    
   60.00      0.4355    
   61.00      0.4166    
   62.00      0.3996    
   63.00      0.3846    
   64.00      0.3717    
   65.00      0.3607    
   66.00      0.3513    
   67.00      0.3432    
   68.00      0.3360    
   69.00      0.3292    
   70.00      0.3225    
   71.00      0.3155    
   72.00      0.3078    
   73.00      0.2993    
   74.00      0.2898    
   75.00      0.2792    
   76.00      0.2675    
   77.00      0.2549    
   78.00      0.2414    
   79.00      0.2273    
   80.00      0.2128    
 END
