     0.0   1.500      1
     0.0   3.001     -1
     1.0   13.49      1
     1.0   27.01     -1
     2.0   29.98      1
     2.0   60.01     -1
     3.0   41.99      1
     3.0   83.98     -1
     4.0   53.87      1
     4.0   107.9     -1
     5.0   65.83      1
     5.0   131.4     -1
     6.0   76.23      1
     6.0   153.4     -1
     7.0   86.31      1
     7.0   169.9     -1
     8.0   84.95      1
     8.0   173.7     -1
     9.0   80.65      1
     9.0   159.5     -1
    10.0   64.06      1
    10.0   128.4     -1
    11.0   42.92      1
    11.0   89.28     -1
    12.0   28.77      1
    12.0   53.83     -1
    13.0   13.93      1
    13.0   30.37     -1
    14.0   9.118      1
    14.0   16.74     -1
    15.0   4.144      1
    15.0   9.140     -1
    16.0   2.715      1
    16.0   4.952     -1
    17.0   1.201      1
    17.0   2.666     -1
    18.0  0.7859      1
    18.0   1.427     -1
    19.0  0.3411      1
    19.0  0.7603     -1
    20.0  0.2225      1
    20.0  0.4031     -1
    21.0  0.9523E-01  1
    21.0  0.2128     -1
    22.0  0.6193E-01  1
    22.0  0.1120     -1
    23.0  0.2623E-01  1
    23.0  0.5872E-01 -1
    24.0  0.1700E-01  1
    24.0  0.3070E-01 -1
    25.0  0.7142E-02  1
    25.0  0.1601E-01 -1
    26.0  0.4613E-02  1
    26.0  0.8327E-02 -1
    27.0  0.1927E-02  1
    27.0  0.4320E-02 -1
    28.0  0.1234E-02  1
    28.0  0.2232E-02 -1
    29.0  0.5132E-03  1
    29.0  0.1153E-02 -1
    30.0  0.3288E-03  1
    30.0  0.5931E-03 -1
