#  81 angles,  1 tensor ranks for 0=projectile
@subtitle   "39K(3He,d)40Ca 21 MeV DWBA ZR 9226.69 keV Jpi=2+ l=2 n=2 j=3/2"                
@legend ON
@legend x1 0.2
@legend y1 0.8
@g0 type LOGY
@yaxis ticklabel format power
@legend string   0 "Lab energy =   21.0000"
#legend string   0 "Partition=  2 Excit=  1 near/far= 1"
#  Theta       sigma       iT11        T20         T21         T22         Kyy for projectile
   0.000       13.96    
   1.000       13.97    
   2.000       14.02    
   3.000       14.09    
   4.000       14.17    
   5.000       14.25    
   6.000       14.32    
   7.000       14.36    
   8.000       14.36    
   9.000       14.29    
   10.00       14.15    
   11.00       13.93    
   12.00       13.60    
   13.00       13.18    
   14.00       12.65    
   15.00       12.03    
   16.00       11.32    
   17.00       10.55    
   18.00       9.733    
   19.00       8.890    
   20.00       8.048    
   21.00       7.228    
   22.00       6.450    
   23.00       5.733    
   24.00       5.087    
   25.00       4.520    
   26.00       4.035    
   27.00       3.632    
   28.00       3.304    
   29.00       3.044    
   30.00       2.842    
   31.00       2.685    
   32.00       2.563    
   33.00       2.462    
   34.00       2.373    
   35.00       2.286    
   36.00       2.196    
   37.00       2.098    
   38.00       1.990    
   39.00       1.871    
   40.00       1.743    
   41.00       1.608    
   42.00       1.469    
   43.00       1.330    
   44.00       1.195    
   45.00       1.067    
   46.00      0.9484    
   47.00      0.8420    
   48.00      0.7488    
   49.00      0.6695    
   50.00      0.6039    
   51.00      0.5509    
   52.00      0.5093    
   53.00      0.4772    
   54.00      0.4525    
   55.00      0.4334    
   56.00      0.4179    
   57.00      0.4043    
   58.00      0.3912    
   59.00      0.3775    
   60.00      0.3625    
   61.00      0.3457    
   62.00      0.3271    
   63.00      0.3070    
   64.00      0.2857    
   65.00      0.2640    
   66.00      0.2425    
   67.00      0.2220    
   68.00      0.2031    
   69.00      0.1863    
   70.00      0.1722    
   71.00      0.1609    
   72.00      0.1526    
   73.00      0.1473    
   74.00      0.1448    
   75.00      0.1447    
   76.00      0.1466    
   77.00      0.1501    
   78.00      0.1546    
   79.00      0.1595    
   80.00      0.1643    
 END
