#  81 angles,  1 tensor ranks for 0=projectile
@subtitle   "39K(3He,d)40Ca 21 MeV DWBA ZR 9092 keV Jpi=3- l=3 n=1 j=5/2"                   
@legend ON
@legend x1 0.2
@legend y1 0.8
@g0 type LOGY
@yaxis ticklabel format power
@xaxis label "Scattering angle (degrees)"
@yaxis label "Cross section (mb/sr)"
@legend string   0 "Partition=  1 Excit=  1 near/far= 1"
#legend string   0 "Lab energy =   21.0000"
@s0 linestyle   1
#  Theta       sigma       iT11        T20         T21         T22         Kyy for projectile
  0.1000E-01   1.000    
   1.000      0.9997    
   2.000       1.001    
   3.000      0.9801    
   4.000      0.9937    
   5.000       1.036    
   6.000       1.069    
   7.000       1.070    
   8.000       1.043    
   9.000       1.001    
   10.00      0.9589    
   11.00      0.9259    
   12.00      0.9030    
   13.00      0.8865    
   14.00      0.8704    
   15.00      0.8486    
   16.00      0.8173    
   17.00      0.7752    
   18.00      0.7238    
   19.00      0.6664    
   20.00      0.6075    
   21.00      0.5518    
   22.00      0.5029    
   23.00      0.4636    
   24.00      0.4347    
   25.00      0.4158    
   26.00      0.4051    
   27.00      0.3999    
   28.00      0.3972    
   29.00      0.3941    
   30.00      0.3882    
   31.00      0.3777    
   32.00      0.3620    
   33.00      0.3412    
   34.00      0.3163    
   35.00      0.2889    
   36.00      0.2608    
   37.00      0.2340    
   38.00      0.2104    
   39.00      0.1911    
   40.00      0.1770    
   41.00      0.1682    
   42.00      0.1644    
   43.00      0.1646    
   44.00      0.1677    
   45.00      0.1721    
   46.00      0.1765    
   47.00      0.1796    
   48.00      0.1803    
   49.00      0.1779    
   50.00      0.1722    
   51.00      0.1633    
   52.00      0.1516    
   53.00      0.1378    
   54.00      0.1229    
   55.00      0.1077    
   56.00      0.9318E-01
   57.00      0.8011E-01
   58.00      0.6912E-01
   59.00      0.6059E-01
   60.00      0.5467E-01
   61.00      0.5129E-01
   62.00      0.5018E-01
   63.00      0.5093E-01
   64.00      0.5301E-01
   65.00      0.5587E-01
   66.00      0.5895E-01
   67.00      0.6177E-01
   68.00      0.6392E-01
   69.00      0.6510E-01
   70.00      0.6515E-01
   71.00      0.6402E-01
   72.00      0.6176E-01
   73.00      0.5853E-01
   74.00      0.5453E-01
   75.00      0.5000E-01
   76.00      0.4522E-01
   77.00      0.4042E-01
   78.00      0.3583E-01
   79.00      0.3163E-01
   80.00      0.2793E-01
 END
@legend string   1 "Partition=  2 Excit=  1 near/far= 1"
#legend string   0 "Lab energy =   21.0000"
@s1 linestyle   2
#  Theta       sigma       iT11        T20         T21         T22         Kyy for projectile
   0.000       4.301    
   1.000       4.309    
   2.000       4.334    
   3.000       4.375    
   4.000       4.430    
   5.000       4.497    
   6.000       4.572    
   7.000       4.653    
   8.000       4.735    
   9.000       4.814    
   10.00       4.885    
   11.00       4.945    
   12.00       4.988    
   13.00       5.010    
   14.00       5.007    
   15.00       4.977    
   16.00       4.916    
   17.00       4.822    
   18.00       4.695    
   19.00       4.535    
   20.00       4.345    
   21.00       4.127    
   22.00       3.885    
   23.00       3.625    
   24.00       3.351    
   25.00       3.070    
   26.00       2.789    
   27.00       2.512    
   28.00       2.245    
   29.00       1.994    
   30.00       1.763    
   31.00       1.554    
   32.00       1.371    
   33.00       1.214    
   34.00       1.084    
   35.00      0.9793    
   36.00      0.8979    
   37.00      0.8370    
   38.00      0.7935    
   39.00      0.7639    
   40.00      0.7447    
   41.00      0.7324    
   42.00      0.7242    
   43.00      0.7172    
   44.00      0.7092    
   45.00      0.6986    
   46.00      0.6839    
   47.00      0.6645    
   48.00      0.6400    
   49.00      0.6107    
   50.00      0.5771    
   51.00      0.5400    
   52.00      0.5005    
   53.00      0.4597    
   54.00      0.4186    
   55.00      0.3785    
   56.00      0.3400    
   57.00      0.3040    
   58.00      0.2709    
   59.00      0.2411    
   60.00      0.2148    
   61.00      0.1921    
   62.00      0.1727    
   63.00      0.1566    
   64.00      0.1433    
   65.00      0.1326    
   66.00      0.1240    
   67.00      0.1172    
   68.00      0.1117    
   69.00      0.1072    
   70.00      0.1034    
   71.00      0.9999E-01
   72.00      0.9689E-01
   73.00      0.9394E-01
   74.00      0.9107E-01
   75.00      0.8822E-01
   76.00      0.8540E-01
   77.00      0.8260E-01
   78.00      0.7986E-01
   79.00      0.7720E-01
   80.00      0.7467E-01
 END
