     0.0   1.503      1
     0.0   3.006     -1
     1.0   13.53      1
     1.0   27.05     -1
     2.0   30.05      1
     2.0   60.11     -1
     3.0   42.06      1
     3.0   84.12     -1
     4.0   54.00      1
     4.0   108.0     -1
     5.0   65.89      1
     5.0   131.6     -1
     6.0   76.34      1
     6.0   153.5     -1
     7.0   86.33      1
     7.0   170.0     -1
     8.0   85.13      1
     8.0   174.0     -1
     9.0   80.99      1
     9.0   160.0     -1
    10.0   64.80      1
    10.0   129.8     -1
    11.0   43.78      1
    11.0   91.31     -1
    12.0   30.70      1
    12.0   56.26     -1
    13.0   14.16      1
    13.0   31.76     -1
    14.0   9.648      1
    14.0   17.37     -1
    15.0   4.186      1
    15.0   9.407     -1
    16.0   2.810      1
    16.0   5.065     -1
    17.0   1.209      1
    17.0   2.714     -1
    18.0  0.8028      1
    18.0   1.447     -1
    19.0  0.3424      1
    19.0  0.7687     -1
    20.0  0.2255      1
    20.0  0.4066     -1
    21.0  0.9545E-01  1
    21.0  0.2143     -1
    22.0  0.6247E-01  1
    22.0  0.1126     -1
    23.0  0.2626E-01  1
    23.0  0.5899E-01 -1
    24.0  0.1709E-01  1
    24.0  0.3081E-01 -1
    25.0  0.7149E-02  1
    25.0  0.1606E-01 -1
    26.0  0.4630E-02  1
    26.0  0.8346E-02 -1
    27.0  0.1928E-02  1
    27.0  0.4329E-02 -1
    28.0  0.1243E-02  1
    28.0  0.2241E-02 -1
    29.0  0.5158E-03  1
    29.0  0.1158E-02 -1
    30.0  0.3313E-03  1
    30.0  0.5973E-03 -1
