#  81 angles,  1 tensor ranks for 0=projectile
@subtitle   "39K(3He,d)40Ca 21 MeV DWBA ZR 9092 keV Jpi=3- l=3 n=1 j=5/2"                   
@legend ON
@legend x1 0.2
@legend y1 0.8
@g0 type LOGY
@yaxis ticklabel format power
@legend string   0 "Lab energy =   21.0000"
#legend string   0 "Partition=  2 Excit=  1 near/far= 1"
#  Theta       sigma       iT11        T20         T21         T22         Kyy for projectile
   0.000       4.301    
   1.000       4.309    
   2.000       4.334    
   3.000       4.375    
   4.000       4.430    
   5.000       4.497    
   6.000       4.572    
   7.000       4.653    
   8.000       4.735    
   9.000       4.814    
   10.00       4.885    
   11.00       4.945    
   12.00       4.988    
   13.00       5.010    
   14.00       5.007    
   15.00       4.977    
   16.00       4.916    
   17.00       4.822    
   18.00       4.695    
   19.00       4.535    
   20.00       4.345    
   21.00       4.127    
   22.00       3.885    
   23.00       3.625    
   24.00       3.351    
   25.00       3.070    
   26.00       2.789    
   27.00       2.512    
   28.00       2.245    
   29.00       1.994    
   30.00       1.763    
   31.00       1.554    
   32.00       1.371    
   33.00       1.214    
   34.00       1.084    
   35.00      0.9793    
   36.00      0.8979    
   37.00      0.8370    
   38.00      0.7935    
   39.00      0.7639    
   40.00      0.7447    
   41.00      0.7324    
   42.00      0.7242    
   43.00      0.7172    
   44.00      0.7092    
   45.00      0.6986    
   46.00      0.6839    
   47.00      0.6645    
   48.00      0.6400    
   49.00      0.6107    
   50.00      0.5771    
   51.00      0.5400    
   52.00      0.5005    
   53.00      0.4597    
   54.00      0.4186    
   55.00      0.3785    
   56.00      0.3400    
   57.00      0.3040    
   58.00      0.2709    
   59.00      0.2411    
   60.00      0.2148    
   61.00      0.1921    
   62.00      0.1727    
   63.00      0.1566    
   64.00      0.1433    
   65.00      0.1326    
   66.00      0.1240    
   67.00      0.1172    
   68.00      0.1117    
   69.00      0.1072    
   70.00      0.1034    
   71.00      0.9999E-01
   72.00      0.9689E-01
   73.00      0.9394E-01
   74.00      0.9107E-01
   75.00      0.8822E-01
   76.00      0.8540E-01
   77.00      0.8260E-01
   78.00      0.7986E-01
   79.00      0.7720E-01
   80.00      0.7467E-01
 END
