#  81 angles,  1 tensor ranks for 0=projectile
@subtitle   "39K(3He,d)40Ca 21 MeV DWBA ZR 8851 keV Jpi=8- l=7 n=1 j=13/2"                  
@legend ON
@legend x1 0.2
@legend y1 0.8
@g0 type LOGY
@yaxis ticklabel format power
@legend string   0 "Lab energy =   21.0000"
#legend string   0 "Partition=  2 Excit=  1 near/far= 1"
#  Theta       sigma       iT11        T20         T21         T22         Kyy for projectile
   0.000       3.211    
   1.000       3.199    
   2.000       3.163    
   3.000       3.104    
   4.000       3.023    
   5.000       2.919    
   6.000       2.789    
   7.000       2.631    
   8.000       2.444    
   9.000       2.227    
   10.00       1.986    
   11.00       1.732    
   12.00       1.480    
   13.00       1.247    
   14.00       1.048    
   15.00      0.8951    
   16.00      0.7904    
   17.00      0.7301    
   18.00      0.7036    
   19.00      0.6968    
   20.00      0.6957    
   21.00      0.6887    
   22.00      0.6686    
   23.00      0.6331    
   24.00      0.5839    
   25.00      0.5254    
   26.00      0.4633    
   27.00      0.4033    
   28.00      0.3503    
   29.00      0.3078    
   30.00      0.2775    
   31.00      0.2594    
   32.00      0.2521    
   33.00      0.2524    
   34.00      0.2566    
   35.00      0.2612    
   36.00      0.2633    
   37.00      0.2617    
   38.00      0.2569    
   39.00      0.2511    
   40.00      0.2470    
   41.00      0.2472    
   42.00      0.2527    
   43.00      0.2630    
   44.00      0.2754    
   45.00      0.2863    
   46.00      0.2915    
   47.00      0.2885    
   48.00      0.2765    
   49.00      0.2570    
   50.00      0.2337    
   51.00      0.2116    
   52.00      0.1950    
   53.00      0.1874    
   54.00      0.1897    
   55.00      0.2003    
   56.00      0.2157    
   57.00      0.2312    
   58.00      0.2419    
   59.00      0.2442    
   60.00      0.2362    
   61.00      0.2184    
   62.00      0.1930    
   63.00      0.1640    
   64.00      0.1356    
   65.00      0.1119    
   66.00      0.9604E-01
   67.00      0.8941E-01
   68.00      0.9179E-01
   69.00      0.1014    
   70.00      0.1151    
   71.00      0.1294    
   72.00      0.1407    
   73.00      0.1460    
   74.00      0.1439    
   75.00      0.1342    
   76.00      0.1184    
   77.00      0.9941E-01
   78.00      0.8074E-01
   79.00      0.6614E-01
   80.00      0.5859E-01
 END
