     0.0   1.503      1
     0.0   3.006     -1
     1.0   13.53      1
     1.0   27.06     -1
     2.0   30.07      1
     2.0   60.13     -1
     3.0   42.10      1
     3.0   84.17     -1
     4.0   54.05      1
     4.0   108.1     -1
     5.0   65.98      1
     5.0   131.7     -1
     6.0   76.43      1
     6.0   153.6     -1
     7.0   86.54      1
     7.0   170.2     -1
     8.0   85.34      1
     8.0   174.3     -1
     9.0   81.42      1
     9.0   160.7     -1
    10.0   65.27      1
    10.0   130.7     -1
    11.0   44.35      1
    11.0   92.23     -1
    12.0   30.83      1
    12.0   56.75     -1
    13.0   14.32      1
    13.0   31.97     -1
    14.0   9.618      1
    14.0   17.41     -1
    15.0   4.199      1
    15.0   9.383     -1
    16.0   2.740      1
    16.0   4.917     -1
    17.0   1.181      1
    17.0   2.651     -1
    18.0  0.6709      1
    18.0   1.277     -1
    19.0  0.3223      1
    19.0  0.6606     -1
    20.0  0.1289      1
    20.0  0.1545     -1
    21.0 -0.1706      1
    21.0 -0.9885E-01 -1
    22.0 -0.1256E-01  1
    22.0  0.6271E-02 -1
    23.0  0.6145E-03  1
    23.0  0.2580E-01 -1
    24.0 -0.1451E-03  1
    24.0  0.5933E-02 -1
    25.0  0.4989E-02  1
    25.0  0.1297E-01 -1
    26.0  0.4013E-02  1
    26.0  0.7446E-02 -1
    27.0  0.1849E-02  1
    27.0  0.4176E-02 -1
    28.0  0.1223E-02  1
    28.0  0.2210E-02 -1
    29.0  0.5107E-03  1
    29.0  0.1151E-02 -1
    30.0  0.3310E-03  1
    30.0  0.5970E-03 -1
    31.0  0.1371E-03  1
    31.0  0.3076E-03 -1
    32.0  0.8769E-04  1
    32.0  0.1582E-03 -1
    33.0  0.3620E-04  1
    33.0  0.8120E-04 -1
    34.0  0.2306E-04  1
    34.0  0.4162E-04 -1
    35.0  0.9502E-05  1
    35.0  0.2130E-04 -1
