#  81 angles,  1 tensor ranks for 0=projectile
@subtitle   "39K(3He,d)40Ca 21 MeV DWBA ZR 9226.69 keV Jpi=3- l=5 n=1 j=9/2"                
@legend ON
@legend x1 0.2
@legend y1 0.8
@g0 type LOGY
@yaxis ticklabel format power
@legend string   0 "Lab energy =   21.0000"
#legend string   0 "Partition=  2 Excit=  1 near/far= 1"
#  Theta       sigma       iT11        T20         T21         T22         Kyy for projectile
   0.000      0.5024    
   1.000      0.5015    
   2.000      0.4987    
   3.000      0.4943    
   4.000      0.4883    
   5.000      0.4810    
   6.000      0.4729    
   7.000      0.4641    
   8.000      0.4553    
   9.000      0.4466    
   10.00      0.4388    
   11.00      0.4320    
   12.00      0.4268    
   13.00      0.4235    
   14.00      0.4223    
   15.00      0.4236    
   16.00      0.4272    
   17.00      0.4334    
   18.00      0.4418    
   19.00      0.4523    
   20.00      0.4644    
   21.00      0.4779    
   22.00      0.4922    
   23.00      0.5068    
   24.00      0.5211    
   25.00      0.5347    
   26.00      0.5470    
   27.00      0.5576    
   28.00      0.5658    
   29.00      0.5714    
   30.00      0.5740    
   31.00      0.5732    
   32.00      0.5688    
   33.00      0.5607    
   34.00      0.5490    
   35.00      0.5337    
   36.00      0.5150    
   37.00      0.4934    
   38.00      0.4692    
   39.00      0.4430    
   40.00      0.4153    
   41.00      0.3867    
   42.00      0.3578    
   43.00      0.3290    
   44.00      0.3008    
   45.00      0.2738    
   46.00      0.2483    
   47.00      0.2245    
   48.00      0.2028    
   49.00      0.1833    
   50.00      0.1661    
   51.00      0.1513    
   52.00      0.1387    
   53.00      0.1284    
   54.00      0.1201    
   55.00      0.1136    
   56.00      0.1087    
   57.00      0.1050    
   58.00      0.1025    
   59.00      0.1006    
   60.00      0.9937E-01
   61.00      0.9840E-01
   62.00      0.9754E-01
   63.00      0.9665E-01
   64.00      0.9558E-01
   65.00      0.9426E-01
   66.00      0.9262E-01
   67.00      0.9062E-01
   68.00      0.8825E-01
   69.00      0.8552E-01
   70.00      0.8246E-01
   71.00      0.7912E-01
   72.00      0.7555E-01
   73.00      0.7182E-01
   74.00      0.6801E-01
   75.00      0.6419E-01
   76.00      0.6043E-01
   77.00      0.5680E-01
   78.00      0.5333E-01
   79.00      0.5009E-01
   80.00      0.4709E-01
 END
