#  81 angles,  1 tensor ranks for 0=projectile
@subtitle   "39K(3He,d)40Ca 21 MeV DWBA ZR 8935 keV Jpi=2+ l=2 n=3 j=5/2"                   
@legend ON
@legend x1 0.2
@legend y1 0.8
@g0 type LOGY
@yaxis ticklabel format power
@legend string   0 "Lab energy =   21.0000"
#legend string   0 "Partition=  2 Excit=  1 near/far= 1"
#  Theta       sigma       iT11        T20         T21         T22         Kyy for projectile
   0.000       24.59    
   1.000       24.63    
   2.000       24.75    
   3.000       24.92    
   4.000       25.15    
   5.000       25.40    
   6.000       25.66    
   7.000       25.87    
   8.000       26.02    
   9.000       26.07    
   10.00       25.99    
   11.00       25.74    
   12.00       25.30    
   13.00       24.66    
   14.00       23.81    
   15.00       22.77    
   16.00       21.55    
   17.00       20.19    
   18.00       18.71    
   19.00       17.16    
   20.00       15.59    
   21.00       14.04    
   22.00       12.55    
   23.00       11.15    
   24.00       9.868    
   25.00       8.729    
   26.00       7.738    
   27.00       6.898    
   28.00       6.201    
   29.00       5.635    
   30.00       5.183    
   31.00       4.823    
   32.00       4.536    
   33.00       4.299    
   34.00       4.095    
   35.00       3.905    
   36.00       3.719    
   37.00       3.528    
   38.00       3.325    
   39.00       3.111    
   40.00       2.886    
   41.00       2.653    
   42.00       2.418    
   43.00       2.187    
   44.00       1.965    
   45.00       1.758    
   46.00       1.571    
   47.00       1.407    
   48.00       1.267    
   49.00       1.154    
   50.00       1.065    
   51.00      0.9987    
   52.00      0.9525    
   53.00      0.9226    
   54.00      0.9050    
   55.00      0.8957    
   56.00      0.8909    
   57.00      0.8870    
   58.00      0.8812    
   59.00      0.8711    
   60.00      0.8551    
   61.00      0.8323    
   62.00      0.8024    
   63.00      0.7657    
   64.00      0.7232    
   65.00      0.6759    
   66.00      0.6253    
   67.00      0.5730    
   68.00      0.5204    
   69.00      0.4692    
   70.00      0.4205    
   71.00      0.3755    
   72.00      0.3350    
   73.00      0.2995    
   74.00      0.2692    
   75.00      0.2443    
   76.00      0.2244    
   77.00      0.2091    
   78.00      0.1980    
   79.00      0.1903    
   80.00      0.1853    
 END
