     0.0   1.499      1
     0.0   2.997     -1
     1.0   13.51      1
     1.0   27.01     -1
     2.0   30.01      1
     2.0   60.00     -1
     3.0   42.05      1
     3.0   84.02     -1
     4.0   53.93      1
     4.0   107.8     -1
     5.0   65.81      1
     5.0   131.2     -1
     6.0   75.76      1
     6.0   152.4     -1
     7.0   85.19      1
     7.0   167.5     -1
     8.0   83.92      1
     8.0   170.4     -1
     9.0   79.21      1
     9.0   156.8     -1
    10.0   64.08      1
    10.0   128.1     -1
    11.0   43.57      1
    11.0   90.80     -1
    12.0   30.57      1
    12.0   56.12     -1
    13.0   14.16      1
    13.0   31.71     -1
    14.0   9.624      1
    14.0   17.35     -1
    15.0   4.186      1
    15.0   9.398     -1
    16.0   2.806      1
    16.0   5.061     -1
    17.0   1.209      1
    17.0   2.712     -1
    18.0  0.8020      1
    18.0   1.447     -1
    19.0  0.3424      1
    19.0  0.7684     -1
    20.0  0.2254      1
    20.0  0.4065     -1
    21.0  0.9546E-01  1
    21.0  0.2143     -1
    22.0  0.6244E-01  1
    22.0  0.1126     -1
    23.0  0.2627E-01  1
    23.0  0.5898E-01 -1
    24.0  0.1709E-01  1
    24.0  0.3081E-01 -1
    25.0  0.7150E-02  1
    25.0  0.1605E-01 -1
    26.0  0.4630E-02  1
    26.0  0.8346E-02 -1
    27.0  0.1928E-02  1
    27.0  0.4330E-02 -1
    28.0  0.1243E-02  1
    28.0  0.2242E-02 -1
    29.0  0.5160E-03  1
    29.0  0.1158E-02 -1
    30.0  0.3313E-03  1
    30.0  0.5975E-03 -1
