#  81 angles,  1 tensor ranks for 0=projectile
@subtitle   "39K(3He,d)40Ca 21 MeV DWBA ZR 9136 keV Jpi=2- l=3 n=1 j=7/2"                   
@legend ON
@legend x1 0.2
@legend y1 0.8
@g0 type LOGY
@yaxis ticklabel format power
@legend string   0 "Lab energy =   21.0000"
#legend string   0 "Partition=  2 Excit=  1 near/far= 1"
#  Theta       sigma       iT11        T20         T21         T22         Kyy for projectile
   0.000       3.335    
   1.000       3.338    
   2.000       3.348    
   3.000       3.363    
   4.000       3.384    
   5.000       3.408    
   6.000       3.436    
   7.000       3.464    
   8.000       3.491    
   9.000       3.516    
   10.00       3.535    
   11.00       3.547    
   12.00       3.550    
   13.00       3.540    
   14.00       3.517    
   15.00       3.477    
   16.00       3.420    
   17.00       3.345    
   18.00       3.250    
   19.00       3.136    
   20.00       3.005    
   21.00       2.857    
   22.00       2.696    
   23.00       2.523    
   24.00       2.343    
   25.00       2.157    
   26.00       1.971    
   27.00       1.787    
   28.00       1.609    
   29.00       1.440    
   30.00       1.284    
   31.00       1.141    
   32.00       1.014    
   33.00      0.9040    
   34.00      0.8105    
   35.00      0.7332    
   36.00      0.6709    
   37.00      0.6220    
   38.00      0.5846    
   39.00      0.5566    
   40.00      0.5358    
   41.00      0.5203    
   42.00      0.5082    
   43.00      0.4976    
   44.00      0.4872    
   45.00      0.4757    
   46.00      0.4622    
   47.00      0.4463    
   48.00      0.4276    
   49.00      0.4063    
   50.00      0.3827    
   51.00      0.3574    
   52.00      0.3308    
   53.00      0.3037    
   54.00      0.2767    
   55.00      0.2505    
   56.00      0.2254    
   57.00      0.2020    
   58.00      0.1805    
   59.00      0.1612    
   60.00      0.1442    
   61.00      0.1294    
   62.00      0.1169    
   63.00      0.1064    
   64.00      0.9774E-01
   65.00      0.9065E-01
   66.00      0.8485E-01
   67.00      0.8008E-01
   68.00      0.7608E-01
   69.00      0.7264E-01
   70.00      0.6959E-01
   71.00      0.6679E-01
   72.00      0.6415E-01
   73.00      0.6159E-01
   74.00      0.5908E-01
   75.00      0.5662E-01
   76.00      0.5420E-01
   77.00      0.5186E-01
   78.00      0.4964E-01
   79.00      0.4758E-01
   80.00      0.4573E-01
 END
