     0.0   1.503      1
     0.0   3.006     -1
     1.0   13.53      1
     1.0   27.05     -1
     2.0   30.05      1
     2.0   60.11     -1
     3.0   42.06      1
     3.0   84.11     -1
     4.0   53.99      1
     4.0   108.0     -1
     5.0   65.88      1
     5.0   131.5     -1
     6.0   76.33      1
     6.0   153.5     -1
     7.0   86.32      1
     7.0   170.0     -1
     8.0   85.13      1
     8.0   173.9     -1
     9.0   80.98      1
     9.0   159.9     -1
    10.0   64.74      1
    10.0   129.8     -1
    11.0   43.73      1
    11.0   91.18     -1
    12.0   30.64      1
    12.0   56.12     -1
    13.0   14.10      1
    13.0   31.68     -1
    14.0   9.631      1
    14.0   17.33     -1
    15.0   4.171      1
    15.0   9.384     -1
    16.0   2.806      1
    16.0   5.054     -1
    17.0   1.205      1
    17.0   2.708     -1
    18.0  0.8019      1
    18.0   1.445     -1
    19.0  0.3415      1
    19.0  0.7674     -1
    20.0  0.2253      1
    20.0  0.4060     -1
    21.0  0.9525E-01  1
    21.0  0.2140     -1
    22.0  0.6242E-01  1
    22.0  0.1125     -1
    23.0  0.2622E-01  1
    23.0  0.5892E-01 -1
    24.0  0.1708E-01  1
    24.0  0.3078E-01 -1
    25.0  0.7141E-02  1
    25.0  0.1604E-01 -1
    26.0  0.4628E-02  1
    26.0  0.8342E-02 -1
    27.0  0.1926E-02  1
    27.0  0.4327E-02 -1
    28.0  0.1243E-02  1
    28.0  0.2241E-02 -1
    29.0  0.5158E-03  1
    29.0  0.1158E-02 -1
    30.0  0.3313E-03  1
    30.0  0.5975E-03 -1
