#  81 angles,  1 tensor ranks for 0=projectile
@subtitle   "39K(3He,d)40Ca 21 MeV DWBA ZR 8271 keV Jpi=3- l=3 n=1 j=5/2"                   
@legend ON
@legend x1 0.2
@legend y1 0.8
@g0 type LOGY
@yaxis ticklabel format power
@legend string   0 "Lab energy =   21.0000"
#legend string   0 "Partition=  2 Excit=  1 near/far= 1"
#  Theta       sigma       iT11        T20         T21         T22         Kyy for projectile
   0.000       4.550    
   1.000       4.561    
   2.000       4.595    
   3.000       4.652    
   4.000       4.728    
   5.000       4.822    
   6.000       4.930    
   7.000       5.048    
   8.000       5.172    
   9.000       5.297    
   10.00       5.416    
   11.00       5.525    
   12.00       5.616    
   13.00       5.685    
   14.00       5.727    
   15.00       5.736    
   16.00       5.707    
   17.00       5.638    
   18.00       5.525    
   19.00       5.366    
   20.00       5.164    
   21.00       4.919    
   22.00       4.637    
   23.00       4.325    
   24.00       3.990    
   25.00       3.642    
   26.00       3.290    
   27.00       2.943    
   28.00       2.609    
   29.00       2.296    
   30.00       2.008    
   31.00       1.750    
   32.00       1.525    
   33.00       1.334    
   34.00       1.177    
   35.00       1.052    
   36.00      0.9580    
   37.00      0.8904    
   38.00      0.8451    
   39.00      0.8172    
   40.00      0.8017    
   41.00      0.7939    
   42.00      0.7896    
   43.00      0.7852    
   44.00      0.7780    
   45.00      0.7661    
   46.00      0.7486    
   47.00      0.7247    
   48.00      0.6948    
   49.00      0.6591    
   50.00      0.6186    
   51.00      0.5743    
   52.00      0.5275    
   53.00      0.4796    
   54.00      0.4319    
   55.00      0.3858    
   56.00      0.3425    
   57.00      0.3026    
   58.00      0.2670    
   59.00      0.2358    
   60.00      0.2091    
   61.00      0.1867    
   62.00      0.1682    
   63.00      0.1533    
   64.00      0.1414    
   65.00      0.1321    
   66.00      0.1248    
   67.00      0.1191    
   68.00      0.1146    
   69.00      0.1109    
   70.00      0.1077    
   71.00      0.1047    
   72.00      0.1018    
   73.00      0.9883E-01
   74.00      0.9582E-01
   75.00      0.9276E-01
   76.00      0.8971E-01
   77.00      0.8673E-01
   78.00      0.8392E-01
   79.00      0.8134E-01
   80.00      0.7904E-01
 END
