     0.0   1.503      1
     0.0   3.006     -1
     1.0   13.53      1
     1.0   27.05     -1
     2.0   30.06      1
     2.0   60.10     -1
     3.0   42.09      1
     3.0   84.13     -1
     4.0   54.04      1
     4.0   108.1     -1
     5.0   65.98      1
     5.0   131.6     -1
     6.0   76.45      1
     6.0   153.6     -1
     7.0   86.54      1
     7.0   170.2     -1
     8.0   85.37      1
     8.0   174.2     -1
     9.0   81.34      1
     9.0   160.4     -1
    10.0   65.12      1
    10.0   130.3     -1
    11.0   44.15      1
    11.0   91.79     -1
    12.0   30.70      1
    12.0   56.39     -1
    13.0   14.18      1
    13.0   31.77     -1
    14.0   9.643      1
    14.0   17.37     -1
    15.0   4.184      1
    15.0   9.403     -1
    16.0   2.809      1
    16.0   5.062     -1
    17.0   1.207      1
    17.0   2.712     -1
    18.0  0.8025      1
    18.0   1.446     -1
    19.0  0.3420      1
    19.0  0.7682     -1
    20.0  0.2254      1
    20.0  0.4063     -1
    21.0  0.9535E-01  1
    21.0  0.2142     -1
    22.0  0.6244E-01  1
    22.0  0.1125     -1
    23.0  0.2624E-01  1
    23.0  0.5895E-01 -1
    24.0  0.1709E-01  1
    24.0  0.3079E-01 -1
    25.0  0.7142E-02  1
    25.0  0.1605E-01 -1
    26.0  0.4629E-02  1
    26.0  0.8342E-02 -1
    27.0  0.1926E-02  1
    27.0  0.4328E-02 -1
    28.0  0.1243E-02  1
    28.0  0.2240E-02 -1
    29.0  0.5155E-03  1
    29.0  0.1158E-02 -1
    30.0  0.3312E-03  1
    30.0  0.5972E-03 -1
