     0.0   1.495      1
     0.0   2.996     -1
     1.0   13.48      1
     1.0   26.99     -1
     2.0   29.95      1
     2.0   59.98     -1
     3.0   41.94      1
     3.0   83.96     -1
     4.0   53.78      1
     4.0   107.8     -1
     5.0   65.64      1
     5.0   131.1     -1
     6.0   75.91      1
     6.0   152.8     -1
     7.0   85.74      1
     7.0   168.9     -1
     8.0   84.24      1
     8.0   172.2     -1
     9.0   79.73      1
     9.0   157.5     -1
    10.0   63.40      1
    10.0   126.8     -1
    11.0   42.86      1
    11.0   88.65     -1
    12.0   29.38      1
    12.0   54.51     -1
    13.0   13.96      1
    13.0   30.88     -1
    14.0   9.329      1
    14.0   16.96     -1
    15.0   4.144      1
    15.0   9.223     -1
    16.0   2.747      1
    16.0   4.983     -1
    17.0   1.200      1
    17.0   2.677     -1
    18.0  0.7903      1
    18.0   1.431     -1
    19.0  0.3406      1
    19.0  0.7614     -1
    20.0  0.2231      1
    20.0  0.4034     -1
    21.0  0.9509E-01  1
    21.0  0.2129     -1
    22.0  0.6198E-01  1
    22.0  0.1120     -1
    23.0  0.2619E-01  1
    23.0  0.5869E-01 -1
    24.0  0.1699E-01  1
    24.0  0.3068E-01 -1
    25.0  0.7133E-02  1
    25.0  0.1600E-01 -1
    26.0  0.4610E-02  1
    26.0  0.8320E-02 -1
    27.0  0.1925E-02  1
    27.0  0.4317E-02 -1
    28.0  0.1239E-02  1
    28.0  0.2236E-02 -1
    29.0  0.5152E-03  1
    29.0  0.1156E-02 -1
    30.0  0.3306E-03  1
    30.0  0.5964E-03 -1
