#  81 angles,  1 tensor ranks for 0=projectile
@subtitle   "39K(3He,d)40Ca 21 MeV DWBA ZR 7658 keV Jpi=4- l=3 n=2 j=7/2"                   
@legend ON
@legend x1 0.2
@legend y1 0.8
@g0 type LOGY
@yaxis ticklabel format power
@legend string   0 "Lab energy =   21.0000"
#legend string   0 "Partition=  2 Excit=  1 near/far= 1"
#  Theta       sigma       iT11        T20         T21         T22         Kyy for projectile
   0.000       13.85    
   1.000       13.88    
   2.000       13.97    
   3.000       14.12    
   4.000       14.33    
   5.000       14.58    
   6.000       14.87    
   7.000       15.19    
   8.000       15.53    
   9.000       15.86    
   10.00       16.19    
   11.00       16.49    
   12.00       16.74    
   13.00       16.92    
   14.00       17.03    
   15.00       17.05    
   16.00       16.95    
   17.00       16.73    
   18.00       16.39    
   19.00       15.93    
   20.00       15.33    
   21.00       14.62    
   22.00       13.79    
   23.00       12.88    
   24.00       11.89    
   25.00       10.86    
   26.00       9.801    
   27.00       8.752    
   28.00       7.738    
   29.00       6.782    
   30.00       5.904    
   31.00       5.119    
   32.00       4.438    
   33.00       3.864    
   34.00       3.395    
   35.00       3.026    
   36.00       2.748    
   37.00       2.549    
   38.00       2.415    
   39.00       2.332    
   40.00       2.284    
   41.00       2.259    
   42.00       2.242    
   43.00       2.223    
   44.00       2.194    
   45.00       2.147    
   46.00       2.080    
   47.00       1.992    
   48.00       1.884    
   49.00       1.758    
   50.00       1.620    
   51.00       1.475    
   52.00       1.327    
   53.00       1.182    
   54.00       1.043    
   55.00      0.9147    
   56.00      0.7996    
   57.00      0.6995    
   58.00      0.6153    
   59.00      0.5473    
   60.00      0.4947    
   61.00      0.4563    
   62.00      0.4301    
   63.00      0.4142    
   64.00      0.4059    
   65.00      0.4030    
   66.00      0.4031    
   67.00      0.4043    
   68.00      0.4047    
   69.00      0.4033    
   70.00      0.3991    
   71.00      0.3916    
   72.00      0.3808    
   73.00      0.3669    
   74.00      0.3504    
   75.00      0.3317    
   76.00      0.3117    
   77.00      0.2910    
   78.00      0.2705    
   79.00      0.2508    
   80.00      0.2324    
 END
