#  81 angles,  1 tensor ranks for 0=projectile
@subtitle   "39K(3He,d)40Ca 21 MeV DWBA ZR 9432 keV Jpi=3- l=3 n=1 j=7/2"                   
@legend ON
@legend x1 0.2
@legend y1 0.8
@g0 type LOGY
@yaxis ticklabel format power
@legend string   0 "Lab energy =   21.0000"
#legend string   0 "Partition=  2 Excit=  1 near/far= 1"
#  Theta       sigma       iT11        T20         T21         T22         Kyy for projectile
   0.000       4.455    
   1.000       4.459    
   2.000       4.469    
   3.000       4.487    
   4.000       4.510    
   5.000       4.538    
   6.000       4.568    
   7.000       4.599    
   8.000       4.628    
   9.000       4.651    
   10.00       4.666    
   11.00       4.671    
   12.00       4.662    
   13.00       4.637    
   14.00       4.594    
   15.00       4.532    
   16.00       4.449    
   17.00       4.343    
   18.00       4.214    
   19.00       4.063    
   20.00       3.890    
   21.00       3.697    
   22.00       3.487    
   23.00       3.263    
   24.00       3.030    
   25.00       2.793    
   26.00       2.555    
   27.00       2.321    
   28.00       2.095    
   29.00       1.881    
   30.00       1.682    
   31.00       1.502    
   32.00       1.340    
   33.00       1.200    
   34.00       1.080    
   35.00      0.9806    
   36.00      0.8999    
   37.00      0.8360    
   38.00      0.7868    
   39.00      0.7495    
   40.00      0.7215    
   41.00      0.7003    
   42.00      0.6834    
   43.00      0.6687    
   44.00      0.6543    
   45.00      0.6388    
   46.00      0.6209    
   47.00      0.6001    
   48.00      0.5759    
   49.00      0.5485    
   50.00      0.5180    
   51.00      0.4852    
   52.00      0.4507    
   53.00      0.4153    
   54.00      0.3798    
   55.00      0.3451    
   56.00      0.3118    
   57.00      0.2805    
   58.00      0.2515    
   59.00      0.2252    
   60.00      0.2018    
   61.00      0.1813    
   62.00      0.1636    
   63.00      0.1486    
   64.00      0.1360    
   65.00      0.1257    
   66.00      0.1171    
   67.00      0.1101    
   68.00      0.1042    
   69.00      0.9923E-01
   70.00      0.9486E-01
   71.00      0.9090E-01
   72.00      0.8722E-01
   73.00      0.8370E-01
   74.00      0.8029E-01
   75.00      0.7697E-01
   76.00      0.7374E-01
   77.00      0.7063E-01
   78.00      0.6768E-01
   79.00      0.6493E-01
   80.00      0.6244E-01
 END
