#  81 angles,  1 tensor ranks for 0=projectile
@subtitle   "39K(3He,d)40Ca 21 MeV DWBA ZR 7532 keV Jpi=2- l=1 n=2 j=3/2"                   
@legend ON
@legend x1 0.2
@legend y1 0.8
@g0 type LOGY
@yaxis ticklabel format power
@legend string   0 "Lab energy =   21.0000"
#legend string   0 "Partition=  2 Excit=  1 near/far= 1"
#  Theta       sigma       iT11        T20         T21         T22         Kyy for projectile
   0.000       25.16    
   1.000       25.23    
   2.000       25.43    
   3.000       25.70    
   4.000       25.98    
   5.000       26.17    
   6.000       26.18    
   7.000       25.93    
   8.000       25.34    
   9.000       24.39    
   10.00       23.06    
   11.00       21.40    
   12.00       19.47    
   13.00       17.36    
   14.00       15.18    
   15.00       13.05    
   16.00       11.06    
   17.00       9.301    
   18.00       7.826    
   19.00       6.664    
   20.00       5.816    
   21.00       5.260    
   22.00       4.952    
   23.00       4.838    
   24.00       4.855    
   25.00       4.943    
   26.00       5.047    
   27.00       5.121    
   28.00       5.131    
   29.00       5.056    
   30.00       4.889    
   31.00       4.634    
   32.00       4.304    
   33.00       3.918    
   34.00       3.499    
   35.00       3.069    
   36.00       2.651    
   37.00       2.262    
   38.00       1.915    
   39.00       1.620    
   40.00       1.380    
   41.00       1.196    
   42.00       1.062    
   43.00      0.9732    
   44.00      0.9205    
   45.00      0.8948    
   46.00      0.8870    
   47.00      0.8887    
   48.00      0.8926    
   49.00      0.8935    
   50.00      0.8874    
   51.00      0.8722    
   52.00      0.8475    
   53.00      0.8139    
   54.00      0.7729    
   55.00      0.7267    
   56.00      0.6777    
   57.00      0.6285    
   58.00      0.5814    
   59.00      0.5382    
   60.00      0.5005    
   61.00      0.4693    
   62.00      0.4448    
   63.00      0.4269    
   64.00      0.4151    
   65.00      0.4083    
   66.00      0.4054    
   67.00      0.4052    
   68.00      0.4063    
   69.00      0.4076    
   70.00      0.4080    
   71.00      0.4067    
   72.00      0.4030    
   73.00      0.3964    
   74.00      0.3868    
   75.00      0.3741    
   76.00      0.3586    
   77.00      0.3404    
   78.00      0.3203    
   79.00      0.2986    
   80.00      0.2760    
 END
