#  81 angles,  1 tensor ranks for 0=projectile
@subtitle   "39K(3He,d)40Ca 21 MeV DWBA ZR 7532 keV Jpi=2- l=1 n=2 j=3/2"                   
@legend ON
@legend x1 0.2
@legend y1 0.8
@g0 type LOGY
@yaxis ticklabel format power
@xaxis label "Scattering angle (degrees)"
@yaxis label "Cross section (mb/sr)"
@legend string   0 "Partition=  1 Excit=  1 near/far= 1"
#legend string   0 "Lab energy =   21.0000"
@s0 linestyle   1
#  Theta       sigma       iT11        T20         T21         T22         Kyy for projectile
  0.1000E-01   1.000    
   1.000      0.9997    
   2.000       1.001    
   3.000      0.9801    
   4.000      0.9937    
   5.000       1.036    
   6.000       1.069    
   7.000       1.070    
   8.000       1.043    
   9.000       1.001    
   10.00      0.9589    
   11.00      0.9259    
   12.00      0.9030    
   13.00      0.8865    
   14.00      0.8704    
   15.00      0.8486    
   16.00      0.8173    
   17.00      0.7752    
   18.00      0.7238    
   19.00      0.6664    
   20.00      0.6075    
   21.00      0.5518    
   22.00      0.5029    
   23.00      0.4636    
   24.00      0.4347    
   25.00      0.4158    
   26.00      0.4051    
   27.00      0.3999    
   28.00      0.3972    
   29.00      0.3941    
   30.00      0.3882    
   31.00      0.3777    
   32.00      0.3620    
   33.00      0.3412    
   34.00      0.3163    
   35.00      0.2889    
   36.00      0.2608    
   37.00      0.2340    
   38.00      0.2104    
   39.00      0.1911    
   40.00      0.1770    
   41.00      0.1682    
   42.00      0.1644    
   43.00      0.1646    
   44.00      0.1677    
   45.00      0.1721    
   46.00      0.1765    
   47.00      0.1796    
   48.00      0.1803    
   49.00      0.1779    
   50.00      0.1722    
   51.00      0.1633    
   52.00      0.1516    
   53.00      0.1378    
   54.00      0.1229    
   55.00      0.1077    
   56.00      0.9318E-01
   57.00      0.8011E-01
   58.00      0.6912E-01
   59.00      0.6059E-01
   60.00      0.5467E-01
   61.00      0.5129E-01
   62.00      0.5018E-01
   63.00      0.5093E-01
   64.00      0.5301E-01
   65.00      0.5587E-01
   66.00      0.5895E-01
   67.00      0.6177E-01
   68.00      0.6392E-01
   69.00      0.6510E-01
   70.00      0.6515E-01
   71.00      0.6402E-01
   72.00      0.6176E-01
   73.00      0.5853E-01
   74.00      0.5453E-01
   75.00      0.5000E-01
   76.00      0.4522E-01
   77.00      0.4042E-01
   78.00      0.3583E-01
   79.00      0.3163E-01
   80.00      0.2793E-01
 END
@legend string   1 "Partition=  2 Excit=  1 near/far= 1"
#legend string   0 "Lab energy =   21.0000"
@s1 linestyle   2
#  Theta       sigma       iT11        T20         T21         T22         Kyy for projectile
   0.000       25.16    
   1.000       25.23    
   2.000       25.43    
   3.000       25.70    
   4.000       25.98    
   5.000       26.17    
   6.000       26.18    
   7.000       25.93    
   8.000       25.34    
   9.000       24.39    
   10.00       23.06    
   11.00       21.40    
   12.00       19.47    
   13.00       17.36    
   14.00       15.18    
   15.00       13.05    
   16.00       11.06    
   17.00       9.301    
   18.00       7.826    
   19.00       6.664    
   20.00       5.816    
   21.00       5.260    
   22.00       4.952    
   23.00       4.838    
   24.00       4.855    
   25.00       4.943    
   26.00       5.047    
   27.00       5.121    
   28.00       5.131    
   29.00       5.056    
   30.00       4.889    
   31.00       4.634    
   32.00       4.304    
   33.00       3.918    
   34.00       3.499    
   35.00       3.069    
   36.00       2.651    
   37.00       2.262    
   38.00       1.915    
   39.00       1.620    
   40.00       1.380    
   41.00       1.196    
   42.00       1.062    
   43.00      0.9732    
   44.00      0.9205    
   45.00      0.8948    
   46.00      0.8870    
   47.00      0.8887    
   48.00      0.8926    
   49.00      0.8935    
   50.00      0.8874    
   51.00      0.8722    
   52.00      0.8475    
   53.00      0.8139    
   54.00      0.7729    
   55.00      0.7267    
   56.00      0.6777    
   57.00      0.6285    
   58.00      0.5814    
   59.00      0.5382    
   60.00      0.5005    
   61.00      0.4693    
   62.00      0.4448    
   63.00      0.4269    
   64.00      0.4151    
   65.00      0.4083    
   66.00      0.4054    
   67.00      0.4052    
   68.00      0.4063    
   69.00      0.4076    
   70.00      0.4080    
   71.00      0.4067    
   72.00      0.4030    
   73.00      0.3964    
   74.00      0.3868    
   75.00      0.3741    
   76.00      0.3586    
   77.00      0.3404    
   78.00      0.3203    
   79.00      0.2986    
   80.00      0.2760    
 END
