     0.0   1.503      1
     0.0   3.005     -1
     1.0   13.52      1
     1.0   27.04     -1
     2.0   30.03      1
     2.0   60.08     -1
     3.0   42.02      1
     3.0   84.07     -1
     4.0   53.91      1
     4.0   107.9     -1
     5.0   65.69      1
     5.0   131.3     -1
     6.0   75.92      1
     6.0   152.8     -1
     7.0   85.45      1
     7.0   168.6     -1
     8.0   84.41      1
     8.0   172.1     -1
     9.0   80.26      1
     9.0   158.5     -1
    10.0   64.67      1
    10.0   129.3     -1
    11.0   43.89      1
    11.0   91.44     -1
    12.0   30.72      1
    12.0   56.41     -1
    13.0   14.22      1
    13.0   31.84     -1
    14.0   9.649      1
    14.0   17.40     -1
    15.0   4.198      1
    15.0   9.420     -1
    16.0   2.810      1
    16.0   5.070     -1
    17.0   1.211      1
    17.0   2.716     -1
    18.0  0.8028      1
    18.0   1.448     -1
    19.0  0.3427      1
    19.0  0.7691     -1
    20.0  0.2255      1
    20.0  0.4068     -1
    21.0  0.9552E-01  1
    21.0  0.2144     -1
    22.0  0.6246E-01  1
    22.0  0.1126     -1
    23.0  0.2628E-01  1
    23.0  0.5900E-01 -1
    24.0  0.1709E-01  1
    24.0  0.3082E-01 -1
    25.0  0.7152E-02  1
    25.0  0.1606E-01 -1
    26.0  0.4631E-02  1
    26.0  0.8349E-02 -1
    27.0  0.1929E-02  1
    27.0  0.4331E-02 -1
    28.0  0.1243E-02  1
    28.0  0.2242E-02 -1
    29.0  0.5161E-03  1
    29.0  0.1159E-02 -1
    30.0  0.3313E-03  1
    30.0  0.5975E-03 -1
