#  81 angles,  1 tensor ranks for 0=projectile
@subtitle   "39K(3He,d)40Ca 21 MeV DWBA ZR 8359 keV Jpi=1- l=1 n=3 j=1/2"                   
@legend ON
@legend x1 0.2
@legend y1 0.8
@g0 type LOGY
@yaxis ticklabel format power
@xaxis label "Scattering angle (degrees)"
@yaxis label "Cross section (mb/sr)"
@legend string   0 "Partition=  1 Excit=  1 near/far= 1"
#legend string   0 "Lab energy =   21.0000"
@s0 linestyle   1
#  Theta       sigma       iT11        T20         T21         T22         Kyy for projectile
  0.1000E-01   1.000    
   1.000      0.9997    
   2.000       1.001    
   3.000      0.9801    
   4.000      0.9937    
   5.000       1.036    
   6.000       1.069    
   7.000       1.070    
   8.000       1.043    
   9.000       1.001    
   10.00      0.9589    
   11.00      0.9259    
   12.00      0.9030    
   13.00      0.8865    
   14.00      0.8704    
   15.00      0.8486    
   16.00      0.8173    
   17.00      0.7752    
   18.00      0.7238    
   19.00      0.6664    
   20.00      0.6075    
   21.00      0.5518    
   22.00      0.5029    
   23.00      0.4636    
   24.00      0.4347    
   25.00      0.4158    
   26.00      0.4051    
   27.00      0.3999    
   28.00      0.3972    
   29.00      0.3941    
   30.00      0.3882    
   31.00      0.3777    
   32.00      0.3620    
   33.00      0.3412    
   34.00      0.3163    
   35.00      0.2889    
   36.00      0.2608    
   37.00      0.2340    
   38.00      0.2104    
   39.00      0.1911    
   40.00      0.1770    
   41.00      0.1682    
   42.00      0.1644    
   43.00      0.1646    
   44.00      0.1677    
   45.00      0.1721    
   46.00      0.1765    
   47.00      0.1796    
   48.00      0.1803    
   49.00      0.1779    
   50.00      0.1722    
   51.00      0.1633    
   52.00      0.1516    
   53.00      0.1378    
   54.00      0.1229    
   55.00      0.1077    
   56.00      0.9318E-01
   57.00      0.8011E-01
   58.00      0.6912E-01
   59.00      0.6059E-01
   60.00      0.5467E-01
   61.00      0.5129E-01
   62.00      0.5018E-01
   63.00      0.5093E-01
   64.00      0.5301E-01
   65.00      0.5587E-01
   66.00      0.5895E-01
   67.00      0.6177E-01
   68.00      0.6392E-01
   69.00      0.6510E-01
   70.00      0.6515E-01
   71.00      0.6402E-01
   72.00      0.6176E-01
   73.00      0.5853E-01
   74.00      0.5453E-01
   75.00      0.5000E-01
   76.00      0.4522E-01
   77.00      0.4042E-01
   78.00      0.3583E-01
   79.00      0.3163E-01
   80.00      0.2793E-01
 END
@legend string   1 "Partition=  2 Excit=  1 near/far= 1"
#legend string   0 "Lab energy =   21.0000"
@s1 linestyle   2
#  Theta       sigma       iT11        T20         T21         T22         Kyy for projectile
   0.000       29.55    
   1.000       29.49    
   2.000       29.30    
   3.000       28.97    
   4.000       28.48    
   5.000       27.78    
   6.000       26.86    
   7.000       25.70    
   8.000       24.29    
   9.000       22.64    
   10.00       20.80    
   11.00       18.80    
   12.00       16.71    
   13.00       14.60    
   14.00       12.56    
   15.00       10.65    
   16.00       8.932    
   17.00       7.460    
   18.00       6.259    
   19.00       5.337    
   20.00       4.681    
   21.00       4.263    
   22.00       4.041    
   23.00       3.968    
   24.00       3.993    
   25.00       4.069    
   26.00       4.153    
   27.00       4.211    
   28.00       4.219    
   29.00       4.163    
   30.00       4.038    
   31.00       3.847    
   32.00       3.599    
   33.00       3.309    
   34.00       2.992    
   35.00       2.666    
   36.00       2.346    
   37.00       2.045    
   38.00       1.774    
   39.00       1.539    
   40.00       1.344    
   41.00       1.188    
   42.00       1.069    
   43.00      0.9826    
   44.00      0.9230    
   45.00      0.8839    
   46.00      0.8591    
   47.00      0.8425    
   48.00      0.8294    
   49.00      0.8157    
   50.00      0.7986    
   51.00      0.7766    
   52.00      0.7491    
   53.00      0.7163    
   54.00      0.6794    
   55.00      0.6397    
   56.00      0.5988    
   57.00      0.5584    
   58.00      0.5200    
   59.00      0.4846    
   60.00      0.4531    
   61.00      0.4260    
   62.00      0.4033    
   63.00      0.3849    
   64.00      0.3701    
   65.00      0.3583    
   66.00      0.3485    
   67.00      0.3399    
   68.00      0.3317    
   69.00      0.3228    
   70.00      0.3129    
   71.00      0.3013    
   72.00      0.2879    
   73.00      0.2725    
   74.00      0.2553    
   75.00      0.2366    
   76.00      0.2166    
   77.00      0.1959    
   78.00      0.1750    
   79.00      0.1543    
   80.00      0.1346    
 END
