#  81 angles,  1 tensor ranks for 0=projectile
@subtitle   "39K(3He,d)40Ca 21 MeV DWBA ZR 8359 keV Jpi=1- l=1 n=3 j=1/2"                   
@legend ON
@legend x1 0.2
@legend y1 0.8
@g0 type LOGY
@yaxis ticklabel format power
@legend string   0 "Lab energy =   21.0000"
#legend string   0 "Partition=  2 Excit=  1 near/far= 1"
#  Theta       sigma       iT11        T20         T21         T22         Kyy for projectile
   0.000       29.55    
   1.000       29.49    
   2.000       29.30    
   3.000       28.97    
   4.000       28.48    
   5.000       27.78    
   6.000       26.86    
   7.000       25.70    
   8.000       24.29    
   9.000       22.64    
   10.00       20.80    
   11.00       18.80    
   12.00       16.71    
   13.00       14.60    
   14.00       12.56    
   15.00       10.65    
   16.00       8.932    
   17.00       7.460    
   18.00       6.259    
   19.00       5.337    
   20.00       4.681    
   21.00       4.263    
   22.00       4.041    
   23.00       3.968    
   24.00       3.993    
   25.00       4.069    
   26.00       4.153    
   27.00       4.211    
   28.00       4.219    
   29.00       4.163    
   30.00       4.038    
   31.00       3.847    
   32.00       3.599    
   33.00       3.309    
   34.00       2.992    
   35.00       2.666    
   36.00       2.346    
   37.00       2.045    
   38.00       1.774    
   39.00       1.539    
   40.00       1.344    
   41.00       1.188    
   42.00       1.069    
   43.00      0.9826    
   44.00      0.9230    
   45.00      0.8839    
   46.00      0.8591    
   47.00      0.8425    
   48.00      0.8294    
   49.00      0.8157    
   50.00      0.7986    
   51.00      0.7766    
   52.00      0.7491    
   53.00      0.7163    
   54.00      0.6794    
   55.00      0.6397    
   56.00      0.5988    
   57.00      0.5584    
   58.00      0.5200    
   59.00      0.4846    
   60.00      0.4531    
   61.00      0.4260    
   62.00      0.4033    
   63.00      0.3849    
   64.00      0.3701    
   65.00      0.3583    
   66.00      0.3485    
   67.00      0.3399    
   68.00      0.3317    
   69.00      0.3228    
   70.00      0.3129    
   71.00      0.3013    
   72.00      0.2879    
   73.00      0.2725    
   74.00      0.2553    
   75.00      0.2366    
   76.00      0.2166    
   77.00      0.1959    
   78.00      0.1750    
   79.00      0.1543    
   80.00      0.1346    
 END
