#  81 angles,  1 tensor ranks for 0=projectile
@subtitle   "39K(3He,d)40Ca 21 MeV DWBA ZR 9226.69 keV Jpi=2- l=3 n=2 j=7/2"                
@legend ON
@legend x1 0.2
@legend y1 0.8
@g0 type LOGY
@yaxis ticklabel format power
@legend string   0 "Lab energy =   21.0000"
#legend string   0 "Partition=  2 Excit=  1 near/far= 1"
#  Theta       sigma       iT11        T20         T21         T22         Kyy for projectile
   0.000       8.693    
   1.000       8.704    
   2.000       8.738    
   3.000       8.791    
   4.000       8.861    
   5.000       8.942    
   6.000       9.028    
   7.000       9.113    
   8.000       9.190    
   9.000       9.253    
   10.00       9.292    
   11.00       9.303    
   12.00       9.279    
   13.00       9.214    
   14.00       9.105    
   15.00       8.947    
   16.00       8.739    
   17.00       8.480    
   18.00       8.173    
   19.00       7.821    
   20.00       7.428    
   21.00       7.001    
   22.00       6.548    
   23.00       6.076    
   24.00       5.594    
   25.00       5.111    
   26.00       4.636    
   27.00       4.176    
   28.00       3.740    
   29.00       3.334    
   30.00       2.964    
   31.00       2.634    
   32.00       2.345    
   33.00       2.099    
   34.00       1.895    
   35.00       1.731    
   36.00       1.601    
   37.00       1.502    
   38.00       1.428    
   39.00       1.373    
   40.00       1.333    
   41.00       1.302    
   42.00       1.276    
   43.00       1.250    
   44.00       1.221    
   45.00       1.187    
   46.00       1.147    
   47.00       1.099    
   48.00       1.044    
   49.00      0.9815    
   50.00      0.9138    
   51.00      0.8422    
   52.00      0.7685    
   53.00      0.6948    
   54.00      0.6228    
   55.00      0.5541    
   56.00      0.4902    
   57.00      0.4321    
   58.00      0.3804    
   59.00      0.3356    
   60.00      0.2978    
   61.00      0.2668    
   62.00      0.2422    
   63.00      0.2234    
   64.00      0.2095    
   65.00      0.1997    
   66.00      0.1931    
   67.00      0.1886    
   68.00      0.1856    
   69.00      0.1833    
   70.00      0.1811    
   71.00      0.1787    
   72.00      0.1756    
   73.00      0.1717    
   74.00      0.1669    
   75.00      0.1613    
   76.00      0.1549    
   77.00      0.1479    
   78.00      0.1404    
   79.00      0.1327    
   80.00      0.1251    
 END
