     0.0   1.487      1
     0.0   2.987     -1
     1.0   13.48      1
     1.0   26.96     -1
     2.0   29.95      1
     2.0   59.97     -1
     3.0   42.00      1
     3.0   84.01     -1
     4.0   53.91      1
     4.0   107.9     -1
     5.0   65.85      1
     5.0   131.4     -1
     6.0   76.02      1
     6.0   153.1     -1
     7.0   86.14      1
     7.0   168.8     -1
     8.0   84.10      1
     8.0   172.4     -1
     9.0   80.56      1
     9.0   159.0     -1
    10.0   64.84      1
    10.0   129.8     -1
    11.0   44.12      1
    11.0   91.78     -1
    12.0   30.78      1
    12.0   56.60     -1
    13.0   14.28      1
    13.0   31.92     -1
    14.0   9.663      1
    14.0   17.44     -1
    15.0   4.209      1
    15.0   9.437     -1
    16.0   2.813      1
    16.0   5.078     -1
    17.0   1.213      1
    17.0   2.720     -1
    18.0  0.8033      1
    18.0   1.450     -1
    19.0  0.3432      1
    19.0  0.7698     -1
    20.0  0.2256      1
    20.0  0.4071     -1
    21.0  0.9561E-01  1
    21.0  0.2145     -1
    22.0  0.6249E-01  1
    22.0  0.1127     -1
    23.0  0.2630E-01  1
    23.0  0.5903E-01 -1
    24.0  0.1710E-01  1
    24.0  0.3083E-01 -1
    25.0  0.7154E-02  1
    25.0  0.1606E-01 -1
    26.0  0.4631E-02  1
    26.0  0.8350E-02 -1
    27.0  0.1929E-02  1
    27.0  0.4331E-02 -1
    28.0  0.1243E-02  1
    28.0  0.2242E-02 -1
    29.0  0.5159E-03  1
    29.0  0.1158E-02 -1
    30.0  0.3312E-03  1
    30.0  0.5974E-03 -1
