     0.0   1.496      1
     0.0   2.994     -1
     1.0   13.48      1
     1.0   26.98     -1
     2.0   29.95      1
     2.0   59.95     -1
     3.0   41.97      1
     3.0   83.98     -1
     4.0   53.91      1
     4.0   107.9     -1
     5.0   65.83      1
     5.0   131.5     -1
     6.0   76.24      1
     6.0   153.4     -1
     7.0   86.26      1
     7.0   169.8     -1
     8.0   85.01      1
     8.0   173.6     -1
     9.0   80.77      1
     9.0   159.6     -1
    10.0   64.73      1
    10.0   129.6     -1
    11.0   44.00      1
    11.0   91.37     -1
    12.0   30.58      1
    12.0   56.34     -1
    13.0   14.25      1
    13.0   31.80     -1
    14.0   9.621      1
    14.0   17.39     -1
    15.0   4.203      1
    15.0   9.412     -1
    16.0   2.804      1
    16.0   5.067     -1
    17.0   1.212      1
    17.0   2.714     -1
    18.0  0.8016      1
    18.0   1.448     -1
    19.0  0.3429      1
    19.0  0.7687     -1
    20.0  0.2253      1
    20.0  0.4066     -1
    21.0  0.9555E-01  1
    21.0  0.2143     -1
    22.0  0.6240E-01  1
    22.0  0.1126     -1
    23.0  0.2628E-01  1
    23.0  0.5897E-01 -1
    24.0  0.1708E-01  1
    24.0  0.3080E-01 -1
    25.0  0.7150E-02  1
    25.0  0.1605E-01 -1
    26.0  0.4625E-02  1
    26.0  0.8340E-02 -1
    27.0  0.1926E-02  1
    27.0  0.4325E-02 -1
    28.0  0.1241E-02  1
    28.0  0.2238E-02 -1
    29.0  0.5145E-03  1
    29.0  0.1155E-02 -1
    30.0  0.3291E-03  1
    30.0  0.5934E-03 -1
