#  81 angles,  1 tensor ranks for 0=projectile
@subtitle   "39K(3He,d)40Ca 21 MeV DWBA ZR 6025 keV Jpi=2- l=3 n=2 j=5/2"                   
@legend ON
@legend x1 0.2
@legend y1 0.8
@g0 type LOGY
@yaxis ticklabel format power
@legend string   0 "Lab energy =   21.0000"
#legend string   0 "Partition=  2 Excit=  1 near/far= 1"
#  Theta       sigma       iT11        T20         T21         T22         Kyy for projectile
   0.000       3.222    
   1.000       3.241    
   2.000       3.297    
   3.000       3.391    
   4.000       3.520    
   5.000       3.684    
   6.000       3.881    
   7.000       4.109    
   8.000       4.365    
   9.000       4.647    
   10.00       4.949    
   11.00       5.266    
   12.00       5.590    
   13.00       5.910    
   14.00       6.213    
   15.00       6.484    
   16.00       6.708    
   17.00       6.871    
   18.00       6.959    
   19.00       6.960    
   20.00       6.870    
   21.00       6.685    
   22.00       6.409    
   23.00       6.049    
   24.00       5.616    
   25.00       5.128    
   26.00       4.602    
   27.00       4.057    
   28.00       3.514    
   29.00       2.990    
   30.00       2.504    
   31.00       2.068    
   32.00       1.692    
   33.00       1.382    
   34.00       1.140    
   35.00      0.9628    
   36.00      0.8457    
   37.00      0.7803    
   38.00      0.7568    
   39.00      0.7646    
   40.00      0.7931    
   41.00      0.8323    
   42.00      0.8736    
   43.00      0.9096    
   44.00      0.9350    
   45.00      0.9461    
   46.00      0.9412    
   47.00      0.9199    
   48.00      0.8834    
   49.00      0.8339    
   50.00      0.7744    
   51.00      0.7083    
   52.00      0.6390    
   53.00      0.5698    
   54.00      0.5036    
   55.00      0.4428    
   56.00      0.3889    
   57.00      0.3430    
   58.00      0.3054    
   59.00      0.2759    
   60.00      0.2537    
   61.00      0.2379    
   62.00      0.2273    
   63.00      0.2205    
   64.00      0.2163    
   65.00      0.2135    
   66.00      0.2111    
   67.00      0.2082    
   68.00      0.2043    
   69.00      0.1990    
   70.00      0.1922    
   71.00      0.1840    
   72.00      0.1745    
   73.00      0.1642    
   74.00      0.1534    
   75.00      0.1425    
   76.00      0.1320    
   77.00      0.1223    
   78.00      0.1135    
   79.00      0.1060    
   80.00      0.9991E-01
 END
