#  81 angles,  1 tensor ranks for 0=projectile
@subtitle   "39K(3He,d)40Ca 21 MeV DWBA ZR 8188 keV Jpi=3- l=3 n=1 j=5/2"                   
@legend ON
@legend x1 0.2
@legend y1 0.8
@g0 type LOGY
@yaxis ticklabel format power
@legend string   0 "Lab energy =   21.0000"
#legend string   0 "Partition=  2 Excit=  1 near/far= 1"
#  Theta       sigma       iT11        T20         T21         T22         Kyy for projectile
   0.000       4.408    
   1.000       4.419    
   2.000       4.453    
   3.000       4.509    
   4.000       4.584    
   5.000       4.677    
   6.000       4.785    
   7.000       4.904    
   8.000       5.029    
   9.000       5.156    
   10.00       5.278    
   11.00       5.391    
   12.00       5.488    
   13.00       5.564    
   14.00       5.612    
   15.00       5.629    
   16.00       5.609    
   17.00       5.548    
   18.00       5.443    
   19.00       5.294    
   20.00       5.099    
   21.00       4.862    
   22.00       4.588    
   23.00       4.282    
   24.00       3.952    
   25.00       3.608    
   26.00       3.260    
   27.00       2.916    
   28.00       2.584    
   29.00       2.271    
   30.00       1.984    
   31.00       1.727    
   32.00       1.503    
   33.00       1.312    
   34.00       1.156    
   35.00       1.032    
   36.00      0.9389    
   37.00      0.8723    
   38.00      0.8280    
   39.00      0.8012    
   40.00      0.7869    
   41.00      0.7802    
   42.00      0.7770    
   43.00      0.7737    
   44.00      0.7675    
   45.00      0.7566    
   46.00      0.7398    
   47.00      0.7166    
   48.00      0.6871    
   49.00      0.6518    
   50.00      0.6116    
   51.00      0.5675    
   52.00      0.5210    
   53.00      0.4734    
   54.00      0.4260    
   55.00      0.3803    
   56.00      0.3373    
   57.00      0.2978    
   58.00      0.2626    
   59.00      0.2318    
   60.00      0.2054    
   61.00      0.1834    
   62.00      0.1653    
   63.00      0.1508    
   64.00      0.1392    
   65.00      0.1302    
   66.00      0.1231    
   67.00      0.1176    
   68.00      0.1133    
   69.00      0.1097    
   70.00      0.1066    
   71.00      0.1037    
   72.00      0.1008    
   73.00      0.9796E-01
   74.00      0.9502E-01
   75.00      0.9204E-01
   76.00      0.8907E-01
   77.00      0.8619E-01
   78.00      0.8348E-01
   79.00      0.8100E-01
   80.00      0.7880E-01
 END
