#  81 angles,  1 tensor ranks for 0=projectile
@subtitle   "39K(3He,d)40Ca 21 MeV DWBA ZR 9226.69 keV Jpi=2- l=1 n=3 j=1/2"                
@legend ON
@legend x1 0.2
@legend y1 0.8
@g0 type LOGY
@yaxis ticklabel format power
@legend string   0 "Lab energy =   21.0000"
#legend string   0 "Partition=  2 Excit=  1 near/far= 1"
#  Theta       sigma       iT11        T20         T21         T22         Kyy for projectile
   0.000       33.66    
   1.000       33.55    
   2.000       33.22    
   3.000       32.67    
   4.000       31.88    
   5.000       30.84    
   6.000       29.56    
   7.000       28.04    
   8.000       26.30    
   9.000       24.35    
   10.00       22.24    
   11.00       20.02    
   12.00       17.76    
   13.00       15.54    
   14.00       13.41    
   15.00       11.45    
   16.00       9.707    
   17.00       8.218    
   18.00       7.002    
   19.00       6.063    
   20.00       5.384    
   21.00       4.938    
   22.00       4.687    
   23.00       4.585    
   24.00       4.586    
   25.00       4.644    
   26.00       4.719    
   27.00       4.776    
   28.00       4.790    
   29.00       4.743    
   30.00       4.630    
   31.00       4.449    
   32.00       4.210    
   33.00       3.923    
   34.00       3.604    
   35.00       3.268    
   36.00       2.931    
   37.00       2.607    
   38.00       2.306    
   39.00       2.036    
   40.00       1.804    
   41.00       1.609    
   42.00       1.452    
   43.00       1.330    
   44.00       1.238    
   45.00       1.170    
   46.00       1.121    
   47.00       1.084    
   48.00       1.055    
   49.00       1.030    
   50.00       1.004    
   51.00      0.9763    
   52.00      0.9446    
   53.00      0.9090    
   54.00      0.8696    
   55.00      0.8273    
   56.00      0.7834    
   57.00      0.7391    
   58.00      0.6958    
   59.00      0.6547    
   60.00      0.6168    
   61.00      0.5827    
   62.00      0.5527    
   63.00      0.5268    
   64.00      0.5046    
   65.00      0.4856    
   66.00      0.4691    
   67.00      0.4544    
   68.00      0.4405    
   69.00      0.4267    
   70.00      0.4124    
   71.00      0.3969    
   72.00      0.3800    
   73.00      0.3613    
   74.00      0.3408    
   75.00      0.3187    
   76.00      0.2952    
   77.00      0.2707    
   78.00      0.2458    
   79.00      0.2209    
   80.00      0.1967    
 END
