#  81 angles,  1 tensor ranks for 0=projectile
@subtitle   "39K(3He,d)40Ca 21 MeV DWBA ZR 9226.69 keV Jpi=2- l=3 n=2 j=5/2"                
@legend ON
@legend x1 0.2
@legend y1 0.8
@g0 type LOGY
@yaxis ticklabel format power
@legend string   0 "Lab energy =   21.0000"
#legend string   0 "Partition=  2 Excit=  1 near/far= 1"
#  Theta       sigma       iT11        T20         T21         T22         Kyy for projectile
   0.000       7.800    
   1.000       7.818    
   2.000       7.869    
   3.000       7.952    
   4.000       8.063    
   5.000       8.197    
   6.000       8.347    
   7.000       8.506    
   8.000       8.664    
   9.000       8.813    
   10.00       8.942    
   11.00       9.043    
   12.00       9.107    
   13.00       9.127    
   14.00       9.094    
   15.00       9.005    
   16.00       8.855    
   17.00       8.644    
   18.00       8.372    
   19.00       8.041    
   20.00       7.657    
   21.00       7.226    
   22.00       6.757    
   23.00       6.260    
   24.00       5.745    
   25.00       5.223    
   26.00       4.706    
   27.00       4.203    
   28.00       3.724    
   29.00       3.278    
   30.00       2.872    
   31.00       2.509    
   32.00       2.195    
   33.00       1.929    
   34.00       1.712    
   35.00       1.540    
   36.00       1.409    
   37.00       1.315    
   38.00       1.251    
   39.00       1.210    
   40.00       1.186    
   41.00       1.174    
   42.00       1.168    
   43.00       1.163    
   44.00       1.154    
   45.00       1.140    
   46.00       1.119    
   47.00       1.088    
   48.00       1.048    
   49.00      0.9988    
   50.00      0.9422    
   51.00      0.8793    
   52.00      0.8122    
   53.00      0.7429    
   54.00      0.6734    
   55.00      0.6054    
   56.00      0.5406    
   57.00      0.4802    
   58.00      0.4251    
   59.00      0.3760    
   60.00      0.3330    
   61.00      0.2961    
   62.00      0.2651    
   63.00      0.2396    
   64.00      0.2189    
   65.00      0.2023    
   66.00      0.1891    
   67.00      0.1786    
   68.00      0.1699    
   69.00      0.1625    
   70.00      0.1559    
   71.00      0.1498    
   72.00      0.1438    
   73.00      0.1378    
   74.00      0.1317    
   75.00      0.1256    
   76.00      0.1195    
   77.00      0.1135    
   78.00      0.1078    
   79.00      0.1024    
   80.00      0.9752E-01
 END
