     0.0   1.498      1
     0.0   2.997     -1
     1.0   13.49      1
     1.0   27.00     -1
     2.0   29.98      1
     2.0   60.00     -1
     3.0   42.00      1
     3.0   84.02     -1
     4.0   53.93      1
     4.0   108.0     -1
     5.0   65.84      1
     5.0   131.5     -1
     6.0   76.22      1
     6.0   153.3     -1
     7.0   86.11      1
     7.0   169.6     -1
     8.0   84.76      1
     8.0   173.1     -1
     9.0   80.40      1
     9.0   158.9     -1
    10.0   64.26      1
    10.0   129.1     -1
    11.0   44.05      1
    11.0   91.28     -1
    12.0   30.57      1
    12.0   56.36     -1
    13.0   14.27      1
    13.0   31.82     -1
    14.0   9.625      1
    14.0   17.40     -1
    15.0   4.207      1
    15.0   9.419     -1
    16.0   2.806      1
    16.0   5.070     -1
    17.0   1.213      1
    17.0   2.716     -1
    18.0  0.8021      1
    18.0   1.448     -1
    19.0  0.3431      1
    19.0  0.7692     -1
    20.0  0.2254      1
    20.0  0.4068     -1
    21.0  0.9559E-01  1
    21.0  0.2144     -1
    22.0  0.6244E-01  1
    22.0  0.1126     -1
    23.0  0.2629E-01  1
    23.0  0.5900E-01 -1
    24.0  0.1709E-01  1
    24.0  0.3082E-01 -1
    25.0  0.7154E-02  1
    25.0  0.1606E-01 -1
    26.0  0.4629E-02  1
    26.0  0.8347E-02 -1
    27.0  0.1929E-02  1
    27.0  0.4330E-02 -1
    28.0  0.1243E-02  1
    28.0  0.2241E-02 -1
    29.0  0.5159E-03  1
    29.0  0.1158E-02 -1
    30.0  0.3312E-03  1
    30.0  0.5973E-03 -1
