     0.0   1.503      1
     0.0   3.004     -1
     1.0   13.52      1
     1.0   27.04     -1
     2.0   30.04      1
     2.0   60.05     -1
     3.0   42.03      1
     3.0   84.02     -1
     4.0   53.94      1
     4.0   107.9     -1
     5.0   65.83      1
     5.0   131.3     -1
     6.0   76.05      1
     6.0   152.9     -1
     7.0   85.79      1
     7.0   168.7     -1
     8.0   84.58      1
     8.0   172.1     -1
     9.0   80.18      1
     9.0   158.5     -1
    10.0   64.63      1
    10.0   129.3     -1
    11.0   43.92      1
    11.0   91.45     -1
    12.0   30.71      1
    12.0   56.43     -1
    13.0   14.24      1
    13.0   31.85     -1
    14.0   9.650      1
    14.0   17.41     -1
    15.0   4.201      1
    15.0   9.423     -1
    16.0   2.811      1
    16.0   5.072     -1
    17.0   1.211      1
    17.0   2.717     -1
    18.0  0.8029      1
    18.0   1.449     -1
    19.0  0.3429      1
    19.0  0.7693     -1
    20.0  0.2256      1
    20.0  0.4069     -1
    21.0  0.9556E-01  1
    21.0  0.2145     -1
    22.0  0.6247E-01  1
    22.0  0.1127     -1
    23.0  0.2629E-01  1
    23.0  0.5901E-01 -1
    24.0  0.1709E-01  1
    24.0  0.3082E-01 -1
    25.0  0.7153E-02  1
    25.0  0.1606E-01 -1
    26.0  0.4630E-02  1
    26.0  0.8348E-02 -1
    27.0  0.1928E-02  1
    27.0  0.4330E-02 -1
    28.0  0.1243E-02  1
    28.0  0.2241E-02 -1
    29.0  0.5155E-03  1
    29.0  0.1158E-02 -1
    30.0  0.3308E-03  1
    30.0  0.5965E-03 -1
