#  81 angles,  1 tensor ranks for 0=projectile
@subtitle   "39K(3He,d)40Ca 21 MeV DWBA ZR 8995 keV Jpi=2+ l=2 n=2 j=5/2"                   
@legend ON
@legend x1 0.2
@legend y1 0.8
@g0 type LOGY
@yaxis ticklabel format power
@legend string   0 "Lab energy =   21.0000"
#legend string   0 "Partition=  2 Excit=  1 near/far= 1"
#  Theta       sigma       iT11        T20         T21         T22         Kyy for projectile
   0.000       14.35    
   1.000       14.38    
   2.000       14.46    
   3.000       14.58    
   4.000       14.74    
   5.000       14.93    
   6.000       15.11    
   7.000       15.27    
   8.000       15.39    
   9.000       15.43    
   10.00       15.38    
   11.00       15.22    
   12.00       14.93    
   13.00       14.52    
   14.00       13.98    
   15.00       13.32    
   16.00       12.55    
   17.00       11.70    
   18.00       10.78    
   19.00       9.825    
   20.00       8.860    
   21.00       7.912    
   22.00       7.005    
   23.00       6.161    
   24.00       5.398    
   25.00       4.727    
   26.00       4.155    
   27.00       3.680    
   28.00       3.299    
   29.00       3.002    
   30.00       2.776    
   31.00       2.608    
   32.00       2.485    
   33.00       2.392    
   34.00       2.318    
   35.00       2.252    
   36.00       2.185    
   37.00       2.112    
   38.00       2.028    
   39.00       1.931    
   40.00       1.823    
   41.00       1.704    
   42.00       1.577    
   43.00       1.447    
   44.00       1.317    
   45.00       1.190    
   46.00       1.071    
   47.00      0.9615    
   48.00      0.8634    
   49.00      0.7778    
   50.00      0.7051    
   51.00      0.6447    
   52.00      0.5958    
   53.00      0.5569    
   54.00      0.5262    
   55.00      0.5018    
   56.00      0.4820    
   57.00      0.4647    
   58.00      0.4487    
   59.00      0.4326    
   60.00      0.4156    
   61.00      0.3974    
   62.00      0.3777    
   63.00      0.3566    
   64.00      0.3346    
   65.00      0.3120    
   66.00      0.2894    
   67.00      0.2675    
   68.00      0.2468    
   69.00      0.2281    
   70.00      0.2117    
   71.00      0.1981    
   72.00      0.1875    
   73.00      0.1799    
   74.00      0.1751    
   75.00      0.1730    
   76.00      0.1731    
   77.00      0.1750    
   78.00      0.1782    
   79.00      0.1822    
   80.00      0.1865    
 END
