#  81 angles,  1 tensor ranks for 0=projectile
@subtitle   "39K(3He,d)40Ca 21 MeV DWBA ZR 9432 keV Jpi=3- l=1 n=2 j=3/2"                   
@legend ON
@legend x1 0.2
@legend y1 0.8
@g0 type LOGY
@yaxis ticklabel format power
@xaxis label "Scattering angle (degrees)"
@yaxis label "Cross section (mb/sr)"
@legend string   0 "Partition=  1 Excit=  1 near/far= 1"
#legend string   0 "Lab energy =   21.0000"
@s0 linestyle   1
#  Theta       sigma       iT11        T20         T21         T22         Kyy for projectile
  0.1000E-01   1.000    
   1.000      0.9997    
   2.000       1.001    
   3.000      0.9801    
   4.000      0.9937    
   5.000       1.036    
   6.000       1.069    
   7.000       1.070    
   8.000       1.043    
   9.000       1.001    
   10.00      0.9589    
   11.00      0.9259    
   12.00      0.9030    
   13.00      0.8865    
   14.00      0.8704    
   15.00      0.8486    
   16.00      0.8173    
   17.00      0.7752    
   18.00      0.7238    
   19.00      0.6664    
   20.00      0.6075    
   21.00      0.5518    
   22.00      0.5029    
   23.00      0.4636    
   24.00      0.4347    
   25.00      0.4158    
   26.00      0.4051    
   27.00      0.3999    
   28.00      0.3972    
   29.00      0.3941    
   30.00      0.3882    
   31.00      0.3777    
   32.00      0.3620    
   33.00      0.3412    
   34.00      0.3163    
   35.00      0.2889    
   36.00      0.2608    
   37.00      0.2340    
   38.00      0.2104    
   39.00      0.1911    
   40.00      0.1770    
   41.00      0.1682    
   42.00      0.1644    
   43.00      0.1646    
   44.00      0.1677    
   45.00      0.1721    
   46.00      0.1765    
   47.00      0.1796    
   48.00      0.1803    
   49.00      0.1779    
   50.00      0.1722    
   51.00      0.1633    
   52.00      0.1516    
   53.00      0.1378    
   54.00      0.1229    
   55.00      0.1077    
   56.00      0.9318E-01
   57.00      0.8011E-01
   58.00      0.6912E-01
   59.00      0.6059E-01
   60.00      0.5467E-01
   61.00      0.5129E-01
   62.00      0.5018E-01
   63.00      0.5093E-01
   64.00      0.5301E-01
   65.00      0.5587E-01
   66.00      0.5895E-01
   67.00      0.6177E-01
   68.00      0.6392E-01
   69.00      0.6510E-01
   70.00      0.6515E-01
   71.00      0.6402E-01
   72.00      0.6176E-01
   73.00      0.5853E-01
   74.00      0.5453E-01
   75.00      0.5000E-01
   76.00      0.4522E-01
   77.00      0.4042E-01
   78.00      0.3583E-01
   79.00      0.3163E-01
   80.00      0.2793E-01
 END
@legend string   1 "Partition=  2 Excit=  1 near/far= 1"
#legend string   0 "Lab energy =   21.0000"
@s1 linestyle   2
#  Theta       sigma       iT11        T20         T21         T22         Kyy for projectile
   0.000       20.22    
   1.000       20.17    
   2.000       20.03    
   3.000       19.78    
   4.000       19.41    
   5.000       18.93    
   6.000       18.32    
   7.000       17.57    
   8.000       16.68    
   9.000       15.68    
   10.00       14.57    
   11.00       13.39    
   12.00       12.18    
   13.00       10.97    
   14.00       9.804    
   15.00       8.725    
   16.00       7.762    
   17.00       6.940    
   18.00       6.269    
   19.00       5.751    
   20.00       5.377    
   21.00       5.131    
   22.00       4.988    
   23.00       4.922    
   24.00       4.903    
   25.00       4.903    
   26.00       4.898    
   27.00       4.866    
   28.00       4.793    
   29.00       4.668    
   30.00       4.491    
   31.00       4.263    
   32.00       3.991    
   33.00       3.686    
   34.00       3.359    
   35.00       3.023    
   36.00       2.690    
   37.00       2.372    
   38.00       2.076    
   39.00       1.810    
   40.00       1.578    
   41.00       1.381    
   42.00       1.220    
   43.00       1.091    
   44.00      0.9924    
   45.00      0.9191    
   46.00      0.8663    
   47.00      0.8294    
   48.00      0.8037    
   49.00      0.7852    
   50.00      0.7707    
   51.00      0.7573    
   52.00      0.7434    
   53.00      0.7277    
   54.00      0.7096    
   55.00      0.6891    
   56.00      0.6665    
   57.00      0.6425    
   58.00      0.6179    
   59.00      0.5933    
   60.00      0.5696    
   61.00      0.5474    
   62.00      0.5269    
   63.00      0.5085    
   64.00      0.4922    
   65.00      0.4777    
   66.00      0.4650    
   67.00      0.4535    
   68.00      0.4430    
   69.00      0.4329    
   70.00      0.4229    
   71.00      0.4126    
   72.00      0.4017    
   73.00      0.3897    
   74.00      0.3767    
   75.00      0.3624    
   76.00      0.3470    
   77.00      0.3305    
   78.00      0.3131    
   79.00      0.2950    
   80.00      0.2766    
 END
