#  81 angles,  1 tensor ranks for 0=projectile
@subtitle   "39K(3He,d)40Ca 21 MeV DWBA ZR 9432 keV Jpi=3- l=1 n=2 j=3/2"                   
@legend ON
@legend x1 0.2
@legend y1 0.8
@g0 type LOGY
@yaxis ticklabel format power
@legend string   0 "Lab energy =   21.0000"
#legend string   0 "Partition=  2 Excit=  1 near/far= 1"
#  Theta       sigma       iT11        T20         T21         T22         Kyy for projectile
   0.000       20.22    
   1.000       20.17    
   2.000       20.03    
   3.000       19.78    
   4.000       19.41    
   5.000       18.93    
   6.000       18.32    
   7.000       17.57    
   8.000       16.68    
   9.000       15.68    
   10.00       14.57    
   11.00       13.39    
   12.00       12.18    
   13.00       10.97    
   14.00       9.804    
   15.00       8.725    
   16.00       7.762    
   17.00       6.940    
   18.00       6.269    
   19.00       5.751    
   20.00       5.377    
   21.00       5.131    
   22.00       4.988    
   23.00       4.922    
   24.00       4.903    
   25.00       4.903    
   26.00       4.898    
   27.00       4.866    
   28.00       4.793    
   29.00       4.668    
   30.00       4.491    
   31.00       4.263    
   32.00       3.991    
   33.00       3.686    
   34.00       3.359    
   35.00       3.023    
   36.00       2.690    
   37.00       2.372    
   38.00       2.076    
   39.00       1.810    
   40.00       1.578    
   41.00       1.381    
   42.00       1.220    
   43.00       1.091    
   44.00      0.9924    
   45.00      0.9191    
   46.00      0.8663    
   47.00      0.8294    
   48.00      0.8037    
   49.00      0.7852    
   50.00      0.7707    
   51.00      0.7573    
   52.00      0.7434    
   53.00      0.7277    
   54.00      0.7096    
   55.00      0.6891    
   56.00      0.6665    
   57.00      0.6425    
   58.00      0.6179    
   59.00      0.5933    
   60.00      0.5696    
   61.00      0.5474    
   62.00      0.5269    
   63.00      0.5085    
   64.00      0.4922    
   65.00      0.4777    
   66.00      0.4650    
   67.00      0.4535    
   68.00      0.4430    
   69.00      0.4329    
   70.00      0.4229    
   71.00      0.4126    
   72.00      0.4017    
   73.00      0.3897    
   74.00      0.3767    
   75.00      0.3624    
   76.00      0.3470    
   77.00      0.3305    
   78.00      0.3131    
   79.00      0.2950    
   80.00      0.2766    
 END
