#  81 angles,  1 tensor ranks for 0=projectile
@subtitle   "39K(3He,d)40Ca 21 MeV DWBA ZR 9538 keV Jpi=1- l=1 n=3 j=3/2"                   
@legend ON
@legend x1 0.2
@legend y1 0.8
@g0 type LOGY
@yaxis ticklabel format power
@legend string   0 "Lab energy =   21.0000"
#legend string   0 "Partition=  2 Excit=  1 near/far= 1"
#  Theta       sigma       iT11        T20         T21         T22         Kyy for projectile
   0.000       15.15    
   1.000       15.10    
   2.000       14.98    
   3.000       14.76    
   4.000       14.45    
   5.000       14.04    
   6.000       13.53    
   7.000       12.91    
   8.000       12.19    
   9.000       11.39    
   10.00       10.51    
   11.00       9.582    
   12.00       8.631    
   13.00       7.686    
   14.00       6.778    
   15.00       5.934    
   16.00       5.176    
   17.00       4.521    
   18.00       3.977    
   19.00       3.546    
   20.00       3.222    
   21.00       2.995    
   22.00       2.848    
   23.00       2.762    
   24.00       2.717    
   25.00       2.695    
   26.00       2.677    
   27.00       2.649    
   28.00       2.601    
   29.00       2.525    
   30.00       2.420    
   31.00       2.286    
   32.00       2.127    
   33.00       1.950    
   34.00       1.763    
   35.00       1.573    
   36.00       1.388    
   37.00       1.216    
   38.00       1.060    
   39.00      0.9265    
   40.00      0.8165    
   41.00      0.7308    
   42.00      0.6688    
   43.00      0.6285    
   44.00      0.6068    
   45.00      0.6001    
   46.00      0.6047    
   47.00      0.6165    
   48.00      0.6319    
   49.00      0.6475    
   50.00      0.6607    
   51.00      0.6693    
   52.00      0.6720    
   53.00      0.6677    
   54.00      0.6563    
   55.00      0.6380    
   56.00      0.6134    
   57.00      0.5832    
   58.00      0.5487    
   59.00      0.5110    
   60.00      0.4713    
   61.00      0.4307    
   62.00      0.3904    
   63.00      0.3513    
   64.00      0.3141    
   65.00      0.2795    
   66.00      0.2479    
   67.00      0.2196    
   68.00      0.1947    
   69.00      0.1732    
   70.00      0.1551    
   71.00      0.1401    
   72.00      0.1280    
   73.00      0.1186    
   74.00      0.1115    
   75.00      0.1063    
   76.00      0.1028    
   77.00      0.1007    
   78.00      0.9955E-01
   79.00      0.9923E-01
   80.00      0.9945E-01
 END
