#  81 angles,  1 tensor ranks for 0=projectile
@subtitle   "39K(3He,d)40Ca 21 MeV DWBA ZR 9538 keV Jpi=1- l=1 n=3 j=3/2"                   
@legend ON
@legend x1 0.2
@legend y1 0.8
@g0 type LOGY
@yaxis ticklabel format power
@xaxis label "Scattering angle (degrees)"
@yaxis label "Cross section (mb/sr)"
@legend string   0 "Partition=  1 Excit=  1 near/far= 1"
#legend string   0 "Lab energy =   21.0000"
@s0 linestyle   1
#  Theta       sigma       iT11        T20         T21         T22         Kyy for projectile
  0.1000E-01   1.000    
   1.000      0.9997    
   2.000       1.001    
   3.000      0.9801    
   4.000      0.9937    
   5.000       1.036    
   6.000       1.069    
   7.000       1.070    
   8.000       1.043    
   9.000       1.001    
   10.00      0.9589    
   11.00      0.9259    
   12.00      0.9030    
   13.00      0.8865    
   14.00      0.8704    
   15.00      0.8486    
   16.00      0.8173    
   17.00      0.7752    
   18.00      0.7238    
   19.00      0.6664    
   20.00      0.6075    
   21.00      0.5518    
   22.00      0.5029    
   23.00      0.4636    
   24.00      0.4347    
   25.00      0.4158    
   26.00      0.4051    
   27.00      0.3999    
   28.00      0.3972    
   29.00      0.3941    
   30.00      0.3882    
   31.00      0.3777    
   32.00      0.3620    
   33.00      0.3412    
   34.00      0.3163    
   35.00      0.2889    
   36.00      0.2608    
   37.00      0.2340    
   38.00      0.2104    
   39.00      0.1911    
   40.00      0.1770    
   41.00      0.1682    
   42.00      0.1644    
   43.00      0.1646    
   44.00      0.1677    
   45.00      0.1721    
   46.00      0.1765    
   47.00      0.1796    
   48.00      0.1803    
   49.00      0.1779    
   50.00      0.1722    
   51.00      0.1633    
   52.00      0.1516    
   53.00      0.1378    
   54.00      0.1229    
   55.00      0.1077    
   56.00      0.9318E-01
   57.00      0.8011E-01
   58.00      0.6912E-01
   59.00      0.6059E-01
   60.00      0.5467E-01
   61.00      0.5129E-01
   62.00      0.5018E-01
   63.00      0.5093E-01
   64.00      0.5301E-01
   65.00      0.5587E-01
   66.00      0.5895E-01
   67.00      0.6177E-01
   68.00      0.6392E-01
   69.00      0.6510E-01
   70.00      0.6515E-01
   71.00      0.6402E-01
   72.00      0.6176E-01
   73.00      0.5853E-01
   74.00      0.5453E-01
   75.00      0.5000E-01
   76.00      0.4522E-01
   77.00      0.4042E-01
   78.00      0.3583E-01
   79.00      0.3163E-01
   80.00      0.2793E-01
 END
@legend string   1 "Partition=  2 Excit=  1 near/far= 1"
#legend string   0 "Lab energy =   21.0000"
@s1 linestyle   2
#  Theta       sigma       iT11        T20         T21         T22         Kyy for projectile
   0.000       15.15    
   1.000       15.10    
   2.000       14.98    
   3.000       14.76    
   4.000       14.45    
   5.000       14.04    
   6.000       13.53    
   7.000       12.91    
   8.000       12.19    
   9.000       11.39    
   10.00       10.51    
   11.00       9.582    
   12.00       8.631    
   13.00       7.686    
   14.00       6.778    
   15.00       5.934    
   16.00       5.176    
   17.00       4.521    
   18.00       3.977    
   19.00       3.546    
   20.00       3.222    
   21.00       2.995    
   22.00       2.848    
   23.00       2.762    
   24.00       2.717    
   25.00       2.695    
   26.00       2.677    
   27.00       2.649    
   28.00       2.601    
   29.00       2.525    
   30.00       2.420    
   31.00       2.286    
   32.00       2.127    
   33.00       1.950    
   34.00       1.763    
   35.00       1.573    
   36.00       1.388    
   37.00       1.216    
   38.00       1.060    
   39.00      0.9265    
   40.00      0.8165    
   41.00      0.7308    
   42.00      0.6688    
   43.00      0.6285    
   44.00      0.6068    
   45.00      0.6001    
   46.00      0.6047    
   47.00      0.6165    
   48.00      0.6319    
   49.00      0.6475    
   50.00      0.6607    
   51.00      0.6693    
   52.00      0.6720    
   53.00      0.6677    
   54.00      0.6563    
   55.00      0.6380    
   56.00      0.6134    
   57.00      0.5832    
   58.00      0.5487    
   59.00      0.5110    
   60.00      0.4713    
   61.00      0.4307    
   62.00      0.3904    
   63.00      0.3513    
   64.00      0.3141    
   65.00      0.2795    
   66.00      0.2479    
   67.00      0.2196    
   68.00      0.1947    
   69.00      0.1732    
   70.00      0.1551    
   71.00      0.1401    
   72.00      0.1280    
   73.00      0.1186    
   74.00      0.1115    
   75.00      0.1063    
   76.00      0.1028    
   77.00      0.1007    
   78.00      0.9955E-01
   79.00      0.9923E-01
   80.00      0.9945E-01
 END
