     0.0   1.503      1
     0.0   3.004     -1
     1.0   13.49      1
     1.0   27.00     -1
     2.0   29.99      1
     2.0   59.98     -1
     3.0   42.02      1
     3.0   84.00     -1
     4.0   53.95      1
     4.0   107.9     -1
     5.0   65.85      1
     5.0   131.3     -1
     6.0   76.21      1
     6.0   152.9     -1
     7.0   85.91      1
     7.0   168.8     -1
     8.0   84.34      1
     8.0   171.6     -1
     9.0   79.59      1
     9.0   156.5     -1
    10.0   63.12      1
    10.0   126.1     -1
    11.0   42.36      1
    11.0   88.96     -1
    12.0   30.26      1
    12.0   55.08     -1
    13.0   13.82      1
    13.0   31.22     -1
    14.0   9.553      1
    14.0   17.12     -1
    15.0   4.114      1
    15.0   9.293     -1
    16.0   2.791      1
    16.0   5.014     -1
    17.0   1.194      1
    17.0   2.691     -1
    18.0  0.7989      1
    18.0   1.437     -1
    19.0  0.3394      1
    19.0  0.7640     -1
    20.0  0.2247      1
    20.0  0.4045     -1
    21.0  0.9485E-01  1
    21.0  0.2134     -1
    22.0  0.6230E-01  1
    22.0  0.1122     -1
    23.0  0.2614E-01  1
    23.0  0.5879E-01 -1
    24.0  0.1706E-01  1
    24.0  0.3073E-01 -1
    25.0  0.7124E-02  1
    25.0  0.1602E-01 -1
    26.0  0.4624E-02  1
    26.0  0.8329E-02 -1
    27.0  0.1923E-02  1
    27.0  0.4322E-02 -1
    28.0  0.1242E-02  1
    28.0  0.2238E-02 -1
    29.0  0.5150E-03  1
    29.0  0.1157E-02 -1
    30.0  0.3312E-03  1
    30.0  0.5969E-03 -1
