#  81 angles,  1 tensor ranks for 0=projectile
@subtitle   "39K(3He,d)40Ca 21 MeV DWBA ZR 8425 keV Jpi=2+ l=2 n=3 j=3/2"                   
@legend ON
@legend x1 0.2
@legend y1 0.8
@g0 type LOGY
@yaxis ticklabel format power
@legend string   0 "Lab energy =   21.0000"
#legend string   0 "Partition=  2 Excit=  1 near/far= 1"
#  Theta       sigma       iT11        T20         T21         T22         Kyy for projectile
   0.000       31.27    
   1.000       31.30    
   2.000       31.40    
   3.000       31.55    
   4.000       31.73    
   5.000       31.92    
   6.000       32.09    
   7.000       32.19    
   8.000       32.20    
   9.000       32.07    
   10.00       31.77    
   11.00       31.26    
   12.00       30.53    
   13.00       29.55    
   14.00       28.33    
   15.00       26.88    
   16.00       25.24    
   17.00       23.44    
   18.00       21.53    
   19.00       19.58    
   20.00       17.64    
   21.00       15.75    
   22.00       13.99    
   23.00       12.37    
   24.00       10.93    
   25.00       9.686    
   26.00       8.640    
   27.00       7.784    
   28.00       7.102    
   29.00       6.570    
   30.00       6.159    
   31.00       5.839    
   32.00       5.579    
   33.00       5.353    
   34.00       5.136    
   35.00       4.909    
   36.00       4.662    
   37.00       4.387    
   38.00       4.084    
   39.00       3.756    
   40.00       3.410    
   41.00       3.055    
   42.00       2.702    
   43.00       2.362    
   44.00       2.044    
   45.00       1.758    
   46.00       1.508    
   47.00       1.300    
   48.00       1.135    
   49.00       1.012    
   50.00      0.9276    
   51.00      0.8776    
   52.00      0.8560    
   53.00      0.8564    
   54.00      0.8718    
   55.00      0.8957    
   56.00      0.9221    
   57.00      0.9458    
   58.00      0.9627    
   59.00      0.9698    
   60.00      0.9652    
   61.00      0.9483    
   62.00      0.9192    
   63.00      0.8790    
   64.00      0.8295    
   65.00      0.7728    
   66.00      0.7112    
   67.00      0.6472    
   68.00      0.5832    
   69.00      0.5211    
   70.00      0.4628    
   71.00      0.4096    
   72.00      0.3624    
   73.00      0.3218    
   74.00      0.2878    
   75.00      0.2603    
   76.00      0.2387    
   77.00      0.2223    
   78.00      0.2102    
   79.00      0.2016    
   80.00      0.1955    
 END
