     0.0   1.503      1
     0.0   3.004     -1
     1.0   13.53      1
     1.0   27.05     -1
     2.0   30.06      1
     2.0   60.10     -1
     3.0   42.09      1
     3.0   84.14     -1
     4.0   54.04      1
     4.0   108.1     -1
     5.0   65.98      1
     5.0   131.7     -1
     6.0   76.46      1
     6.0   153.6     -1
     7.0   86.56      1
     7.0   170.3     -1
     8.0   85.43      1
     8.0   174.3     -1
     9.0   81.44      1
     9.0   160.7     -1
    10.0   65.34      1
    10.0   130.8     -1
    11.0   44.37      1
    11.0   92.26     -1
    12.0   30.88      1
    12.0   56.80     -1
    13.0   14.33      1
    13.0   32.01     -1
    14.0   9.681      1
    14.0   17.48     -1
    15.0   4.217      1
    15.0   9.453     -1
    16.0   2.816      1
    16.0   5.085     -1
    17.0   1.214      1
    17.0   2.723     -1
    18.0  0.8040      1
    18.0   1.451     -1
    19.0  0.3435      1
    19.0  0.7703     -1
    20.0  0.2258      1
    20.0  0.4073     -1
    21.0  0.9564E-01  1
    21.0  0.2146     -1
    22.0  0.6250E-01  1
    22.0  0.1127     -1
    23.0  0.2627E-01  1
    23.0  0.5901E-01 -1
    24.0  0.1710E-01  1
    24.0  0.3083E-01 -1
    25.0  0.7156E-02  1
    25.0  0.1606E-01 -1
    26.0  0.4630E-02  1
    26.0  0.8348E-02 -1
    27.0  0.1929E-02  1
    27.0  0.4331E-02 -1
    28.0  0.1243E-02  1
    28.0  0.2242E-02 -1
    29.0  0.5159E-03  1
    29.0  0.1158E-02 -1
    30.0  0.3312E-03  1
    30.0  0.5973E-03 -1
