#  81 angles,  1 tensor ranks for 0=projectile
@subtitle   "39K(3He,d)40Ca 21 MeV DWBA ZR 9226.69 keV Jpi=2+ l=0 n=4 j=1/2"                
@legend ON
@legend x1 0.2
@legend y1 0.8
@g0 type LOGY
@yaxis ticklabel format power
@legend string   0 "Lab energy =   21.0000"
#legend string   0 "Partition=  2 Excit=  1 near/far= 1"
#  Theta       sigma       iT11        T20         T21         T22         Kyy for projectile
   0.000       47.03    
   1.000       46.42    
   2.000       44.62    
   3.000       41.76    
   4.000       38.03    
   5.000       33.65    
   6.000       28.91    
   7.000       24.08    
   8.000       19.43    
   9.000       15.18    
   10.00       11.51    
   11.00       8.532    
   12.00       6.293    
   13.00       4.780    
   14.00       3.924    
   15.00       3.618    
   16.00       3.729    
   17.00       4.118    
   18.00       4.648    
   19.00       5.202    
   20.00       5.686    
   21.00       6.033    
   22.00       6.207    
   23.00       6.199    
   24.00       6.020    
   25.00       5.700    
   26.00       5.280    
   27.00       4.802    
   28.00       4.309    
   29.00       3.839    
   30.00       3.419    
   31.00       3.070    
   32.00       2.799    
   33.00       2.608    
   34.00       2.489    
   35.00       2.430    
   36.00       2.415    
   37.00       2.428    
   38.00       2.453    
   39.00       2.473    
   40.00       2.479    
   41.00       2.460    
   42.00       2.412    
   43.00       2.333    
   44.00       2.223    
   45.00       2.087    
   46.00       1.928    
   47.00       1.755    
   48.00       1.574    
   49.00       1.391    
   50.00       1.214    
   51.00       1.048    
   52.00      0.8963    
   53.00      0.7638    
   54.00      0.6522    
   55.00      0.5627    
   56.00      0.4953    
   57.00      0.4490    
   58.00      0.4224    
   59.00      0.4131    
   60.00      0.4184    
   61.00      0.4355    
   62.00      0.4613    
   63.00      0.4929    
   64.00      0.5273    
   65.00      0.5621    
   66.00      0.5948    
   67.00      0.6236    
   68.00      0.6467    
   69.00      0.6629    
   70.00      0.6715    
   71.00      0.6718    
   72.00      0.6639    
   73.00      0.6478    
   74.00      0.6242    
   75.00      0.5938    
   76.00      0.5576    
   77.00      0.5167    
   78.00      0.4723    
   79.00      0.4257    
   80.00      0.3781    
 END
