#  81 angles,  1 tensor ranks for 0=projectile
@subtitle   "39K(3He,d)40Ca 21 MeV DWBA ZR 9136 keV Jpi=3- l=3 n=2 j=5/2"                   
@legend ON
@legend x1 0.2
@legend y1 0.8
@g0 type LOGY
@yaxis ticklabel format power
@legend string   0 "Lab energy =   21.0000"
#legend string   0 "Partition=  2 Excit=  1 near/far= 1"
#  Theta       sigma       iT11        T20         T21         T22         Kyy for projectile
   0.000       11.05    
   1.000       11.07    
   2.000       11.15    
   3.000       11.27    
   4.000       11.43    
   5.000       11.63    
   6.000       11.85    
   7.000       12.08    
   8.000       12.32    
   9.000       12.54    
   10.00       12.73    
   11.00       12.89    
   12.00       12.99    
   13.00       13.02    
   14.00       12.98    
   15.00       12.86    
   16.00       12.66    
   17.00       12.36    
   18.00       11.98    
   19.00       11.52    
   20.00       10.97    
   21.00       10.36    
   22.00       9.689    
   23.00       8.976    
   24.00       8.236    
   25.00       7.484    
   26.00       6.738    
   27.00       6.013    
   28.00       5.323    
   29.00       4.680    
   30.00       4.095    
   31.00       3.574    
   32.00       3.122    
   33.00       2.741    
   34.00       2.429    
   35.00       2.183    
   36.00       1.996    
   37.00       1.862    
   38.00       1.771    
   39.00       1.714    
   40.00       1.681    
   41.00       1.665    
   42.00       1.657    
   43.00       1.650    
   44.00       1.639    
   45.00       1.619    
   46.00       1.588    
   47.00       1.543    
   48.00       1.486    
   49.00       1.415    
   50.00       1.334    
   51.00       1.244    
   52.00       1.148    
   53.00       1.048    
   54.00      0.9490    
   55.00      0.8521    
   56.00      0.7600    
   57.00      0.6745    
   58.00      0.5967    
   59.00      0.5275    
   60.00      0.4672    
   61.00      0.4156    
   62.00      0.3724    
   63.00      0.3369    
   64.00      0.3083    
   65.00      0.2855    
   66.00      0.2675    
   67.00      0.2531    
   68.00      0.2413    
   69.00      0.2313    
   70.00      0.2223    
   71.00      0.2137    
   72.00      0.2052    
   73.00      0.1965    
   74.00      0.1877    
   75.00      0.1789    
   76.00      0.1700    
   77.00      0.1613    
   78.00      0.1531    
   79.00      0.1453    
   80.00      0.1384    
 END
