#  81 angles,  1 tensor ranks for 0=projectile
@subtitle   "39K(3He,d)40Ca 21 MeV DWBA ZR 8851 keV Jpi=1- l=1 n=2 j=1/2"                   
@legend ON
@legend x1 0.2
@legend y1 0.8
@g0 type LOGY
@yaxis ticklabel format power
@legend string   0 "Lab energy =   21.0000"
#legend string   0 "Partition=  2 Excit=  1 near/far= 1"
#  Theta       sigma       iT11        T20         T21         T22         Kyy for projectile
   0.000       13.43    
   1.000       13.39    
   2.000       13.28    
   3.000       13.08    
   4.000       12.79    
   5.000       12.41    
   6.000       11.93    
   7.000       11.35    
   8.000       10.68    
   9.000       9.920    
   10.00       9.093    
   11.00       8.219    
   12.00       7.325    
   13.00       6.442    
   14.00       5.602    
   15.00       4.832    
   16.00       4.156    
   17.00       3.593    
   18.00       3.149    
   19.00       2.826    
   20.00       2.616    
   21.00       2.503    
   22.00       2.469    
   23.00       2.492    
   24.00       2.548    
   25.00       2.616    
   26.00       2.679    
   27.00       2.719    
   28.00       2.728    
   29.00       2.698    
   30.00       2.627    
   31.00       2.518    
   32.00       2.374    
   33.00       2.202    
   34.00       2.011    
   35.00       1.809    
   36.00       1.605    
   37.00       1.406    
   38.00       1.218    
   39.00       1.046    
   40.00      0.8917    
   41.00      0.7580    
   42.00      0.6445    
   43.00      0.5504    
   44.00      0.4740    
   45.00      0.4133    
   46.00      0.3658    
   47.00      0.3292    
   48.00      0.3011    
   49.00      0.2797    
   50.00      0.2634    
   51.00      0.2508    
   52.00      0.2413    
   53.00      0.2342    
   54.00      0.2292    
   55.00      0.2263    
   56.00      0.2254    
   57.00      0.2264    
   58.00      0.2294    
   59.00      0.2342    
   60.00      0.2405    
   61.00      0.2480    
   62.00      0.2562    
   63.00      0.2648    
   64.00      0.2730    
   65.00      0.2804    
   66.00      0.2864    
   67.00      0.2904    
   68.00      0.2920    
   69.00      0.2910    
   70.00      0.2870    
   71.00      0.2800    
   72.00      0.2702    
   73.00      0.2576    
   74.00      0.2427    
   75.00      0.2259    
   76.00      0.2075    
   77.00      0.1881    
   78.00      0.1682    
   79.00      0.1483    
   80.00      0.1289    
 END
