#  81 angles,  1 tensor ranks for 0=projectile
@subtitle   "39K(3He,d)40Ca 21 MeV DWBA ZR 8935 keV Jpi=2+ l=0 n=3 j=1/2"                   
@legend ON
@legend x1 0.2
@legend y1 0.8
@g0 type LOGY
@yaxis ticklabel format power
@legend string   0 "Lab energy =   21.0000"
#legend string   0 "Partition=  2 Excit=  1 near/far= 1"
#  Theta       sigma       iT11        T20         T21         T22         Kyy for projectile
   0.000       48.12    
   1.000       47.53    
   2.000       45.80    
   3.000       43.04    
   4.000       39.43    
   5.000       35.18    
   6.000       30.55    
   7.000       25.79    
   8.000       21.14    
   9.000       16.81    
   10.00       12.98    
   11.00       9.743    
   12.00       7.160    
   13.00       5.229    
   14.00       3.902    
   15.00       3.095    
   16.00       2.703    
   17.00       2.610    
   18.00       2.706    
   19.00       2.893    
   20.00       3.091    
   21.00       3.244    
   22.00       3.322    
   23.00       3.312    
   24.00       3.221    
   25.00       3.068    
   26.00       2.878    
   27.00       2.680    
   28.00       2.497    
   29.00       2.352    
   30.00       2.256    
   31.00       2.217    
   32.00       2.231    
   33.00       2.292    
   34.00       2.387    
   35.00       2.501    
   36.00       2.618    
   37.00       2.723    
   38.00       2.803    
   39.00       2.846    
   40.00       2.847    
   41.00       2.802    
   42.00       2.711    
   43.00       2.578    
   44.00       2.407    
   45.00       2.208    
   46.00       1.988    
   47.00       1.757    
   48.00       1.523    
   49.00       1.295    
   50.00       1.080    
   51.00      0.8829    
   52.00      0.7086    
   53.00      0.5597    
   54.00      0.4376    
   55.00      0.3423    
   56.00      0.2728    
   57.00      0.2273    
   58.00      0.2031    
   59.00      0.1972    
   60.00      0.2062    
   61.00      0.2269    
   62.00      0.2558    
   63.00      0.2899    
   64.00      0.3262    
   65.00      0.3623    
   66.00      0.3961    
   67.00      0.4259    
   68.00      0.4503    
   69.00      0.4685    
   70.00      0.4800    
   71.00      0.4844    
   72.00      0.4820    
   73.00      0.4731    
   74.00      0.4582    
   75.00      0.4380    
   76.00      0.4134    
   77.00      0.3853    
   78.00      0.3546    
   79.00      0.3222    
   80.00      0.2891    
 END
