#  81 angles,  1 tensor ranks for 0=projectile
@subtitle   "39K(3He,d)40Ca 21 MeV DWBA ZR 9227.43 keV Jpi=1+ l=2 n=3 j=5/2"                
@legend ON
@legend x1 0.2
@legend y1 0.8
@g0 type LOGY
@yaxis ticklabel format power
@legend string   0 "Lab energy =   21.0000"
#legend string   0 "Partition=  2 Excit=  1 near/far= 1"
#  Theta       sigma       iT11        T20         T21         T22         Kyy for projectile
   0.000       13.35    
   1.000       13.37    
   2.000       13.42    
   3.000       13.51    
   4.000       13.62    
   5.000       13.73    
   6.000       13.85    
   7.000       13.95    
   8.000       14.01    
   9.000       14.01    
   10.00       13.95    
   11.00       13.80    
   12.00       13.55    
   13.00       13.21    
   14.00       12.75    
   15.00       12.20    
   16.00       11.56    
   17.00       10.84    
   18.00       10.06    
   19.00       9.253    
   20.00       8.431    
   21.00       7.618    
   22.00       6.835    
   23.00       6.099    
   24.00       5.424    
   25.00       4.820    
   26.00       4.290    
   27.00       3.838    
   28.00       3.459    
   29.00       3.147    
   30.00       2.895    
   31.00       2.691    
   32.00       2.526    
   33.00       2.388    
   34.00       2.268    
   35.00       2.158    
   36.00       2.051    
   37.00       1.943    
   38.00       1.830    
   39.00       1.712    
   40.00       1.590    
   41.00       1.464    
   42.00       1.338    
   43.00       1.214    
   44.00       1.094    
   45.00      0.9831    
   46.00      0.8821    
   47.00      0.7932    
   48.00      0.7173    
   49.00      0.6550    
   50.00      0.6058    
   51.00      0.5688    
   52.00      0.5425    
   53.00      0.5251    
   54.00      0.5145    
   55.00      0.5086    
   56.00      0.5053    
   57.00      0.5029    
   58.00      0.4996    
   59.00      0.4943    
   60.00      0.4859    
   61.00      0.4739    
   62.00      0.4581    
   63.00      0.4385    
   64.00      0.4157    
   65.00      0.3901    
   66.00      0.3624    
   67.00      0.3336    
   68.00      0.3044    
   69.00      0.2756    
   70.00      0.2479    
   71.00      0.2221    
   72.00      0.1985    
   73.00      0.1776    
   74.00      0.1595    
   75.00      0.1442    
   76.00      0.1318    
   77.00      0.1220    
   78.00      0.1146    
   79.00      0.1093    
   80.00      0.1056    
 END
