     0.0   1.500      1
     0.0   3.002     -1
     1.0   13.51      1
     1.0   27.02     -1
     2.0   30.03      1
     2.0   60.06     -1
     3.0   42.07      1
     3.0   84.06     -1
     4.0   53.94      1
     4.0   107.9     -1
     5.0   65.91      1
     5.0   131.3     -1
     6.0   75.56      1
     6.0   152.4     -1
     7.0   86.03      1
     7.0   168.2     -1
     8.0   84.10      1
     8.0   172.0     -1
     9.0   80.55      1
     9.0   158.9     -1
    10.0   64.85      1
    10.0   129.9     -1
    11.0   44.16      1
    11.0   91.83     -1
    12.0   30.78      1
    12.0   56.62     -1
    13.0   14.29      1
    13.0   31.93     -1
    14.0   9.664      1
    14.0   17.45     -1
    15.0   4.211      1
    15.0   9.440     -1
    16.0   2.813      1
    16.0   5.080     -1
    17.0   1.213      1
    17.0   2.720     -1
    18.0  0.8034      1
    18.0   1.450     -1
    19.0  0.3433      1
    19.0  0.7699     -1
    20.0  0.2257      1
    20.0  0.4072     -1
    21.0  0.9563E-01  1
    21.0  0.2146     -1
    22.0  0.6249E-01  1
    22.0  0.1127     -1
    23.0  0.2630E-01  1
    23.0  0.5903E-01 -1
    24.0  0.1710E-01  1
    24.0  0.3083E-01 -1
    25.0  0.7156E-02  1
    25.0  0.1606E-01 -1
    26.0  0.4631E-02  1
    26.0  0.8351E-02 -1
    27.0  0.1929E-02  1
    27.0  0.4331E-02 -1
    28.0  0.1244E-02  1
    28.0  0.2242E-02 -1
    29.0  0.5161E-03  1
    29.0  0.1159E-02 -1
    30.0  0.3314E-03  1
    30.0  0.5976E-03 -1
