     0.0   1.501      1
     0.0   2.999     -1
     1.0   13.49      1
     1.0   27.01     -1
     2.0   30.02      1
     2.0   60.06     -1
     3.0   42.03      1
     3.0   84.08     -1
     4.0   53.98      1
     4.0   108.0     -1
     5.0   65.88      1
     5.0   131.5     -1
     6.0   76.28      1
     6.0   153.4     -1
     7.0   86.18      1
     7.0   169.6     -1
     8.0   85.01      1
     8.0   173.4     -1
     9.0   80.57      1
     9.0   159.6     -1
    10.0   65.22      1
    10.0   130.2     -1
    11.0   44.14      1
    11.0   91.99     -1
    12.0   30.86      1
    12.0   56.69     -1
    13.0   14.29      1
    13.0   31.97     -1
    14.0   9.678      1
    14.0   17.46     -1
    15.0   4.211      1
    15.0   9.446     -1
    16.0   2.816      1
    16.0   5.082     -1
    17.0   1.213      1
    17.0   2.721     -1
    18.0  0.8039      1
    18.0   1.451     -1
    19.0  0.3433      1
    19.0  0.7701     -1
    20.0  0.2257      1
    20.0  0.4072     -1
    21.0  0.9562E-01  1
    21.0  0.2146     -1
    22.0  0.6251E-01  1
    22.0  0.1127     -1
    23.0  0.2630E-01  1
    23.0  0.5904E-01 -1
    24.0  0.1710E-01  1
    24.0  0.3084E-01 -1
    25.0  0.7155E-02  1
    25.0  0.1607E-01 -1
    26.0  0.4632E-02  1
    26.0  0.8351E-02 -1
    27.0  0.1929E-02  1
    27.0  0.4331E-02 -1
    28.0  0.1243E-02  1
    28.0  0.2242E-02 -1
    29.0  0.5159E-03  1
    29.0  0.1158E-02 -1
    30.0  0.3313E-03  1
    30.0  0.5975E-03 -1
