#  81 angles,  1 tensor ranks for 0=projectile
@subtitle   "39K(3He,d)40Ca 21 MeV DWBA ZR 9538 keV Jpi=1- l=3 n=2 j=5/2"                   
@legend ON
@legend x1 0.2
@legend y1 0.8
@g0 type LOGY
@yaxis ticklabel format power
@legend string   0 "Lab energy =   21.0000"
#legend string   0 "Partition=  2 Excit=  1 near/far= 1"
#  Theta       sigma       iT11        T20         T21         T22         Kyy for projectile
   0.000       4.476    
   1.000       4.485    
   2.000       4.511    
   3.000       4.553    
   4.000       4.609    
   5.000       4.677    
   6.000       4.753    
   7.000       4.832    
   8.000       4.909    
   9.000       4.981    
   10.00       5.041    
   11.00       5.084    
   12.00       5.107    
   13.00       5.104    
   14.00       5.074    
   15.00       5.012    
   16.00       4.919    
   17.00       4.792    
   18.00       4.634    
   19.00       4.445    
   20.00       4.228    
   21.00       3.988    
   22.00       3.728    
   23.00       3.455    
   24.00       3.173    
   25.00       2.888    
   26.00       2.607    
   27.00       2.333    
   28.00       2.073    
   29.00       1.831    
   30.00       1.610    
   31.00       1.413    
   32.00       1.242    
   33.00       1.097    
   34.00      0.9771    
   35.00      0.8821    
   36.00      0.8094    
   37.00      0.7561    
   38.00      0.7192    
   39.00      0.6952    
   40.00      0.6807    
   41.00      0.6726    
   42.00      0.6679    
   43.00      0.6641    
   44.00      0.6590    
   45.00      0.6511    
   46.00      0.6390    
   47.00      0.6222    
   48.00      0.6004    
   49.00      0.5738    
   50.00      0.5428    
   51.00      0.5083    
   52.00      0.4713    
   53.00      0.4328    
   54.00      0.3938    
   55.00      0.3555    
   56.00      0.3187    
   57.00      0.2841    
   58.00      0.2523    
   59.00      0.2236    
   60.00      0.1982    
   61.00      0.1762    
   62.00      0.1574    
   63.00      0.1417    
   64.00      0.1287    
   65.00      0.1182    
   66.00      0.1097    
   67.00      0.1028    
   68.00      0.9714E-01
   69.00      0.9243E-01
   70.00      0.8833E-01
   71.00      0.8462E-01
   72.00      0.8112E-01
   73.00      0.7771E-01
   74.00      0.7434E-01
   75.00      0.7098E-01
   76.00      0.6765E-01
   77.00      0.6439E-01
   78.00      0.6126E-01
   79.00      0.5833E-01
   80.00      0.5567E-01
 END
