     0.0   1.502      1
     0.0   3.005     -1
     1.0   13.51      1
     1.0   27.03     -1
     2.0   29.98      1
     2.0   60.02     -1
     3.0   41.96      1
     3.0   83.97     -1
     4.0   53.79      1
     4.0   107.8     -1
     5.0   65.61      1
     5.0   131.1     -1
     6.0   75.65      1
     6.0   152.4     -1
     7.0   85.19      1
     7.0   167.8     -1
     8.0   83.57      1
     8.0   170.9     -1
     9.0   79.80      1
     9.0   157.2     -1
    10.0   63.80      1
    10.0   128.0     -1
    11.0   43.62      1
    11.0   90.50     -1
    12.0   30.32      1
    12.0   55.87     -1
    13.0   14.16      1
    13.0   31.57     -1
    14.0   9.560      1
    14.0   17.28     -1
    15.0   4.184      1
    15.0   9.367     -1
    16.0   2.793      1
    16.0   5.047     -1
    17.0   1.208      1
    17.0   2.706     -1
    18.0  0.7995      1
    18.0   1.444     -1
    19.0  0.3422      1
    19.0  0.7671     -1
    20.0  0.2249      1
    20.0  0.4059     -1
    21.0  0.9543E-01  1
    21.0  0.2140     -1
    22.0  0.6234E-01  1
    22.0  0.1125     -1
    23.0  0.2626E-01  1
    23.0  0.5893E-01 -1
    24.0  0.1707E-01  1
    24.0  0.3079E-01 -1
    25.0  0.7149E-02  1
    25.0  0.1605E-01 -1
    26.0  0.4627E-02  1
    26.0  0.8343E-02 -1
    27.0  0.1928E-02  1
    27.0  0.4329E-02 -1
    28.0  0.1243E-02  1
    28.0  0.2241E-02 -1
    29.0  0.5160E-03  1
    29.0  0.1158E-02 -1
    30.0  0.3312E-03  1
    30.0  0.5974E-03 -1
