#  81 angles,  1 tensor ranks for 0=projectile
@subtitle   "39K(3He,d)40Ca 21 MeV DWBA ZR 8359 keV Jpi=2- l=1 n=3 j=3/2"                   
@legend ON
@legend x1 0.2
@legend y1 0.8
@g0 type LOGY
@yaxis ticklabel format power
@legend string   0 "Lab energy =   21.0000"
#legend string   0 "Partition=  2 Excit=  1 near/far= 1"
#  Theta       sigma       iT11        T20         T21         T22         Kyy for projectile
   0.000       43.47    
   1.000       43.42    
   2.000       43.29    
   3.000       43.02    
   4.000       42.56    
   5.000       41.86    
   6.000       40.85    
   7.000       39.47    
   8.000       37.71    
   9.000       35.56    
   10.00       33.07    
   11.00       30.28    
   12.00       27.30    
   13.00       24.23    
   14.00       21.19    
   15.00       18.31    
   16.00       15.68    
   17.00       13.38    
   18.00       11.47    
   19.00       9.967    
   20.00       8.859    
   21.00       8.108    
   22.00       7.655    
   23.00       7.428    
   24.00       7.351    
   25.00       7.351    
   26.00       7.363    
   27.00       7.334    
   28.00       7.228    
   29.00       7.022    
   30.00       6.710    
   31.00       6.299    
   32.00       5.805    
   33.00       5.253    
   34.00       4.669    
   35.00       4.082    
   36.00       3.519    
   37.00       3.003    
   38.00       2.550    
   39.00       2.173    
   40.00       1.875    
   41.00       1.656    
   42.00       1.511    
   43.00       1.429    
   44.00       1.401    
   45.00       1.412    
   46.00       1.449    
   47.00       1.500    
   48.00       1.554    
   49.00       1.601    
   50.00       1.634    
   51.00       1.648    
   52.00       1.641    
   53.00       1.612    
   54.00       1.562    
   55.00       1.494    
   56.00       1.411    
   57.00       1.315    
   58.00       1.213    
   59.00       1.106    
   60.00       1.000    
   61.00      0.8964    
   62.00      0.7984    
   63.00      0.7077    
   64.00      0.6258    
   65.00      0.5533    
   66.00      0.4905    
   67.00      0.4372    
   68.00      0.3927    
   69.00      0.3564    
   70.00      0.3273    
   71.00      0.3043    
   72.00      0.2866    
   73.00      0.2731    
   74.00      0.2629    
   75.00      0.2554    
   76.00      0.2497    
   77.00      0.2452    
   78.00      0.2415    
   79.00      0.2383    
   80.00      0.2351    
 END
