#  81 angles,  1 tensor ranks for 0=projectile
@subtitle   "39K(3He,d)40Ca 21 MeV DWBA ZR 9227.43 keV Jpi=1- l=3 n=2 j=5/2"                
@legend ON
@legend x1 0.2
@legend y1 0.8
@g0 type LOGY
@yaxis ticklabel format power
@xaxis label "Scattering angle (degrees)"
@yaxis label "Cross section (mb/sr)"
@legend string   0 "Partition=  1 Excit=  1 near/far= 1"
#legend string   0 "Lab energy =   21.0000"
@s0 linestyle   1
#  Theta       sigma       iT11        T20         T21         T22         Kyy for projectile
  0.1000E-01   1.000    
   1.000      0.9997    
   2.000       1.001    
   3.000      0.9801    
   4.000      0.9937    
   5.000       1.036    
   6.000       1.069    
   7.000       1.070    
   8.000       1.043    
   9.000       1.001    
   10.00      0.9589    
   11.00      0.9259    
   12.00      0.9030    
   13.00      0.8865    
   14.00      0.8704    
   15.00      0.8486    
   16.00      0.8173    
   17.00      0.7752    
   18.00      0.7238    
   19.00      0.6664    
   20.00      0.6075    
   21.00      0.5518    
   22.00      0.5029    
   23.00      0.4636    
   24.00      0.4347    
   25.00      0.4158    
   26.00      0.4051    
   27.00      0.3999    
   28.00      0.3972    
   29.00      0.3941    
   30.00      0.3882    
   31.00      0.3777    
   32.00      0.3620    
   33.00      0.3412    
   34.00      0.3163    
   35.00      0.2889    
   36.00      0.2608    
   37.00      0.2340    
   38.00      0.2104    
   39.00      0.1911    
   40.00      0.1770    
   41.00      0.1682    
   42.00      0.1644    
   43.00      0.1646    
   44.00      0.1677    
   45.00      0.1721    
   46.00      0.1765    
   47.00      0.1796    
   48.00      0.1803    
   49.00      0.1779    
   50.00      0.1722    
   51.00      0.1633    
   52.00      0.1516    
   53.00      0.1378    
   54.00      0.1229    
   55.00      0.1077    
   56.00      0.9318E-01
   57.00      0.8011E-01
   58.00      0.6912E-01
   59.00      0.6059E-01
   60.00      0.5467E-01
   61.00      0.5129E-01
   62.00      0.5018E-01
   63.00      0.5093E-01
   64.00      0.5301E-01
   65.00      0.5587E-01
   66.00      0.5895E-01
   67.00      0.6177E-01
   68.00      0.6392E-01
   69.00      0.6510E-01
   70.00      0.6515E-01
   71.00      0.6402E-01
   72.00      0.6176E-01
   73.00      0.5853E-01
   74.00      0.5453E-01
   75.00      0.5000E-01
   76.00      0.4522E-01
   77.00      0.4042E-01
   78.00      0.3583E-01
   79.00      0.3163E-01
   80.00      0.2793E-01
 END
@legend string   1 "Partition=  2 Excit=  1 near/far= 1"
#legend string   0 "Lab energy =   21.0000"
@s1 linestyle   2
#  Theta       sigma       iT11        T20         T21         T22         Kyy for projectile
   0.000       4.676    
   1.000       4.686    
   2.000       4.717    
   3.000       4.767    
   4.000       4.835    
   5.000       4.916    
   6.000       5.007    
   7.000       5.103    
   8.000       5.199    
   9.000       5.288    
   10.00       5.364    
   11.00       5.423    
   12.00       5.460    
   13.00       5.469    
   14.00       5.449    
   15.00       5.396    
   16.00       5.307    
   17.00       5.182    
   18.00       5.020    
   19.00       4.823    
   20.00       4.594    
   21.00       4.337    
   22.00       4.056    
   23.00       3.757    
   24.00       3.448    
   25.00       3.134    
   26.00       2.823    
   27.00       2.521    
   28.00       2.234    
   29.00       1.966    
   30.00       1.722    
   31.00       1.505    
   32.00       1.316    
   33.00       1.157    
   34.00       1.027    
   35.00      0.9239    
   36.00      0.8455    
   37.00      0.7888    
   38.00      0.7500    
   39.00      0.7256    
   40.00      0.7116    
   41.00      0.7044    
   42.00      0.7007    
   43.00      0.6977    
   44.00      0.6929    
   45.00      0.6845    
   46.00      0.6713    
   47.00      0.6527    
   48.00      0.6284    
   49.00      0.5989    
   50.00      0.5649    
   51.00      0.5272    
   52.00      0.4871    
   53.00      0.4457    
   54.00      0.4041    
   55.00      0.3634    
   56.00      0.3245    
   57.00      0.2882    
   58.00      0.2551    
   59.00      0.2256    
   60.00      0.1997    
   61.00      0.1776    
   62.00      0.1591    
   63.00      0.1438    
   64.00      0.1313    
   65.00      0.1214    
   66.00      0.1135    
   67.00      0.1071    
   68.00      0.1019    
   69.00      0.9746E-01
   70.00      0.9355E-01
   71.00      0.8989E-01
   72.00      0.8633E-01
   73.00      0.8275E-01
   74.00      0.7911E-01
   75.00      0.7541E-01
   76.00      0.7171E-01
   77.00      0.6807E-01
   78.00      0.6458E-01
   79.00      0.6134E-01
   80.00      0.5843E-01
 END
