#  81 angles,  1 tensor ranks for 0=projectile
@subtitle   "39K(3He,d)40Ca 21 MeV DWBA ZR 9227.43 keV Jpi=1- l=3 n=2 j=5/2"                
@legend ON
@legend x1 0.2
@legend y1 0.8
@g0 type LOGY
@yaxis ticklabel format power
@legend string   0 "Lab energy =   21.0000"
#legend string   0 "Partition=  2 Excit=  1 near/far= 1"
#  Theta       sigma       iT11        T20         T21         T22         Kyy for projectile
   0.000       4.676    
   1.000       4.686    
   2.000       4.717    
   3.000       4.767    
   4.000       4.835    
   5.000       4.916    
   6.000       5.007    
   7.000       5.103    
   8.000       5.199    
   9.000       5.288    
   10.00       5.364    
   11.00       5.423    
   12.00       5.460    
   13.00       5.469    
   14.00       5.449    
   15.00       5.396    
   16.00       5.307    
   17.00       5.182    
   18.00       5.020    
   19.00       4.823    
   20.00       4.594    
   21.00       4.337    
   22.00       4.056    
   23.00       3.757    
   24.00       3.448    
   25.00       3.134    
   26.00       2.823    
   27.00       2.521    
   28.00       2.234    
   29.00       1.966    
   30.00       1.722    
   31.00       1.505    
   32.00       1.316    
   33.00       1.157    
   34.00       1.027    
   35.00      0.9239    
   36.00      0.8455    
   37.00      0.7888    
   38.00      0.7500    
   39.00      0.7256    
   40.00      0.7116    
   41.00      0.7044    
   42.00      0.7007    
   43.00      0.6977    
   44.00      0.6929    
   45.00      0.6845    
   46.00      0.6713    
   47.00      0.6527    
   48.00      0.6284    
   49.00      0.5989    
   50.00      0.5649    
   51.00      0.5272    
   52.00      0.4871    
   53.00      0.4457    
   54.00      0.4041    
   55.00      0.3634    
   56.00      0.3245    
   57.00      0.2882    
   58.00      0.2551    
   59.00      0.2256    
   60.00      0.1997    
   61.00      0.1776    
   62.00      0.1591    
   63.00      0.1438    
   64.00      0.1313    
   65.00      0.1214    
   66.00      0.1135    
   67.00      0.1071    
   68.00      0.1019    
   69.00      0.9746E-01
   70.00      0.9355E-01
   71.00      0.8989E-01
   72.00      0.8633E-01
   73.00      0.8275E-01
   74.00      0.7911E-01
   75.00      0.7541E-01
   76.00      0.7171E-01
   77.00      0.6807E-01
   78.00      0.6458E-01
   79.00      0.6134E-01
   80.00      0.5843E-01
 END
