#  81 angles,  1 tensor ranks for 0=projectile
@subtitle   "39K(3He,d)40Ca 21 MeV DWBA ZR 9227.43 keV Jpi=1+ l=0 n=4 j=1/2"                
@legend ON
@legend x1 0.2
@legend y1 0.8
@g0 type LOGY
@yaxis ticklabel format power
@xaxis label "Scattering angle (degrees)"
@yaxis label "Cross section (mb/sr)"
@legend string   0 "Partition=  1 Excit=  1 near/far= 1"
#legend string   0 "Lab energy =   21.0000"
@s0 linestyle   1
#  Theta       sigma       iT11        T20         T21         T22         Kyy for projectile
  0.1000E-01   1.000    
   1.000      0.9997    
   2.000       1.001    
   3.000      0.9801    
   4.000      0.9937    
   5.000       1.036    
   6.000       1.069    
   7.000       1.070    
   8.000       1.043    
   9.000       1.001    
   10.00      0.9589    
   11.00      0.9259    
   12.00      0.9030    
   13.00      0.8865    
   14.00      0.8704    
   15.00      0.8486    
   16.00      0.8173    
   17.00      0.7752    
   18.00      0.7238    
   19.00      0.6664    
   20.00      0.6075    
   21.00      0.5518    
   22.00      0.5029    
   23.00      0.4636    
   24.00      0.4347    
   25.00      0.4158    
   26.00      0.4051    
   27.00      0.3999    
   28.00      0.3972    
   29.00      0.3941    
   30.00      0.3882    
   31.00      0.3777    
   32.00      0.3620    
   33.00      0.3412    
   34.00      0.3163    
   35.00      0.2889    
   36.00      0.2608    
   37.00      0.2340    
   38.00      0.2104    
   39.00      0.1911    
   40.00      0.1770    
   41.00      0.1682    
   42.00      0.1644    
   43.00      0.1646    
   44.00      0.1677    
   45.00      0.1721    
   46.00      0.1765    
   47.00      0.1796    
   48.00      0.1803    
   49.00      0.1779    
   50.00      0.1722    
   51.00      0.1633    
   52.00      0.1516    
   53.00      0.1378    
   54.00      0.1229    
   55.00      0.1077    
   56.00      0.9318E-01
   57.00      0.8011E-01
   58.00      0.6912E-01
   59.00      0.6059E-01
   60.00      0.5467E-01
   61.00      0.5129E-01
   62.00      0.5018E-01
   63.00      0.5093E-01
   64.00      0.5301E-01
   65.00      0.5587E-01
   66.00      0.5895E-01
   67.00      0.6177E-01
   68.00      0.6392E-01
   69.00      0.6510E-01
   70.00      0.6515E-01
   71.00      0.6402E-01
   72.00      0.6176E-01
   73.00      0.5853E-01
   74.00      0.5453E-01
   75.00      0.5000E-01
   76.00      0.4522E-01
   77.00      0.4042E-01
   78.00      0.3583E-01
   79.00      0.3163E-01
   80.00      0.2793E-01
 END
@legend string   1 "Partition=  2 Excit=  1 near/far= 1"
#legend string   0 "Lab energy =   21.0000"
@s1 linestyle   2
#  Theta       sigma       iT11        T20         T21         T22         Kyy for projectile
   0.000       28.20    
   1.000       27.84    
   2.000       26.76    
   3.000       25.04    
   4.000       22.80    
   5.000       20.18    
   6.000       17.34    
   7.000       14.44    
   8.000       11.65    
   9.000       9.104    
   10.00       6.903    
   11.00       5.117    
   12.00       3.775    
   13.00       2.867    
   14.00       2.354    
   15.00       2.170    
   16.00       2.237    
   17.00       2.469    
   18.00       2.788    
   19.00       3.120    
   20.00       3.410    
   21.00       3.618    
   22.00       3.722    
   23.00       3.717    
   24.00       3.610    
   25.00       3.419    
   26.00       3.166    
   27.00       2.880    
   28.00       2.584    
   29.00       2.302    
   30.00       2.051    
   31.00       1.841    
   32.00       1.679    
   33.00       1.564    
   34.00       1.493    
   35.00       1.458    
   36.00       1.449    
   37.00       1.457    
   38.00       1.471    
   39.00       1.484    
   40.00       1.487    
   41.00       1.476    
   42.00       1.447    
   43.00       1.399    
   44.00       1.333    
   45.00       1.252    
   46.00       1.157    
   47.00       1.053    
   48.00      0.9441    
   49.00      0.8347    
   50.00      0.7283    
   51.00      0.6284    
   52.00      0.5377    
   53.00      0.4582    
   54.00      0.3913    
   55.00      0.3376    
   56.00      0.2971    
   57.00      0.2694    
   58.00      0.2534    
   59.00      0.2478    
   60.00      0.2510    
   61.00      0.2612    
   62.00      0.2767    
   63.00      0.2956    
   64.00      0.3163    
   65.00      0.3372    
   66.00      0.3568    
   67.00      0.3741    
   68.00      0.3879    
   69.00      0.3977    
   70.00      0.4028    
   71.00      0.4030    
   72.00      0.3982    
   73.00      0.3886    
   74.00      0.3745    
   75.00      0.3562    
   76.00      0.3345    
   77.00      0.3100    
   78.00      0.2834    
   79.00      0.2554    
   80.00      0.2269    
 END
