#  81 angles,  1 tensor ranks for 0=projectile
@subtitle   "39K(3He,d)40Ca 21 MeV DWBA ZR 9227.43 keV Jpi=1+ l=0 n=4 j=1/2"                
@legend ON
@legend x1 0.2
@legend y1 0.8
@g0 type LOGY
@yaxis ticklabel format power
@legend string   0 "Lab energy =   21.0000"
#legend string   0 "Partition=  2 Excit=  1 near/far= 1"
#  Theta       sigma       iT11        T20         T21         T22         Kyy for projectile
   0.000       28.20    
   1.000       27.84    
   2.000       26.76    
   3.000       25.04    
   4.000       22.80    
   5.000       20.18    
   6.000       17.34    
   7.000       14.44    
   8.000       11.65    
   9.000       9.104    
   10.00       6.903    
   11.00       5.117    
   12.00       3.775    
   13.00       2.867    
   14.00       2.354    
   15.00       2.170    
   16.00       2.237    
   17.00       2.469    
   18.00       2.788    
   19.00       3.120    
   20.00       3.410    
   21.00       3.618    
   22.00       3.722    
   23.00       3.717    
   24.00       3.610    
   25.00       3.419    
   26.00       3.166    
   27.00       2.880    
   28.00       2.584    
   29.00       2.302    
   30.00       2.051    
   31.00       1.841    
   32.00       1.679    
   33.00       1.564    
   34.00       1.493    
   35.00       1.458    
   36.00       1.449    
   37.00       1.457    
   38.00       1.471    
   39.00       1.484    
   40.00       1.487    
   41.00       1.476    
   42.00       1.447    
   43.00       1.399    
   44.00       1.333    
   45.00       1.252    
   46.00       1.157    
   47.00       1.053    
   48.00      0.9441    
   49.00      0.8347    
   50.00      0.7283    
   51.00      0.6284    
   52.00      0.5377    
   53.00      0.4582    
   54.00      0.3913    
   55.00      0.3376    
   56.00      0.2971    
   57.00      0.2694    
   58.00      0.2534    
   59.00      0.2478    
   60.00      0.2510    
   61.00      0.2612    
   62.00      0.2767    
   63.00      0.2956    
   64.00      0.3163    
   65.00      0.3372    
   66.00      0.3568    
   67.00      0.3741    
   68.00      0.3879    
   69.00      0.3977    
   70.00      0.4028    
   71.00      0.4030    
   72.00      0.3982    
   73.00      0.3886    
   74.00      0.3745    
   75.00      0.3562    
   76.00      0.3345    
   77.00      0.3100    
   78.00      0.2834    
   79.00      0.2554    
   80.00      0.2269    
 END
