     0.0   1.502      1
     0.0   3.004     -1
     1.0   13.52      1
     1.0   27.05     -1
     2.0   30.03      1
     2.0   60.07     -1
     3.0   42.05      1
     3.0   84.05     -1
     4.0   53.88      1
     4.0   107.8     -1
     5.0   65.81      1
     5.0   131.2     -1
     6.0   76.11      1
     6.0   152.9     -1
     7.0   86.15      1
     7.0   169.2     -1
     8.0   84.93      1
     8.0   173.3     -1
     9.0   80.95      1
     9.0   159.6     -1
    10.0   64.87      1
    10.0   130.0     -1
    11.0   44.20      1
    11.0   91.80     -1
    12.0   30.72      1
    12.0   56.57     -1
    13.0   14.30      1
    13.0   31.91     -1
    14.0   9.651      1
    14.0   17.44     -1
    15.0   4.213      1
    15.0   9.437     -1
    16.0   2.812      1
    16.0   5.079     -1
    17.0   1.214      1
    17.0   2.720     -1
    18.0  0.8032      1
    18.0   1.450     -1
    19.0  0.3434      1
    19.0  0.7699     -1
    20.0  0.2256      1
    20.0  0.4072     -1
    21.0  0.9564E-01  1
    21.0  0.2146     -1
    22.0  0.6249E-01  1
    22.0  0.1127     -1
    23.0  0.2630E-01  1
    23.0  0.5904E-01 -1
    24.0  0.1710E-01  1
    24.0  0.3084E-01 -1
    25.0  0.7156E-02  1
    25.0  0.1607E-01 -1
    26.0  0.4631E-02  1
    26.0  0.8351E-02 -1
    27.0  0.1929E-02  1
    27.0  0.4331E-02 -1
    28.0  0.1243E-02  1
    28.0  0.2242E-02 -1
    29.0  0.5160E-03  1
    29.0  0.1158E-02 -1
    30.0  0.3312E-03  1
    30.0  0.5974E-03 -1
