     0.0   1.503      1
     0.0   3.005     -1
     1.0   13.48      1
     1.0   26.99     -1
     2.0   29.96      1
     2.0   59.96     -1
     3.0   41.94      1
     3.0   83.94     -1
     4.0   53.87      1
     4.0   107.9     -1
     5.0   65.78      1
     5.0   131.4     -1
     6.0   76.20      1
     6.0   153.3     -1
     7.0   86.12      1
     7.0   169.7     -1
     8.0   84.75      1
     8.0   173.2     -1
     9.0   80.37      1
     9.0   158.8     -1
    10.0   63.82      1
    10.0   128.1     -1
    11.0   42.74      1
    11.0   89.49     -1
    12.0   30.27      1
    12.0   55.07     -1
    13.0   13.76      1
    13.0   31.16     -1
    14.0   9.553      1
    14.0   17.09     -1
    15.0   4.100      1
    15.0   9.278     -1
    16.0   2.790      1
    16.0   5.005     -1
    17.0   1.190      1
    17.0   2.686     -1
    18.0  0.7986      1
    18.0   1.435     -1
    19.0  0.3384      1
    19.0  0.7628     -1
    20.0  0.2247      1
    20.0  0.4039     -1
    21.0  0.9461E-01  1
    21.0  0.2131     -1
    22.0  0.6228E-01  1
    22.0  0.1120     -1
    23.0  0.2609E-01  1
    23.0  0.5873E-01 -1
    24.0  0.1706E-01  1
    24.0  0.3070E-01 -1
    25.0  0.7116E-02  1
    25.0  0.1601E-01 -1
    26.0  0.4623E-02  1
    26.0  0.8326E-02 -1
    27.0  0.1922E-02  1
    27.0  0.4321E-02 -1
    28.0  0.1243E-02  1
    28.0  0.2239E-02 -1
    29.0  0.5154E-03  1
    29.0  0.1158E-02 -1
    30.0  0.3312E-03  1
    30.0  0.5972E-03 -1
