#  81 angles,  1 tensor ranks for 0=projectile
@subtitle   "39K(3He,d)40Ca 21 MeV DWBA ZR 8271 keV Jpi=3- l=3 n=2 j=5/2"                   
@legend ON
@legend x1 0.2
@legend y1 0.8
@g0 type LOGY
@yaxis ticklabel format power
@legend string   0 "Lab energy =   21.0000"
#legend string   0 "Partition=  2 Excit=  1 near/far= 1"
#  Theta       sigma       iT11        T20         T21         T22         Kyy for projectile
   0.000       11.69    
   1.000       11.73    
   2.000       11.83    
   3.000       12.01    
   4.000       12.24    
   5.000       12.53    
   6.000       12.85    
   7.000       13.21    
   8.000       13.57    
   9.000       13.93    
   10.00       14.26    
   11.00       14.56    
   12.00       14.80    
   13.00       14.96    
   14.00       15.04    
   15.00       15.02    
   16.00       14.89    
   17.00       14.65    
   18.00       14.28    
   19.00       13.80    
   20.00       13.20    
   21.00       12.49    
   22.00       11.70    
   23.00       10.83    
   24.00       9.914    
   25.00       8.974    
   26.00       8.034    
   27.00       7.119    
   28.00       6.248    
   29.00       5.438    
   30.00       4.703    
   31.00       4.053    
   32.00       3.492    
   33.00       3.023    
   34.00       2.644    
   35.00       2.351    
   36.00       2.136    
   37.00       1.988    
   38.00       1.896    
   39.00       1.846    
   40.00       1.826    
   41.00       1.823    
   42.00       1.827    
   43.00       1.827    
   44.00       1.819    
   45.00       1.797    
   46.00       1.758    
   47.00       1.702    
   48.00       1.630    
   49.00       1.543    
   50.00       1.443    
   51.00       1.334    
   52.00       1.220    
   53.00       1.103    
   54.00      0.9874    
   55.00      0.8768    
   56.00      0.7739    
   57.00      0.6807    
   58.00      0.5986    
   59.00      0.5280    
   60.00      0.4688    
   61.00      0.4204    
   62.00      0.3817    
   63.00      0.3513    
   64.00      0.3278    
   65.00      0.3099    
   66.00      0.2960    
   67.00      0.2851    
   68.00      0.2758    
   69.00      0.2674    
   70.00      0.2590    
   71.00      0.2501    
   72.00      0.2404    
   73.00      0.2299    
   74.00      0.2188    
   75.00      0.2071    
   76.00      0.1953    
   77.00      0.1839    
   78.00      0.1731    
   79.00      0.1633    
   80.00      0.1547    
 END
