#  81 angles,  1 tensor ranks for 0=projectile
@subtitle   "39K(3He,d)40Ca 21 MeV DWBA ZR 8425 keV Jpi=2- l=3 n=2 j=7/2"                   
@legend ON
@legend x1 0.2
@legend y1 0.8
@g0 type LOGY
@yaxis ticklabel format power
@xaxis label "Scattering angle (degrees)"
@yaxis label "Cross section (mb/sr)"
@legend string   0 "Partition=  1 Excit=  1 near/far= 1"
#legend string   0 "Lab energy =   21.0000"
@s0 linestyle   1
#  Theta       sigma       iT11        T20         T21         T22         Kyy for projectile
  0.1000E-01   1.000    
   1.000      0.9997    
   2.000       1.001    
   3.000      0.9801    
   4.000      0.9937    
   5.000       1.036    
   6.000       1.069    
   7.000       1.070    
   8.000       1.043    
   9.000       1.001    
   10.00      0.9589    
   11.00      0.9259    
   12.00      0.9030    
   13.00      0.8865    
   14.00      0.8704    
   15.00      0.8486    
   16.00      0.8173    
   17.00      0.7752    
   18.00      0.7238    
   19.00      0.6664    
   20.00      0.6075    
   21.00      0.5518    
   22.00      0.5029    
   23.00      0.4636    
   24.00      0.4347    
   25.00      0.4158    
   26.00      0.4051    
   27.00      0.3999    
   28.00      0.3972    
   29.00      0.3941    
   30.00      0.3882    
   31.00      0.3777    
   32.00      0.3620    
   33.00      0.3412    
   34.00      0.3163    
   35.00      0.2889    
   36.00      0.2608    
   37.00      0.2340    
   38.00      0.2104    
   39.00      0.1911    
   40.00      0.1770    
   41.00      0.1682    
   42.00      0.1644    
   43.00      0.1646    
   44.00      0.1677    
   45.00      0.1721    
   46.00      0.1765    
   47.00      0.1796    
   48.00      0.1803    
   49.00      0.1779    
   50.00      0.1722    
   51.00      0.1633    
   52.00      0.1516    
   53.00      0.1378    
   54.00      0.1229    
   55.00      0.1077    
   56.00      0.9318E-01
   57.00      0.8011E-01
   58.00      0.6912E-01
   59.00      0.6059E-01
   60.00      0.5467E-01
   61.00      0.5129E-01
   62.00      0.5018E-01
   63.00      0.5093E-01
   64.00      0.5301E-01
   65.00      0.5587E-01
   66.00      0.5895E-01
   67.00      0.6177E-01
   68.00      0.6392E-01
   69.00      0.6510E-01
   70.00      0.6515E-01
   71.00      0.6402E-01
   72.00      0.6176E-01
   73.00      0.5853E-01
   74.00      0.5453E-01
   75.00      0.5000E-01
   76.00      0.4522E-01
   77.00      0.4042E-01
   78.00      0.3583E-01
   79.00      0.3163E-01
   80.00      0.2793E-01
 END
@legend string   1 "Partition=  2 Excit=  1 near/far= 1"
#legend string   0 "Lab energy =   21.0000"
@s1 linestyle   2
#  Theta       sigma       iT11        T20         T21         T22         Kyy for projectile
   0.000       9.467    
   1.000       9.486    
   2.000       9.541    
   3.000       9.629    
   4.000       9.746    
   5.000       9.884    
   6.000       10.04    
   7.000       10.19    
   8.000       10.35    
   9.000       10.49    
   10.00       10.61    
   11.00       10.70    
   12.00       10.75    
   13.00       10.76    
   14.00       10.71    
   15.00       10.60    
   16.00       10.42    
   17.00       10.17    
   18.00       9.855    
   19.00       9.473    
   20.00       9.028    
   21.00       8.530    
   22.00       7.988    
   23.00       7.413    
   24.00       6.816    
   25.00       6.211    
   26.00       5.610    
   27.00       5.025    
   28.00       4.467    
   29.00       3.947    
   30.00       3.472    
   31.00       3.049    
   32.00       2.681    
   33.00       2.370    
   34.00       2.115    
   35.00       1.912    
   36.00       1.755    
   37.00       1.638    
   38.00       1.554    
   39.00       1.495    
   40.00       1.454    
   41.00       1.424    
   42.00       1.399    
   43.00       1.373    
   44.00       1.343    
   45.00       1.306    
   46.00       1.259    
   47.00       1.203    
   48.00       1.137    
   49.00       1.062    
   50.00      0.9817    
   51.00      0.8971    
   52.00      0.8112    
   53.00      0.7263    
   54.00      0.6446    
   55.00      0.5682    
   56.00      0.4985    
   57.00      0.4366    
   58.00      0.3832    
   59.00      0.3385    
   60.00      0.3023    
   61.00      0.2742    
   62.00      0.2534    
   63.00      0.2387    
   64.00      0.2291    
   65.00      0.2233    
   66.00      0.2201    
   67.00      0.2183    
   68.00      0.2171    
   69.00      0.2158    
   70.00      0.2137    
   71.00      0.2105    
   72.00      0.2060    
   73.00      0.2001    
   74.00      0.1929    
   75.00      0.1845    
   76.00      0.1752    
   77.00      0.1652    
   78.00      0.1550    
   79.00      0.1449    
   80.00      0.1352    
 END
