#  81 angles,  1 tensor ranks for 0=projectile
@subtitle   "39K(3He,d)40Ca 21 MeV DWBA ZR 8551 keV Jpi=5- l=5 n=1 j=11/2"                  
@legend ON
@legend x1 0.2
@legend y1 0.8
@g0 type LOGY
@yaxis ticklabel format power
@legend string   0 "Lab energy =   21.0000"
#legend string   0 "Partition=  2 Excit=  1 near/far= 1"
#  Theta       sigma       iT11        T20         T21         T22         Kyy for projectile
   0.000      0.5160    
   1.000      0.5160    
   2.000      0.5161    
   3.000      0.5162    
   4.000      0.5167    
   5.000      0.5176    
   6.000      0.5194    
   7.000      0.5222    
   8.000      0.5263    
   9.000      0.5322    
   10.00      0.5401    
   11.00      0.5501    
   12.00      0.5625    
   13.00      0.5774    
   14.00      0.5947    
   15.00      0.6143    
   16.00      0.6363    
   17.00      0.6602    
   18.00      0.6857    
   19.00      0.7126    
   20.00      0.7404    
   21.00      0.7685    
   22.00      0.7965    
   23.00      0.8237    
   24.00      0.8496    
   25.00      0.8733    
   26.00      0.8943    
   27.00      0.9119    
   28.00      0.9253    
   29.00      0.9341    
   30.00      0.9376    
   31.00      0.9355    
   32.00      0.9274    
   33.00      0.9133    
   34.00      0.8933    
   35.00      0.8676    
   36.00      0.8366    
   37.00      0.8009    
   38.00      0.7611    
   39.00      0.7181    
   40.00      0.6727    
   41.00      0.6257    
   42.00      0.5780    
   43.00      0.5305    
   44.00      0.4840    
   45.00      0.4392    
   46.00      0.3968    
   47.00      0.3573    
   48.00      0.3213    
   49.00      0.2889    
   50.00      0.2605    
   51.00      0.2360    
   52.00      0.2155    
   53.00      0.1986    
   54.00      0.1851    
   55.00      0.1747    
   56.00      0.1670    
   57.00      0.1614    
   58.00      0.1575    
   59.00      0.1550    
   60.00      0.1533    
   61.00      0.1521    
   62.00      0.1511    
   63.00      0.1501    
   64.00      0.1488    
   65.00      0.1471    
   66.00      0.1449    
   67.00      0.1421    
   68.00      0.1388    
   69.00      0.1349    
   70.00      0.1306    
   71.00      0.1259    
   72.00      0.1209    
   73.00      0.1157    
   74.00      0.1105    
   75.00      0.1052    
   76.00      0.1001    
   77.00      0.9519E-01
   78.00      0.9051E-01
   79.00      0.8611E-01
   80.00      0.8202E-01
 END
