#  81 angles,  1 tensor ranks for 0=projectile
@subtitle   "39K(3He,d)40Ca 21 MeV DWBA ZR 5614 keV Jpi=4- l=3 n=1 j=7/2"                   
@legend ON
@legend x1 0.2
@legend y1 0.8
@g0 type LOGY
@yaxis ticklabel format power
@legend string   0 "Lab energy =   21.0000"
#legend string   0 "Partition=  2 Excit=  1 near/far= 1"
#  Theta       sigma       iT11        T20         T21         T22         Kyy for projectile
   0.000       2.235    
   1.000       2.238    
   2.000       2.247    
   3.000       2.261    
   4.000       2.284    
   5.000       2.315    
   6.000       2.359    
   7.000       2.415    
   8.000       2.489    
   9.000       2.581    
   10.00       2.694    
   11.00       2.826    
   12.00       2.978    
   13.00       3.143    
   14.00       3.317    
   15.00       3.491    
   16.00       3.655    
   17.00       3.798    
   18.00       3.908    
   19.00       3.977    
   20.00       3.996    
   21.00       3.959    
   22.00       3.865    
   23.00       3.714    
   24.00       3.512    
   25.00       3.265    
   26.00       2.983    
   27.00       2.679    
   28.00       2.364    
   29.00       2.051    
   30.00       1.750    
   31.00       1.473    
   32.00       1.227    
   33.00       1.016    
   34.00      0.8431    
   35.00      0.7091    
   36.00      0.6116    
   37.00      0.5469    
   38.00      0.5098    
   39.00      0.4945    
   40.00      0.4950    
   41.00      0.5053    
   42.00      0.5200    
   43.00      0.5346    
   44.00      0.5454    
   45.00      0.5499    
   46.00      0.5465    
   47.00      0.5349    
   48.00      0.5153    
   49.00      0.4888    
   50.00      0.4568    
   51.00      0.4213    
   52.00      0.3839    
   53.00      0.3466    
   54.00      0.3108    
   55.00      0.2778    
   56.00      0.2484    
   57.00      0.2231    
   58.00      0.2022    
   59.00      0.1854    
   60.00      0.1724    
   61.00      0.1626    
   62.00      0.1554    
   63.00      0.1500    
   64.00      0.1459    
   65.00      0.1423    
   66.00      0.1388    
   67.00      0.1350    
   68.00      0.1307    
   69.00      0.1258    
   70.00      0.1203    
   71.00      0.1143    
   72.00      0.1081    
   73.00      0.1018    
   74.00      0.9583E-01
   75.00      0.9037E-01
   76.00      0.8565E-01
   77.00      0.8185E-01
   78.00      0.7909E-01
   79.00      0.7743E-01
   80.00      0.7686E-01
 END
