     0.0   1.503      1
     0.0   3.006     -1
     1.0   13.53      1
     1.0   27.06     -1
     2.0   30.05      1
     2.0   60.11     -1
     3.0   42.07      1
     3.0   84.12     -1
     4.0   53.98      1
     4.0   108.0     -1
     5.0   65.90      1
     5.0   131.5     -1
     6.0   76.29      1
     6.0   153.4     -1
     7.0   86.36      1
     7.0   170.0     -1
     8.0   85.17      1
     8.0   174.0     -1
     9.0   81.11      1
     9.0   160.2     -1
    10.0   64.91      1
    10.0   130.1     -1
    11.0   44.09      1
    11.0   91.59     -1
    12.0   30.64      1
    12.0   56.37     -1
    13.0   14.22      1
    13.0   31.79     -1
    14.0   9.627      1
    14.0   17.38     -1
    15.0   4.197      1
    15.0   9.409     -1
    16.0   2.806      1
    16.0   5.065     -1
    17.0   1.210      1
    17.0   2.714     -1
    18.0  0.8019      1
    18.0   1.447     -1
    19.0  0.3427      1
    19.0  0.7686     -1
    20.0  0.2253      1
    20.0  0.4066     -1
    21.0  0.9550E-01  1
    21.0  0.2143     -1
    22.0  0.6242E-01  1
    22.0  0.1126     -1
    23.0  0.2627E-01  1
    23.0  0.5897E-01 -1
    24.0  0.1708E-01  1
    24.0  0.3081E-01 -1
    25.0  0.7149E-02  1
    25.0  0.1605E-01 -1
    26.0  0.4628E-02  1
    26.0  0.8344E-02 -1
    27.0  0.1927E-02  1
    27.0  0.4328E-02 -1
    28.0  0.1242E-02  1
    28.0  0.2240E-02 -1
    29.0  0.5153E-03  1
    29.0  0.1157E-02 -1
    30.0  0.3307E-03  1
    30.0  0.5963E-03 -1
