     0.0   1.498      1
     0.0   2.996     -1
     1.0   13.46      1
     1.0   26.96     -1
     2.0   29.93      1
     2.0   59.93     -1
     3.0   41.95      1
     3.0   83.96     -1
     4.0   53.88      1
     4.0   107.9     -1
     5.0   65.82      1
     5.0   131.4     -1
     6.0   76.13      1
     6.0   153.1     -1
     7.0   85.98      1
     7.0   169.2     -1
     8.0   84.60      1
     8.0   172.3     -1
     9.0   79.87      1
     9.0   158.3     -1
    10.0   64.43      1
    10.0   128.9     -1
    11.0   43.84      1
    11.0   91.22     -1
    12.0   30.65      1
    12.0   56.33     -1
    13.0   14.23      1
    13.0   31.81     -1
    14.0   9.642      1
    14.0   17.40     -1
    15.0   4.200      1
    15.0   9.420     -1
    16.0   2.810      1
    16.0   5.071     -1
    17.0   1.212      1
    17.0   2.717     -1
    18.0  0.8028      1
    18.0   1.449     -1
    19.0  0.3430      1
    19.0  0.7694     -1
    20.0  0.2256      1
    20.0  0.4069     -1
    21.0  0.9558E-01  1
    21.0  0.2145     -1
    22.0  0.6247E-01  1
    22.0  0.1127     -1
    23.0  0.2629E-01  1
    23.0  0.5902E-01 -1
    24.0  0.1710E-01  1
    24.0  0.3083E-01 -1
    25.0  0.7154E-02  1
    25.0  0.1606E-01 -1
    26.0  0.4631E-02  1
    26.0  0.8349E-02 -1
    27.0  0.1929E-02  1
    27.0  0.4331E-02 -1
    28.0  0.1243E-02  1
    28.0  0.2242E-02 -1
    29.0  0.5156E-03  1
    29.0  0.1158E-02 -1
    30.0  0.3309E-03  1
    30.0  0.5958E-03 -1
