#  81 angles,  1 tensor ranks for 0=projectile
@subtitle   "39K(3He,d)40Ca 21 MeV DWBA ZR 9662 keV Jpi=3- l=3 n=2 j=7/2"                   
@legend ON
@legend x1 0.2
@legend y1 0.8
@g0 type LOGY
@yaxis ticklabel format power
@legend string   0 "Lab energy =   21.0000"
#legend string   0 "Partition=  2 Excit=  1 near/far= 1"
#  Theta       sigma       iT11        T20         T21         T22         Kyy for projectile
   0.000       11.39    
   1.000       11.40    
   2.000       11.43    
   3.000       11.48    
   4.000       11.55    
   5.000       11.63    
   6.000       11.71    
   7.000       11.79    
   8.000       11.85    
   9.000       11.89    
   10.00       11.90    
   11.00       11.87    
   12.00       11.79    
   13.00       11.66    
   14.00       11.48    
   15.00       11.24    
   16.00       10.95    
   17.00       10.60    
   18.00       10.19    
   19.00       9.735    
   20.00       9.234    
   21.00       8.694    
   22.00       8.125    
   23.00       7.538    
   24.00       6.941    
   25.00       6.348    
   26.00       5.767    
   27.00       5.209    
   28.00       4.681    
   29.00       4.192    
   30.00       3.746    
   31.00       3.349    
   32.00       3.001    
   33.00       2.705    
   34.00       2.457    
   35.00       2.256    
   36.00       2.096    
   37.00       1.973    
   38.00       1.880    
   39.00       1.810    
   40.00       1.758    
   41.00       1.716    
   42.00       1.680    
   43.00       1.646    
   44.00       1.608    
   45.00       1.564    
   46.00       1.512    
   47.00       1.451    
   48.00       1.381    
   49.00       1.303    
   50.00       1.218    
   51.00       1.128    
   52.00       1.034    
   53.00      0.9399    
   54.00      0.8471    
   55.00      0.7578    
   56.00      0.6737    
   57.00      0.5963    
   58.00      0.5266    
   59.00      0.4652    
   60.00      0.4125    
   61.00      0.3683    
   62.00      0.3322    
   63.00      0.3035    
   64.00      0.2815    
   65.00      0.2651    
   66.00      0.2532    
   67.00      0.2448    
   68.00      0.2389    
   69.00      0.2346    
   70.00      0.2311    
   71.00      0.2278    
   72.00      0.2240    
   73.00      0.2195    
   74.00      0.2141    
   75.00      0.2077    
   76.00      0.2003    
   77.00      0.1921    
   78.00      0.1834    
   79.00      0.1744    
   80.00      0.1654    
 END
