#  81 angles,  1 tensor ranks for 0=projectile
@subtitle   "39K(3He,d)40Ca 21 MeV DWBA ZR 8748 keV Jpi=1- l=1 n=2 j=3/2"                   
@legend ON
@legend x1 0.2
@legend y1 0.8
@g0 type LOGY
@yaxis ticklabel format power
@legend string   0 "Lab energy =   21.0000"
#legend string   0 "Partition=  2 Excit=  1 near/far= 1"
#  Theta       sigma       iT11        T20         T21         T22         Kyy for projectile
   0.000       12.46    
   1.000       12.45    
   2.000       12.39    
   3.000       12.28    
   4.000       12.12    
   5.000       11.89    
   6.000       11.57    
   7.000       11.16    
   8.000       10.66    
   9.000       10.06    
   10.00       9.372    
   11.00       8.620    
   12.00       7.822    
   13.00       7.009    
   14.00       6.211    
   15.00       5.457    
   16.00       4.775    
   17.00       4.183    
   18.00       3.695    
   19.00       3.314    
   20.00       3.036    
   21.00       2.852    
   22.00       2.743    
   23.00       2.692    
   24.00       2.677    
   25.00       2.679    
   26.00       2.681    
   27.00       2.668    
   28.00       2.630    
   29.00       2.561    
   30.00       2.460    
   31.00       2.327    
   32.00       2.168    
   33.00       1.990    
   34.00       1.799    
   35.00       1.604    
   36.00       1.412    
   37.00       1.231    
   38.00       1.066    
   39.00      0.9208    
   40.00      0.7967    
   41.00      0.6947    
   42.00      0.6139    
   43.00      0.5524    
   44.00      0.5077    
   45.00      0.4768    
   46.00      0.4564    
   47.00      0.4434    
   48.00      0.4350    
   49.00      0.4287    
   50.00      0.4228    
   51.00      0.4157    
   52.00      0.4068    
   53.00      0.3956    
   54.00      0.3823    
   55.00      0.3671    
   56.00      0.3506    
   57.00      0.3335    
   58.00      0.3164    
   59.00      0.2998    
   60.00      0.2844    
   61.00      0.2704    
   62.00      0.2582    
   63.00      0.2479    
   64.00      0.2393    
   65.00      0.2323    
   66.00      0.2267    
   67.00      0.2221    
   68.00      0.2182    
   69.00      0.2146    
   70.00      0.2110    
   71.00      0.2071    
   72.00      0.2026    
   73.00      0.1974    
   74.00      0.1915    
   75.00      0.1846    
   76.00      0.1770    
   77.00      0.1686    
   78.00      0.1595    
   79.00      0.1500    
   80.00      0.1401    
 END
