     0.0   1.485      1
     0.0   2.984     -1
     1.0   13.47      1
     1.0   26.94     -1
     2.0   29.93      1
     2.0   59.95     -1
     3.0   41.98      1
     3.0   84.00     -1
     4.0   53.90      1
     4.0   107.9     -1
     5.0   65.84      1
     5.0   131.4     -1
     6.0   76.05      1
     6.0   153.2     -1
     7.0   86.15      1
     7.0   169.0     -1
     8.0   84.13      1
     8.0   172.5     -1
     9.0   80.54      1
     9.0   158.8     -1
    10.0   64.70      1
    10.0   129.5     -1
    11.0   44.03      1
    11.0   91.60     -1
    12.0   30.73      1
    12.0   56.50     -1
    13.0   14.26      1
    13.0   31.87     -1
    14.0   9.650      1
    14.0   17.42     -1
    15.0   4.203      1
    15.0   9.425     -1
    16.0   2.810      1
    16.0   5.072     -1
    17.0   1.212      1
    17.0   2.717     -1
    18.0  0.8027      1
    18.0   1.449     -1
    19.0  0.3429      1
    19.0  0.7691     -1
    20.0  0.2255      1
    20.0  0.4068     -1
    21.0  0.9553E-01  1
    21.0  0.2144     -1
    22.0  0.6245E-01  1
    22.0  0.1126     -1
    23.0  0.2628E-01  1
    23.0  0.5899E-01 -1
    24.0  0.1708E-01  1
    24.0  0.3080E-01 -1
    25.0  0.7145E-02  1
    25.0  0.1604E-01 -1
    26.0  0.4623E-02  1
    26.0  0.8334E-02 -1
    27.0  0.1924E-02  1
    27.0  0.4321E-02 -1
    28.0  0.1241E-02  1
    28.0  0.2236E-02 -1
    29.0  0.5141E-03  1
    29.0  0.1155E-02 -1
    30.0  0.3292E-03  1
    30.0  0.5934E-03 -1
