#  81 angles,  1 tensor ranks for 0=projectile
@subtitle   "39K(3He,d)40Ca 21 MeV DWBA ZR 7623 keV Jpi=2- l=3 n=2 j=7/2"                   
@legend ON
@legend x1 0.2
@legend y1 0.8
@g0 type LOGY
@yaxis ticklabel format power
@legend string   0 "Lab energy =   21.0000"
#legend string   0 "Partition=  2 Excit=  1 near/far= 1"
#  Theta       sigma       iT11        T20         T21         T22         Kyy for projectile
   0.000       7.597    
   1.000       7.615    
   2.000       7.671    
   3.000       7.760    
   4.000       7.880    
   5.000       8.026    
   6.000       8.193    
   7.000       8.374    
   8.000       8.563    
   9.000       8.753    
   10.00       8.937    
   11.00       9.107    
   12.00       9.252    
   13.00       9.364    
   14.00       9.431    
   15.00       9.445    
   16.00       9.397    
   17.00       9.279    
   18.00       9.090    
   19.00       8.827    
   20.00       8.494    
   21.00       8.094    
   22.00       7.636    
   23.00       7.130    
   24.00       6.586    
   25.00       6.018    
   26.00       5.439    
   27.00       4.862    
   28.00       4.302    
   29.00       3.771    
   30.00       3.282    
   31.00       2.843    
   32.00       2.461    
   33.00       2.139    
   34.00       1.877    
   35.00       1.672    
   36.00       1.518    
   37.00       1.409    
   38.00       1.336    
   39.00       1.290    
   40.00       1.264    
   41.00       1.249    
   42.00       1.238    
   43.00       1.227    
   44.00       1.210    
   45.00       1.185    
   46.00       1.149    
   47.00       1.102    
   48.00       1.043    
   49.00      0.9757    
   50.00      0.9003    
   51.00      0.8199    
   52.00      0.7375    
   53.00      0.6559    
   54.00      0.5779    
   55.00      0.5058    
   56.00      0.4413    
   57.00      0.3856    
   58.00      0.3391    
   59.00      0.3018    
   60.00      0.2732    
   61.00      0.2525    
   62.00      0.2385    
   63.00      0.2300    
   64.00      0.2256    
   65.00      0.2241    
   66.00      0.2242    
   67.00      0.2249    
   68.00      0.2253    
   69.00      0.2246    
   70.00      0.2223    
   71.00      0.2182    
   72.00      0.2123    
   73.00      0.2045    
   74.00      0.1952    
   75.00      0.1847    
   76.00      0.1734    
   77.00      0.1617    
   78.00      0.1501    
   79.00      0.1389    
   80.00      0.1286    
 END
