#  81 angles,  1 tensor ranks for 0=projectile
@subtitle   "39K(3He,d)40Ca 21 MeV DWBA ZR 8019 keV Jpi=0+ l=2 n=1 j=3/2"                   
@legend ON
@legend x1 0.2
@legend y1 0.8
@g0 type LOGY
@yaxis ticklabel format power
@legend string   0 "Lab energy =   21.0000"
#legend string   0 "Partition=  2 Excit=  1 near/far= 1"
#  Theta       sigma       iT11        T20         T21         T22         Kyy for projectile
   0.000       1.406    
   1.000       1.410    
   2.000       1.422    
   3.000       1.441    
   4.000       1.466    
   5.000       1.495    
   6.000       1.525    
   7.000       1.555    
   8.000       1.581    
   9.000       1.600    
   10.00       1.608    
   11.00       1.604    
   12.00       1.585    
   13.00       1.549    
   14.00       1.496    
   15.00       1.426    
   16.00       1.342    
   17.00       1.246    
   18.00       1.141    
   19.00       1.031    
   20.00      0.9193    
   21.00      0.8104    
   22.00      0.7072    
   23.00      0.6125    
   24.00      0.5284    
   25.00      0.4562    
   26.00      0.3966    
   27.00      0.3491    
   28.00      0.3132    
   29.00      0.2874    
   30.00      0.2699    
   31.00      0.2588    
   32.00      0.2520    
   33.00      0.2478    
   34.00      0.2445    
   35.00      0.2406    
   36.00      0.2354    
   37.00      0.2281    
   38.00      0.2186    
   39.00      0.2069    
   40.00      0.1933    
   41.00      0.1783    
   42.00      0.1623    
   43.00      0.1460    
   44.00      0.1299    
   45.00      0.1147    
   46.00      0.1007    
   47.00      0.8832E-01
   48.00      0.7770E-01
   49.00      0.6892E-01
   50.00      0.6194E-01
   51.00      0.5659E-01
   52.00      0.5265E-01
   53.00      0.4986E-01
   54.00      0.4793E-01
   55.00      0.4658E-01
   56.00      0.4555E-01
   57.00      0.4463E-01
   58.00      0.4362E-01
   59.00      0.4239E-01
   60.00      0.4086E-01
   61.00      0.3898E-01
   62.00      0.3676E-01
   63.00      0.3425E-01
   64.00      0.3152E-01
   65.00      0.2866E-01
   66.00      0.2577E-01
   67.00      0.2296E-01
   68.00      0.2030E-01
   69.00      0.1786E-01
   70.00      0.1570E-01
   71.00      0.1385E-01
   72.00      0.1231E-01
   73.00      0.1109E-01
   74.00      0.1017E-01
   75.00      0.9508E-02
   76.00      0.9079E-02
   77.00      0.8834E-02
   78.00      0.8723E-02
   79.00      0.8696E-02
   80.00      0.8708E-02
 END
