#  81 angles,  1 tensor ranks for 0=projectile
@subtitle   "39K(3He,d)40Ca 21 MeV DWBA ZR 8665 keV Jpi=1- l=1 n=2 j=1/2"                   
@legend ON
@legend x1 0.2
@legend y1 0.8
@g0 type LOGY
@yaxis ticklabel format power
@legend string   0 "Lab energy =   21.0000"
#legend string   0 "Partition=  2 Excit=  1 near/far= 1"
#  Theta       sigma       iT11        T20         T21         T22         Kyy for projectile
   0.000       14.70    
   1.000       14.66    
   2.000       14.55    
   3.000       14.35    
   4.000       14.06    
   5.000       13.66    
   6.000       13.16    
   7.000       12.55    
   8.000       11.82    
   9.000       11.00    
   10.00       10.09    
   11.00       9.122    
   12.00       8.128    
   13.00       7.141    
   14.00       6.198    
   15.00       5.330    
   16.00       4.566    
   17.00       3.926    
   18.00       3.421    
   19.00       3.051    
   20.00       2.808    
   21.00       2.676    
   22.00       2.633    
   23.00       2.654    
   24.00       2.714    
   25.00       2.789    
   26.00       2.857    
   27.00       2.901    
   28.00       2.910    
   29.00       2.877    
   30.00       2.799    
   31.00       2.679    
   32.00       2.521    
   33.00       2.334    
   34.00       2.126    
   35.00       1.908    
   36.00       1.687    
   37.00       1.474    
   38.00       1.273    
   39.00       1.090    
   40.00      0.9275    
   41.00      0.7875    
   42.00      0.6697    
   43.00      0.5729    
   44.00      0.4950    
   45.00      0.4336    
   46.00      0.3859    
   47.00      0.3493    
   48.00      0.3213    
   49.00      0.2998    
   50.00      0.2831    
   51.00      0.2698    
   52.00      0.2594    
   53.00      0.2511    
   54.00      0.2449    
   55.00      0.2407    
   56.00      0.2386    
   57.00      0.2387    
   58.00      0.2408    
   59.00      0.2450    
   60.00      0.2510    
   61.00      0.2584    
   62.00      0.2668    
   63.00      0.2757    
   64.00      0.2844    
   65.00      0.2922    
   66.00      0.2986    
   67.00      0.3029    
   68.00      0.3047    
   69.00      0.3037    
   70.00      0.2995    
   71.00      0.2922    
   72.00      0.2818    
   73.00      0.2685    
   74.00      0.2528    
   75.00      0.2349    
   76.00      0.2155    
   77.00      0.1950    
   78.00      0.1740    
   79.00      0.1531    
   80.00      0.1328    
 END
