#  81 angles,  1 tensor ranks for 0=projectile
@subtitle   "39K(3He,d)40Ca 21 MeV DWBA ZR 8665 keV Jpi=1- l=1 n=2 j=1/2"                   
@legend ON
@legend x1 0.2
@legend y1 0.8
@g0 type LOGY
@yaxis ticklabel format power
@xaxis label "Scattering angle (degrees)"
@yaxis label "Cross section (mb/sr)"
@legend string   0 "Partition=  1 Excit=  1 near/far= 1"
#legend string   0 "Lab energy =   21.0000"
@s0 linestyle   1
#  Theta       sigma       iT11        T20         T21         T22         Kyy for projectile
  0.1000E-01   1.000    
   1.000      0.9997    
   2.000       1.001    
   3.000      0.9801    
   4.000      0.9937    
   5.000       1.036    
   6.000       1.069    
   7.000       1.070    
   8.000       1.043    
   9.000       1.001    
   10.00      0.9589    
   11.00      0.9259    
   12.00      0.9030    
   13.00      0.8865    
   14.00      0.8704    
   15.00      0.8486    
   16.00      0.8173    
   17.00      0.7752    
   18.00      0.7238    
   19.00      0.6664    
   20.00      0.6075    
   21.00      0.5518    
   22.00      0.5029    
   23.00      0.4636    
   24.00      0.4347    
   25.00      0.4158    
   26.00      0.4051    
   27.00      0.3999    
   28.00      0.3972    
   29.00      0.3941    
   30.00      0.3882    
   31.00      0.3777    
   32.00      0.3620    
   33.00      0.3412    
   34.00      0.3163    
   35.00      0.2889    
   36.00      0.2608    
   37.00      0.2340    
   38.00      0.2104    
   39.00      0.1911    
   40.00      0.1770    
   41.00      0.1682    
   42.00      0.1644    
   43.00      0.1646    
   44.00      0.1677    
   45.00      0.1721    
   46.00      0.1765    
   47.00      0.1796    
   48.00      0.1803    
   49.00      0.1779    
   50.00      0.1722    
   51.00      0.1633    
   52.00      0.1516    
   53.00      0.1378    
   54.00      0.1229    
   55.00      0.1077    
   56.00      0.9318E-01
   57.00      0.8011E-01
   58.00      0.6912E-01
   59.00      0.6059E-01
   60.00      0.5467E-01
   61.00      0.5129E-01
   62.00      0.5018E-01
   63.00      0.5093E-01
   64.00      0.5301E-01
   65.00      0.5587E-01
   66.00      0.5895E-01
   67.00      0.6177E-01
   68.00      0.6392E-01
   69.00      0.6510E-01
   70.00      0.6515E-01
   71.00      0.6402E-01
   72.00      0.6176E-01
   73.00      0.5853E-01
   74.00      0.5453E-01
   75.00      0.5000E-01
   76.00      0.4522E-01
   77.00      0.4042E-01
   78.00      0.3583E-01
   79.00      0.3163E-01
   80.00      0.2793E-01
 END
@legend string   1 "Partition=  2 Excit=  1 near/far= 1"
#legend string   0 "Lab energy =   21.0000"
@s1 linestyle   2
#  Theta       sigma       iT11        T20         T21         T22         Kyy for projectile
   0.000       14.70    
   1.000       14.66    
   2.000       14.55    
   3.000       14.35    
   4.000       14.06    
   5.000       13.66    
   6.000       13.16    
   7.000       12.55    
   8.000       11.82    
   9.000       11.00    
   10.00       10.09    
   11.00       9.122    
   12.00       8.128    
   13.00       7.141    
   14.00       6.198    
   15.00       5.330    
   16.00       4.566    
   17.00       3.926    
   18.00       3.421    
   19.00       3.051    
   20.00       2.808    
   21.00       2.676    
   22.00       2.633    
   23.00       2.654    
   24.00       2.714    
   25.00       2.789    
   26.00       2.857    
   27.00       2.901    
   28.00       2.910    
   29.00       2.877    
   30.00       2.799    
   31.00       2.679    
   32.00       2.521    
   33.00       2.334    
   34.00       2.126    
   35.00       1.908    
   36.00       1.687    
   37.00       1.474    
   38.00       1.273    
   39.00       1.090    
   40.00      0.9275    
   41.00      0.7875    
   42.00      0.6697    
   43.00      0.5729    
   44.00      0.4950    
   45.00      0.4336    
   46.00      0.3859    
   47.00      0.3493    
   48.00      0.3213    
   49.00      0.2998    
   50.00      0.2831    
   51.00      0.2698    
   52.00      0.2594    
   53.00      0.2511    
   54.00      0.2449    
   55.00      0.2407    
   56.00      0.2386    
   57.00      0.2387    
   58.00      0.2408    
   59.00      0.2450    
   60.00      0.2510    
   61.00      0.2584    
   62.00      0.2668    
   63.00      0.2757    
   64.00      0.2844    
   65.00      0.2922    
   66.00      0.2986    
   67.00      0.3029    
   68.00      0.3047    
   69.00      0.3037    
   70.00      0.2995    
   71.00      0.2922    
   72.00      0.2818    
   73.00      0.2685    
   74.00      0.2528    
   75.00      0.2349    
   76.00      0.2155    
   77.00      0.1950    
   78.00      0.1740    
   79.00      0.1531    
   80.00      0.1328    
 END
