#  81 angles,  1 tensor ranks for 0=projectile
@subtitle   "39K(3He,d)40Ca 21 MeV DWBA ZR 8665 keV Jpi=1- l=1 n=3 j=3/2"                   
@legend ON
@legend x1 0.2
@legend y1 0.8
@g0 type LOGY
@yaxis ticklabel format power
@legend string   0 "Lab energy =   21.0000"
#legend string   0 "Partition=  2 Excit=  1 near/far= 1"
#  Theta       sigma       iT11        T20         T21         T22         Kyy for projectile
   0.000       22.93    
   1.000       22.90    
   2.000       22.78    
   3.000       22.57    
   4.000       22.25    
   5.000       21.80    
   6.000       21.18    
   7.000       20.39    
   8.000       19.42    
   9.000       18.26    
   10.00       16.95    
   11.00       15.51    
   12.00       13.98    
   13.00       12.42    
   14.00       10.89    
   15.00       9.445    
   16.00       8.129    
   17.00       6.981    
   18.00       6.027    
   19.00       5.273    
   20.00       4.715    
   21.00       4.331    
   22.00       4.095    
   23.00       3.969    
   24.00       3.919    
   25.00       3.907    
   26.00       3.902    
   27.00       3.879    
   28.00       3.818    
   29.00       3.708    
   30.00       3.547    
   31.00       3.336    
   32.00       3.083    
   33.00       2.801    
   34.00       2.501    
   35.00       2.199    
   36.00       1.909    
   37.00       1.640    
   38.00       1.403    
   39.00       1.204    
   40.00       1.044    
   41.00      0.9247    
   42.00      0.8432    
   43.00      0.7951    
   44.00      0.7750    
   45.00      0.7762    
   46.00      0.7923    
   47.00      0.8168    
   48.00      0.8439    
   49.00      0.8686    
   50.00      0.8869    
   51.00      0.8962    
   52.00      0.8948    
   53.00      0.8821    
   54.00      0.8585    
   55.00      0.8248    
   56.00      0.7827    
   57.00      0.7340    
   58.00      0.6805    
   59.00      0.6244    
   60.00      0.5674    
   61.00      0.5113    
   62.00      0.4574    
   63.00      0.4070    
   64.00      0.3607    
   65.00      0.3192    
   66.00      0.2827    
   67.00      0.2512    
   68.00      0.2245    
   69.00      0.2024    
   70.00      0.1844    
   71.00      0.1701    
   72.00      0.1588    
   73.00      0.1503    
   74.00      0.1439    
   75.00      0.1393    
   76.00      0.1360    
   77.00      0.1337    
   78.00      0.1320    
   79.00      0.1308    
   80.00      0.1296    
 END
