     0.0   1.501      1
     0.0   3.001     -1
     1.0   13.48      1
     1.0   27.00     -1
     2.0   29.97      1
     2.0   59.94     -1
     3.0   41.88      1
     3.0   83.83     -1
     4.0   53.81      1
     4.0   107.7     -1
     5.0   65.67      1
     5.0   131.2     -1
     6.0   76.16      1
     6.0   153.2     -1
     7.0   86.19      1
     7.0   169.7     -1
     8.0   84.97      1
     8.0   173.6     -1
     9.0   80.74      1
     9.0   159.5     -1
    10.0   64.66      1
    10.0   129.3     -1
    11.0   43.22      1
    11.0   90.48     -1
    12.0   30.20      1
    12.0   55.24     -1
    13.0   13.84      1
    13.0   31.03     -1
    14.0   9.404      1
    14.0   16.98     -1
    15.0   4.119      1
    15.0   9.228     -1
    16.0   2.761      1
    16.0   4.986     -1
    17.0   1.195      1
    17.0   2.679     -1
    18.0  0.7933      1
    18.0   1.432     -1
    19.0  0.3398      1
    19.0  0.7619     -1
    20.0  0.2237      1
    20.0  0.4036     -1
    21.0  0.9493E-01  1
    21.0  0.2130     -1
    22.0  0.6211E-01  1
    22.0  0.1120     -1
    23.0  0.2616E-01  1
    23.0  0.5872E-01 -1
    24.0  0.1702E-01  1
    24.0  0.3070E-01 -1
    25.0  0.7128E-02  1
    25.0  0.1600E-01 -1
    26.0  0.4616E-02  1
    26.0  0.8323E-02 -1
    27.0  0.1924E-02  1
    27.0  0.4319E-02 -1
    28.0  0.1240E-02  1
    28.0  0.2237E-02 -1
    29.0  0.5150E-03  1
    29.0  0.1156E-02 -1
    30.0  0.3308E-03  1
    30.0  0.5965E-03 -1
    31.0  0.1369E-03  1
    31.0  0.3072E-03 -1
    32.0  0.8758E-04  1
    32.0  0.1580E-03 -1
    33.0  0.3617E-04  1
    33.0  0.8113E-04 -1
    34.0  0.2305E-04  1
    34.0  0.4160E-04 -1
    35.0  0.9499E-05  1
    35.0  0.2130E-04 -1
