#  81 angles,  1 tensor ranks for 0=projectile
@subtitle   "39K(3He,d)40Ca 21 MeV DWBA ZR 4491 keV Jpi=5- l=3 n=2 j=7/2"                   
@legend ON
@legend x1 0.2
@legend y1 0.8
@g0 type LOGY
@yaxis ticklabel format power
@xaxis label "Scattering angle (degrees)"
@yaxis label "Cross section (mb/sr)"
@legend string   0 "Partition=  1 Excit=  1 near/far= 1"
#legend string   0 "Lab energy =   21.0000"
@s0 linestyle   1
#  Theta       sigma       iT11        T20         T21         T22         Kyy for projectile
  0.1000E-01   1.000    
   1.000      0.9997    
   2.000       1.001    
   3.000      0.9801    
   4.000      0.9937    
   5.000       1.036    
   6.000       1.069    
   7.000       1.070    
   8.000       1.043    
   9.000       1.001    
   10.00      0.9589    
   11.00      0.9259    
   12.00      0.9030    
   13.00      0.8865    
   14.00      0.8704    
   15.00      0.8486    
   16.00      0.8173    
   17.00      0.7752    
   18.00      0.7238    
   19.00      0.6664    
   20.00      0.6075    
   21.00      0.5518    
   22.00      0.5029    
   23.00      0.4636    
   24.00      0.4347    
   25.00      0.4158    
   26.00      0.4051    
   27.00      0.3999    
   28.00      0.3972    
   29.00      0.3941    
   30.00      0.3882    
   31.00      0.3777    
   32.00      0.3620    
   33.00      0.3412    
   34.00      0.3163    
   35.00      0.2889    
   36.00      0.2608    
   37.00      0.2340    
   38.00      0.2104    
   39.00      0.1911    
   40.00      0.1770    
   41.00      0.1682    
   42.00      0.1644    
   43.00      0.1646    
   44.00      0.1677    
   45.00      0.1721    
   46.00      0.1765    
   47.00      0.1796    
   48.00      0.1803    
   49.00      0.1779    
   50.00      0.1722    
   51.00      0.1633    
   52.00      0.1516    
   53.00      0.1378    
   54.00      0.1229    
   55.00      0.1077    
   56.00      0.9318E-01
   57.00      0.8011E-01
   58.00      0.6912E-01
   59.00      0.6059E-01
   60.00      0.5467E-01
   61.00      0.5129E-01
   62.00      0.5018E-01
   63.00      0.5093E-01
   64.00      0.5301E-01
   65.00      0.5587E-01
   66.00      0.5895E-01
   67.00      0.6177E-01
   68.00      0.6392E-01
   69.00      0.6510E-01
   70.00      0.6515E-01
   71.00      0.6402E-01
   72.00      0.6176E-01
   73.00      0.5853E-01
   74.00      0.5453E-01
   75.00      0.5000E-01
   76.00      0.4522E-01
   77.00      0.4042E-01
   78.00      0.3583E-01
   79.00      0.3163E-01
   80.00      0.2793E-01
 END
@legend string   1 "Partition=  2 Excit=  1 near/far= 1"
#legend string   0 "Lab energy =   21.0000"
@s1 linestyle   2
#  Theta       sigma       iT11        T20         T21         T22         Kyy for projectile
   0.000       4.263    
   1.000       4.289    
   2.000       4.369    
   3.000       4.498    
   4.000       4.675    
   5.000       4.896    
   6.000       5.159    
   7.000       5.464    
   8.000       5.813    
   9.000       6.208    
   10.00       6.653    
   11.00       7.147    
   12.00       7.687    
   13.00       8.266    
   14.00       8.866    
   15.00       9.465    
   16.00       10.04    
   17.00       10.54    
   18.00       10.96    
   19.00       11.24    
   20.00       11.36    
   21.00       11.31    
   22.00       11.08    
   23.00       10.66    
   24.00       10.07    
   25.00       9.333    
   26.00       8.483    
   27.00       7.558    
   28.00       6.599    
   29.00       5.648    
   30.00       4.741    
   31.00       3.913    
   32.00       3.186    
   33.00       2.577    
   34.00       2.094    
   35.00       1.735    
   36.00       1.491    
   37.00       1.348    
   38.00       1.288    
   39.00       1.290    
   40.00       1.333    
   41.00       1.398    
   42.00       1.465    
   43.00       1.522    
   44.00       1.558    
   45.00       1.566    
   46.00       1.543    
   47.00       1.491    
   48.00       1.413    
   49.00       1.314    
   50.00       1.201    
   51.00       1.080    
   52.00      0.9598    
   53.00      0.8455    
   54.00      0.7422    
   55.00      0.6536    
   56.00      0.5820    
   57.00      0.5280    
   58.00      0.4911    
   59.00      0.4695    
   60.00      0.4608    
   61.00      0.4619    
   62.00      0.4696    
   63.00      0.4807    
   64.00      0.4921    
   65.00      0.5013    
   66.00      0.5064    
   67.00      0.5059    
   68.00      0.4991    
   69.00      0.4859    
   70.00      0.4666    
   71.00      0.4419    
   72.00      0.4131    
   73.00      0.3813    
   74.00      0.3481    
   75.00      0.3147    
   76.00      0.2824    
   77.00      0.2524    
   78.00      0.2254    
   79.00      0.2021    
   80.00      0.1828    
 END
