#  81 angles,  1 tensor ranks for 0=projectile
@subtitle   "39K(3He,d)40Ca 21 MeV DWBA ZR 4491 keV Jpi=5- l=3 n=2 j=7/2"                   
@legend ON
@legend x1 0.2
@legend y1 0.8
@g0 type LOGY
@yaxis ticklabel format power
@legend string   0 "Lab energy =   21.0000"
#legend string   0 "Partition=  2 Excit=  1 near/far= 1"
#  Theta       sigma       iT11        T20         T21         T22         Kyy for projectile
   0.000       4.263    
   1.000       4.289    
   2.000       4.369    
   3.000       4.498    
   4.000       4.675    
   5.000       4.896    
   6.000       5.159    
   7.000       5.464    
   8.000       5.813    
   9.000       6.208    
   10.00       6.653    
   11.00       7.147    
   12.00       7.687    
   13.00       8.266    
   14.00       8.866    
   15.00       9.465    
   16.00       10.04    
   17.00       10.54    
   18.00       10.96    
   19.00       11.24    
   20.00       11.36    
   21.00       11.31    
   22.00       11.08    
   23.00       10.66    
   24.00       10.07    
   25.00       9.333    
   26.00       8.483    
   27.00       7.558    
   28.00       6.599    
   29.00       5.648    
   30.00       4.741    
   31.00       3.913    
   32.00       3.186    
   33.00       2.577    
   34.00       2.094    
   35.00       1.735    
   36.00       1.491    
   37.00       1.348    
   38.00       1.288    
   39.00       1.290    
   40.00       1.333    
   41.00       1.398    
   42.00       1.465    
   43.00       1.522    
   44.00       1.558    
   45.00       1.566    
   46.00       1.543    
   47.00       1.491    
   48.00       1.413    
   49.00       1.314    
   50.00       1.201    
   51.00       1.080    
   52.00      0.9598    
   53.00      0.8455    
   54.00      0.7422    
   55.00      0.6536    
   56.00      0.5820    
   57.00      0.5280    
   58.00      0.4911    
   59.00      0.4695    
   60.00      0.4608    
   61.00      0.4619    
   62.00      0.4696    
   63.00      0.4807    
   64.00      0.4921    
   65.00      0.5013    
   66.00      0.5064    
   67.00      0.5059    
   68.00      0.4991    
   69.00      0.4859    
   70.00      0.4666    
   71.00      0.4419    
   72.00      0.4131    
   73.00      0.3813    
   74.00      0.3481    
   75.00      0.3147    
   76.00      0.2824    
   77.00      0.2524    
   78.00      0.2254    
   79.00      0.2021    
   80.00      0.1828    
 END
