     0.0   1.501      1
     0.0   3.004     -1
     1.0   13.51      1
     1.0   27.03     -1
     2.0   29.97      1
     2.0   60.01     -1
     3.0   41.95      1
     3.0   83.96     -1
     4.0   53.78      1
     4.0   107.8     -1
     5.0   65.61      1
     5.0   131.1     -1
     6.0   75.63      1
     6.0   152.4     -1
     7.0   85.15      1
     7.0   167.8     -1
     8.0   83.46      1
     8.0   170.6     -1
     9.0   79.58      1
     9.0   156.7     -1
    10.0   63.57      1
    10.0   127.6     -1
    11.0   43.48      1
    11.0   90.19     -1
    12.0   30.21      1
    12.0   55.69     -1
    13.0   14.12      1
    13.0   31.49     -1
    14.0   9.536      1
    14.0   17.24     -1
    15.0   4.177      1
    15.0   9.348     -1
    16.0   2.788      1
    16.0   5.039     -1
    17.0   1.207      1
    17.0   2.702     -1
    18.0  0.7984      1
    18.0   1.442     -1
    19.0  0.3419      1
    19.0  0.7663     -1
    20.0  0.2247      1
    20.0  0.4056     -1
    21.0  0.9535E-01  1
    21.0  0.2139     -1
    22.0  0.6229E-01  1
    22.0  0.1124     -1
    23.0  0.2624E-01  1
    23.0  0.5889E-01 -1
    24.0  0.1706E-01  1
    24.0  0.3077E-01 -1
    25.0  0.7144E-02  1
    25.0  0.1603E-01 -1
    26.0  0.4622E-02  1
    26.0  0.8336E-02 -1
    27.0  0.1926E-02  1
    27.0  0.4324E-02 -1
    28.0  0.1241E-02  1
    28.0  0.2238E-02 -1
    29.0  0.5153E-03  1
    29.0  0.1157E-02 -1
    30.0  0.3307E-03  1
    30.0  0.5965E-03 -1
