#  81 angles,  1 tensor ranks for 0=projectile
@subtitle   "39K(3He,d)40Ca 21 MeV DWBA ZR 7623 keV Jpi=2- l=1 n=3 j=3/2"                   
@legend ON
@legend x1 0.2
@legend y1 0.8
@g0 type LOGY
@yaxis ticklabel format power
@xaxis label "Scattering angle (degrees)"
@yaxis label "Cross section (mb/sr)"
@legend string   0 "Partition=  1 Excit=  1 near/far= 1"
#legend string   0 "Lab energy =   21.0000"
@s0 linestyle   1
#  Theta       sigma       iT11        T20         T21         T22         Kyy for projectile
  0.1000E-01   1.000    
   1.000      0.9997    
   2.000       1.001    
   3.000      0.9801    
   4.000      0.9937    
   5.000       1.036    
   6.000       1.069    
   7.000       1.070    
   8.000       1.043    
   9.000       1.001    
   10.00      0.9589    
   11.00      0.9259    
   12.00      0.9030    
   13.00      0.8865    
   14.00      0.8704    
   15.00      0.8486    
   16.00      0.8173    
   17.00      0.7752    
   18.00      0.7238    
   19.00      0.6664    
   20.00      0.6075    
   21.00      0.5518    
   22.00      0.5029    
   23.00      0.4636    
   24.00      0.4347    
   25.00      0.4158    
   26.00      0.4051    
   27.00      0.3999    
   28.00      0.3972    
   29.00      0.3941    
   30.00      0.3882    
   31.00      0.3777    
   32.00      0.3620    
   33.00      0.3412    
   34.00      0.3163    
   35.00      0.2889    
   36.00      0.2608    
   37.00      0.2340    
   38.00      0.2104    
   39.00      0.1911    
   40.00      0.1770    
   41.00      0.1682    
   42.00      0.1644    
   43.00      0.1646    
   44.00      0.1677    
   45.00      0.1721    
   46.00      0.1765    
   47.00      0.1796    
   48.00      0.1803    
   49.00      0.1779    
   50.00      0.1722    
   51.00      0.1633    
   52.00      0.1516    
   53.00      0.1378    
   54.00      0.1229    
   55.00      0.1077    
   56.00      0.9318E-01
   57.00      0.8011E-01
   58.00      0.6912E-01
   59.00      0.6059E-01
   60.00      0.5467E-01
   61.00      0.5129E-01
   62.00      0.5018E-01
   63.00      0.5093E-01
   64.00      0.5301E-01
   65.00      0.5587E-01
   66.00      0.5895E-01
   67.00      0.6177E-01
   68.00      0.6392E-01
   69.00      0.6510E-01
   70.00      0.6515E-01
   71.00      0.6402E-01
   72.00      0.6176E-01
   73.00      0.5853E-01
   74.00      0.5453E-01
   75.00      0.5000E-01
   76.00      0.4522E-01
   77.00      0.4042E-01
   78.00      0.3583E-01
   79.00      0.3163E-01
   80.00      0.2793E-01
 END
@legend string   1 "Partition=  2 Excit=  1 near/far= 1"
#legend string   0 "Lab energy =   21.0000"
@s1 linestyle   2
#  Theta       sigma       iT11        T20         T21         T22         Kyy for projectile
   0.000       44.58    
   1.000       44.67    
   2.000       44.94    
   3.000       45.30    
   4.000       45.63    
   5.000       45.77    
   6.000       45.58    
   7.000       44.92    
   8.000       43.68    
   9.000       41.82    
   10.00       39.35    
   11.00       36.34    
   12.00       32.89    
   13.00       29.19    
   14.00       25.39    
   15.00       21.70    
   16.00       18.28    
   17.00       15.25    
   18.00       12.72    
   19.00       10.72    
   20.00       9.268    
   21.00       8.309    
   22.00       7.773    
   23.00       7.564    
   24.00       7.577    
   25.00       7.709    
   26.00       7.863    
   27.00       7.965    
   28.00       7.957    
   29.00       7.806    
   30.00       7.503    
   31.00       7.054    
   32.00       6.485    
   33.00       5.829    
   34.00       5.124    
   35.00       4.413    
   36.00       3.730    
   37.00       3.107    
   38.00       2.567    
   39.00       2.126    
   40.00       1.787    
   41.00       1.551    
   42.00       1.409    
   43.00       1.348    
   44.00       1.351    
   45.00       1.400    
   46.00       1.478    
   47.00       1.568    
   48.00       1.655    
   49.00       1.728    
   50.00       1.778    
   51.00       1.801    
   52.00       1.793    
   53.00       1.756    
   54.00       1.693    
   55.00       1.607    
   56.00       1.502    
   57.00       1.386    
   58.00       1.263    
   59.00       1.137    
   60.00       1.015    
   61.00      0.8983    
   62.00      0.7912    
   63.00      0.6950    
   64.00      0.6108    
   65.00      0.5390    
   66.00      0.4792    
   67.00      0.4304    
   68.00      0.3916    
   69.00      0.3614    
   70.00      0.3382    
   71.00      0.3207    
   72.00      0.3075    
   73.00      0.2974    
   74.00      0.2895    
   75.00      0.2829    
   76.00      0.2770    
   77.00      0.2714    
   78.00      0.2658    
   79.00      0.2599    
   80.00      0.2538    
 END
