     0.0   1.500      1
     0.0   2.995     -1
     1.0   13.46      1
     1.0   26.96     -1
     2.0   29.95      1
     2.0   59.92     -1
     3.0   41.92      1
     3.0   83.92     -1
     4.0   53.89      1
     4.0   107.9     -1
     5.0   65.80      1
     5.0   131.4     -1
     6.0   76.20      1
     6.0   153.3     -1
     7.0   86.10      1
     7.0   169.5     -1
     8.0   84.92      1
     8.0   173.1     -1
     9.0   80.67      1
     9.0   159.3     -1
    10.0   64.83      1
    10.0   129.7     -1
    11.0   44.01      1
    11.0   91.63     -1
    12.0   30.75      1
    12.0   56.50     -1
    13.0   14.25      1
    13.0   31.88     -1
    14.0   9.656      1
    14.0   17.42     -1
    15.0   4.203      1
    15.0   9.427     -1
    16.0   2.812      1
    16.0   5.074     -1
    17.0   1.212      1
    17.0   2.718     -1
    18.0  0.8030      1
    18.0   1.449     -1
    19.0  0.3429      1
    19.0  0.7694     -1
    20.0  0.2256      1
    20.0  0.4069     -1
    21.0  0.9556E-01  1
    21.0  0.2145     -1
    22.0  0.6247E-01  1
    22.0  0.1127     -1
    23.0  0.2629E-01  1
    23.0  0.5901E-01 -1
    24.0  0.1710E-01  1
    24.0  0.3082E-01 -1
    25.0  0.7153E-02  1
    25.0  0.1606E-01 -1
    26.0  0.4631E-02  1
    26.0  0.8349E-02 -1
    27.0  0.1929E-02  1
    27.0  0.4330E-02 -1
    28.0  0.1243E-02  1
    28.0  0.2241E-02 -1
    29.0  0.5156E-03  1
    29.0  0.1158E-02 -1
    30.0  0.3311E-03  1
    30.0  0.5969E-03 -1
