#  81 angles,  1 tensor ranks for 0=projectile
@subtitle   "39K(3He,d)40Ca 21 MeV DWBA ZR 8188 keV Jpi=4+ l=4 n=1 j=7/2"                   
@legend ON
@legend x1 0.2
@legend y1 0.8
@g0 type LOGY
@yaxis ticklabel format power
@legend string   0 "Lab energy =   21.0000"
#legend string   0 "Partition=  2 Excit=  1 near/far= 1"
#  Theta       sigma       iT11        T20         T21         T22         Kyy for projectile
   0.000       2.038    
   1.000       2.037    
   2.000       2.033    
   3.000       2.027    
   4.000       2.020    
   5.000       2.013    
   6.000       2.006    
   7.000       2.001    
   8.000       1.998    
   9.000       1.998    
   10.00       2.002    
   11.00       2.011    
   12.00       2.025    
   13.00       2.044    
   14.00       2.068    
   15.00       2.096    
   16.00       2.127    
   17.00       2.159    
   18.00       2.191    
   19.00       2.221    
   20.00       2.246    
   21.00       2.265    
   22.00       2.273    
   23.00       2.270    
   24.00       2.254    
   25.00       2.222    
   26.00       2.176    
   27.00       2.113    
   28.00       2.035    
   29.00       1.943    
   30.00       1.838    
   31.00       1.723    
   32.00       1.600    
   33.00       1.471    
   34.00       1.340    
   35.00       1.209    
   36.00       1.081    
   37.00      0.9588    
   38.00      0.8443    
   39.00      0.7394    
   40.00      0.6453    
   41.00      0.5628    
   42.00      0.4922    
   43.00      0.4335    
   44.00      0.3859    
   45.00      0.3487    
   46.00      0.3206    
   47.00      0.3003    
   48.00      0.2862    
   49.00      0.2769    
   50.00      0.2709    
   51.00      0.2669    
   52.00      0.2639    
   53.00      0.2608    
   54.00      0.2569    
   55.00      0.2517    
   56.00      0.2449    
   57.00      0.2365    
   58.00      0.2264    
   59.00      0.2149    
   60.00      0.2023    
   61.00      0.1888    
   62.00      0.1750    
   63.00      0.1611    
   64.00      0.1474    
   65.00      0.1344    
   66.00      0.1221    
   67.00      0.1109    
   68.00      0.1008    
   69.00      0.9189E-01
   70.00      0.8421E-01
   71.00      0.7769E-01
   72.00      0.7226E-01
   73.00      0.6779E-01
   74.00      0.6415E-01
   75.00      0.6118E-01
   76.00      0.5874E-01
   77.00      0.5670E-01
   78.00      0.5493E-01
   79.00      0.5335E-01
   80.00      0.5189E-01
 END
