     0.0   1.498      1
     0.0   2.993     -1
     1.0   13.43      1
     1.0   26.93     -1
     2.0   29.91      1
     2.0   59.88     -1
     3.0   41.83      1
     3.0   83.80     -1
     4.0   53.75      1
     4.0   107.7     -1
     5.0   65.58      1
     5.0   131.1     -1
     6.0   76.02      1
     6.0   153.0     -1
     7.0   85.92      1
     7.0   169.3     -1
     8.0   84.57      1
     8.0   172.8     -1
     9.0   79.99      1
     9.0   158.4     -1
    10.0   64.27      1
    10.0   128.3     -1
    11.0   43.42      1
    11.0   90.41     -1
    12.0   30.32      1
    12.0   55.77     -1
    13.0   14.11      1
    13.0   31.52     -1
    14.0   9.560      1
    14.0   17.26     -1
    15.0   4.177      1
    15.0   9.361     -1
    16.0   2.794      1
    16.0   5.046     -1
    17.0   1.207      1
    17.0   2.706     -1
    18.0  0.7999      1
    18.0   1.444     -1
    19.0  0.3421      1
    19.0  0.7673     -1
    20.0  0.2250      1
    20.0  0.4060     -1
    21.0  0.9542E-01  1
    21.0  0.2141     -1
    22.0  0.6238E-01  1
    22.0  0.1125     -1
    23.0  0.2626E-01  1
    23.0  0.5894E-01 -1
    24.0  0.1708E-01  1
    24.0  0.3080E-01 -1
    25.0  0.7149E-02  1
    25.0  0.1605E-01 -1
    26.0  0.4628E-02  1
    26.0  0.8344E-02 -1
    27.0  0.1928E-02  1
    27.0  0.4329E-02 -1
    28.0  0.1243E-02  1
    28.0  0.2242E-02 -1
    29.0  0.5160E-03  1
    29.0  0.1158E-02 -1
    30.0  0.3313E-03  1
    30.0  0.5975E-03 -1
