#  81 angles,  1 tensor ranks for 0=projectile
@subtitle   "39K(3He,d)40Ca 21 MeV DWBA ZR 8851 keV Jpi=3- l=1 n=2 j=3/2"                   
@legend ON
@legend x1 0.2
@legend y1 0.8
@g0 type LOGY
@yaxis ticklabel format power
@legend string   0 "Lab energy =   21.0000"
#legend string   0 "Partition=  2 Excit=  1 near/far= 1"
#  Theta       sigma       iT11        T20         T21         T22         Kyy for projectile
   0.000       27.64    
   1.000       27.59    
   2.000       27.45    
   3.000       27.20    
   4.000       26.81    
   5.000       26.27    
   6.000       25.55    
   7.000       24.62    
   8.000       23.48    
   9.000       22.15    
   10.00       20.63    
   11.00       18.97    
   12.00       17.22    
   13.00       15.44    
   14.00       13.70    
   15.00       12.06    
   16.00       10.58    
   17.00       9.295    
   18.00       8.237    
   19.00       7.412    
   20.00       6.813    
   21.00       6.413    
   22.00       6.179    
   23.00       6.067    
   24.00       6.034    
   25.00       6.037    
   26.00       6.037    
   27.00       6.005    
   28.00       5.918    
   29.00       5.764    
   30.00       5.537    
   31.00       5.242    
   32.00       4.888    
   33.00       4.489    
   34.00       4.064    
   35.00       3.629    
   36.00       3.201    
   37.00       2.796    
   38.00       2.425    
   39.00       2.098    
   40.00       1.817    
   41.00       1.585    
   42.00       1.400    
   43.00       1.258    
   44.00       1.154    
   45.00       1.081    
   46.00       1.032    
   47.00       1.001    
   48.00      0.9800    
   49.00      0.9647    
   50.00      0.9507    
   51.00      0.9348    
   52.00      0.9152    
   53.00      0.8910    
   54.00      0.8622    
   55.00      0.8295    
   56.00      0.7939    
   57.00      0.7568    
   58.00      0.7195    
   59.00      0.6833    
   60.00      0.6493    
   61.00      0.6184    
   62.00      0.5911    
   63.00      0.5676    
   64.00      0.5480    
   65.00      0.5319    
   66.00      0.5188    
   67.00      0.5080    
   68.00      0.4987    
   69.00      0.4900    
   70.00      0.4813    
   71.00      0.4719    
   72.00      0.4614    
   73.00      0.4493    
   74.00      0.4355    
   75.00      0.4199    
   76.00      0.4025    
   77.00      0.3835    
   78.00      0.3630    
   79.00      0.3415    
   80.00      0.3192    
 END
