     0.0   1.496      1
     0.0   2.996     -1
     1.0   13.45      1
     1.0   26.96     -1
     2.0   29.93      1
     2.0   59.95     -1
     3.0   41.87      1
     3.0   83.88     -1
     4.0   53.80      1
     4.0   107.7     -1
     5.0   65.63      1
     5.0   131.1     -1
     6.0   76.02      1
     6.0   152.8     -1
     7.0   85.75      1
     7.0   168.9     -1
     8.0   84.24      1
     8.0   171.9     -1
     9.0   79.32      1
     9.0   157.3     -1
    10.0   63.81      1
    10.0   127.3     -1
    11.0   43.10      1
    11.0   89.77     -1
    12.0   30.14      1
    12.0   55.45     -1
    13.0   14.05      1
    13.0   31.39     -1
    14.0   9.529      1
    14.0   17.21     -1
    15.0   4.169      1
    15.0   9.341     -1
    16.0   2.790      1
    16.0   5.038     -1
    17.0   1.206      1
    17.0   2.703     -1
    18.0  0.7994      1
    18.0   1.443     -1
    19.0  0.3420      1
    19.0  0.7670     -1
    20.0  0.2250      1
    20.0  0.4060     -1
    21.0  0.9541E-01  1
    21.0  0.2141     -1
    22.0  0.6237E-01  1
    22.0  0.1125     -1
    23.0  0.2626E-01  1
    23.0  0.5895E-01 -1
    24.0  0.1708E-01  1
    24.0  0.3080E-01 -1
    25.0  0.7149E-02  1
    25.0  0.1605E-01 -1
    26.0  0.4627E-02  1
    26.0  0.8344E-02 -1
    27.0  0.1928E-02  1
    27.0  0.4328E-02 -1
    28.0  0.1243E-02  1
    28.0  0.2241E-02 -1
    29.0  0.5157E-03  1
    29.0  0.1158E-02 -1
    30.0  0.3311E-03  1
    30.0  0.5970E-03 -1
