#  81 angles,  1 tensor ranks for 0=projectile
@subtitle   "39K(3He,d)40Ca 21 MeV DWBA ZR 9226.69 keV Jpi=3- l=1 n=3 j=3/2"                
@legend ON
@legend x1 0.2
@legend y1 0.8
@g0 type LOGY
@yaxis ticklabel format power
@xaxis label "Scattering angle (degrees)"
@yaxis label "Cross section (mb/sr)"
@legend string   0 "Partition=  1 Excit=  1 near/far= 1"
#legend string   0 "Lab energy =   21.0000"
@s0 linestyle   1
#  Theta       sigma       iT11        T20         T21         T22         Kyy for projectile
  0.1000E-01   1.000    
   1.000      0.9997    
   2.000       1.001    
   3.000      0.9801    
   4.000      0.9937    
   5.000       1.036    
   6.000       1.069    
   7.000       1.070    
   8.000       1.043    
   9.000       1.001    
   10.00      0.9589    
   11.00      0.9259    
   12.00      0.9030    
   13.00      0.8865    
   14.00      0.8704    
   15.00      0.8486    
   16.00      0.8173    
   17.00      0.7752    
   18.00      0.7238    
   19.00      0.6664    
   20.00      0.6075    
   21.00      0.5518    
   22.00      0.5029    
   23.00      0.4636    
   24.00      0.4347    
   25.00      0.4158    
   26.00      0.4051    
   27.00      0.3999    
   28.00      0.3972    
   29.00      0.3941    
   30.00      0.3882    
   31.00      0.3777    
   32.00      0.3620    
   33.00      0.3412    
   34.00      0.3163    
   35.00      0.2889    
   36.00      0.2608    
   37.00      0.2340    
   38.00      0.2104    
   39.00      0.1911    
   40.00      0.1770    
   41.00      0.1682    
   42.00      0.1644    
   43.00      0.1646    
   44.00      0.1677    
   45.00      0.1721    
   46.00      0.1765    
   47.00      0.1796    
   48.00      0.1803    
   49.00      0.1779    
   50.00      0.1722    
   51.00      0.1633    
   52.00      0.1516    
   53.00      0.1378    
   54.00      0.1229    
   55.00      0.1077    
   56.00      0.9318E-01
   57.00      0.8011E-01
   58.00      0.6912E-01
   59.00      0.6059E-01
   60.00      0.5467E-01
   61.00      0.5129E-01
   62.00      0.5018E-01
   63.00      0.5093E-01
   64.00      0.5301E-01
   65.00      0.5587E-01
   66.00      0.5895E-01
   67.00      0.6177E-01
   68.00      0.6392E-01
   69.00      0.6510E-01
   70.00      0.6515E-01
   71.00      0.6402E-01
   72.00      0.6176E-01
   73.00      0.5853E-01
   74.00      0.5453E-01
   75.00      0.5000E-01
   76.00      0.4522E-01
   77.00      0.4042E-01
   78.00      0.3583E-01
   79.00      0.3163E-01
   80.00      0.2793E-01
 END
@legend string   1 "Partition=  2 Excit=  1 near/far= 1"
#legend string   0 "Lab energy =   21.0000"
@s1 linestyle   2
#  Theta       sigma       iT11        T20         T21         T22         Kyy for projectile
   0.000       41.21    
   1.000       41.12    
   2.000       40.82    
   3.000       40.32    
   4.000       39.58    
   5.000       38.57    
   6.000       37.27    
   7.000       35.68    
   8.000       33.79    
   9.000       31.63    
   10.00       29.24    
   11.00       26.68    
   12.00       24.04    
   13.00       21.39    
   14.00       18.83    
   15.00       16.43    
   16.00       14.27    
   17.00       12.39    
   18.00       10.83    
   19.00       9.593    
   20.00       8.666    
   21.00       8.019    
   22.00       7.605    
   23.00       7.371    
   24.00       7.259    
   25.00       7.210    
   26.00       7.175    
   27.00       7.111    
   28.00       6.987    
   29.00       6.785    
   30.00       6.497    
   31.00       6.128    
   32.00       5.690    
   33.00       5.200    
   34.00       4.681    
   35.00       4.156    
   36.00       3.647    
   37.00       3.173    
   38.00       2.749    
   39.00       2.386    
   40.00       2.091    
   41.00       1.864    
   42.00       1.702    
   43.00       1.600    
   44.00       1.549    
   45.00       1.538    
   46.00       1.556    
   47.00       1.592    
   48.00       1.636    
   49.00       1.680    
   50.00       1.715    
   51.00       1.736    
   52.00       1.740    
   53.00       1.725    
   54.00       1.690    
   55.00       1.637    
   56.00       1.567    
   57.00       1.483    
   58.00       1.388    
   59.00       1.286    
   60.00       1.180    
   61.00       1.073    
   62.00      0.9683    
   63.00      0.8677    
   64.00      0.7732    
   65.00      0.6864    
   66.00      0.6080    
   67.00      0.5387    
   68.00      0.4785    
   69.00      0.4273    
   70.00      0.3846    
   71.00      0.3498    
   72.00      0.3220    
   73.00      0.3006    
   74.00      0.2846    
   75.00      0.2730    
   76.00      0.2652    
   77.00      0.2602    
   78.00      0.2574    
   79.00      0.2562    
   80.00      0.2559    
 END
