#  81 angles,  1 tensor ranks for 0=projectile
@subtitle   "39K(3He,d)40Ca 21 MeV DWBA ZR 9226.69 keV Jpi=3- l=1 n=3 j=3/2"                
@legend ON
@legend x1 0.2
@legend y1 0.8
@g0 type LOGY
@yaxis ticklabel format power
@legend string   0 "Lab energy =   21.0000"
#legend string   0 "Partition=  2 Excit=  1 near/far= 1"
#  Theta       sigma       iT11        T20         T21         T22         Kyy for projectile
   0.000       41.21    
   1.000       41.12    
   2.000       40.82    
   3.000       40.32    
   4.000       39.58    
   5.000       38.57    
   6.000       37.27    
   7.000       35.68    
   8.000       33.79    
   9.000       31.63    
   10.00       29.24    
   11.00       26.68    
   12.00       24.04    
   13.00       21.39    
   14.00       18.83    
   15.00       16.43    
   16.00       14.27    
   17.00       12.39    
   18.00       10.83    
   19.00       9.593    
   20.00       8.666    
   21.00       8.019    
   22.00       7.605    
   23.00       7.371    
   24.00       7.259    
   25.00       7.210    
   26.00       7.175    
   27.00       7.111    
   28.00       6.987    
   29.00       6.785    
   30.00       6.497    
   31.00       6.128    
   32.00       5.690    
   33.00       5.200    
   34.00       4.681    
   35.00       4.156    
   36.00       3.647    
   37.00       3.173    
   38.00       2.749    
   39.00       2.386    
   40.00       2.091    
   41.00       1.864    
   42.00       1.702    
   43.00       1.600    
   44.00       1.549    
   45.00       1.538    
   46.00       1.556    
   47.00       1.592    
   48.00       1.636    
   49.00       1.680    
   50.00       1.715    
   51.00       1.736    
   52.00       1.740    
   53.00       1.725    
   54.00       1.690    
   55.00       1.637    
   56.00       1.567    
   57.00       1.483    
   58.00       1.388    
   59.00       1.286    
   60.00       1.180    
   61.00       1.073    
   62.00      0.9683    
   63.00      0.8677    
   64.00      0.7732    
   65.00      0.6864    
   66.00      0.6080    
   67.00      0.5387    
   68.00      0.4785    
   69.00      0.4273    
   70.00      0.3846    
   71.00      0.3498    
   72.00      0.3220    
   73.00      0.3006    
   74.00      0.2846    
   75.00      0.2730    
   76.00      0.2652    
   77.00      0.2602    
   78.00      0.2574    
   79.00      0.2562    
   80.00      0.2559    
 END
