     0.0   1.503      1
     0.0   3.006     -1
     1.0   13.52      1
     1.0   27.05     -1
     2.0   30.04      1
     2.0   60.09     -1
     3.0   42.04      1
     3.0   84.09     -1
     4.0   53.97      1
     4.0   108.0     -1
     5.0   65.87      1
     5.0   131.5     -1
     6.0   76.27      1
     6.0   153.4     -1
     7.0   86.27      1
     7.0   169.8     -1
     8.0   85.02      1
     8.0   173.5     -1
     9.0   80.72      1
     9.0   159.6     -1
    10.0   64.91      1
    10.0   129.9     -1
    11.0   44.09      1
    11.0   91.72     -1
    12.0   30.75      1
    12.0   56.54     -1
    13.0   14.27      1
    13.0   31.89     -1
    14.0   9.656      1
    14.0   17.43     -1
    15.0   4.206      1
    15.0   9.431     -1
    16.0   2.812      1
    16.0   5.075     -1
    17.0   1.212      1
    17.0   2.718     -1
    18.0  0.8030      1
    18.0   1.449     -1
    19.0  0.3430      1
    19.0  0.7695     -1
    20.0  0.2256      1
    20.0  0.4070     -1
    21.0  0.9558E-01  1
    21.0  0.2145     -1
    22.0  0.6247E-01  1
    22.0  0.1127     -1
    23.0  0.2629E-01  1
    23.0  0.5901E-01 -1
    24.0  0.1709E-01  1
    24.0  0.3082E-01 -1
    25.0  0.7153E-02  1
    25.0  0.1606E-01 -1
    26.0  0.4630E-02  1
    26.0  0.8348E-02 -1
    27.0  0.1929E-02  1
    27.0  0.4330E-02 -1
    28.0  0.1243E-02  1
    28.0  0.2242E-02 -1
    29.0  0.5159E-03  1
    29.0  0.1158E-02 -1
    30.0  0.3313E-03  1
    30.0  0.5974E-03 -1
