#  81 angles,  1 tensor ranks for 0=projectile
@subtitle   "39K(3He,d)40Ca 21 MeV DWBA ZR 8851 keV Jpi=3- l=3 n=1 j=7/2"                   
@legend ON
@legend x1 0.2
@legend y1 0.8
@g0 type LOGY
@yaxis ticklabel format power
@legend string   0 "Lab energy =   21.0000"
#legend string   0 "Partition=  2 Excit=  1 near/far= 1"
#  Theta       sigma       iT11        T20         T21         T22         Kyy for projectile
   0.000       4.852    
   1.000       4.858    
   2.000       4.874    
   3.000       4.901    
   4.000       4.937    
   5.000       4.979    
   6.000       5.026    
   7.000       5.075    
   8.000       5.124    
   9.000       5.169    
   10.00       5.208    
   11.00       5.237    
   12.00       5.253    
   13.00       5.252    
   14.00       5.230    
   15.00       5.184    
   16.00       5.111    
   17.00       5.008    
   18.00       4.875    
   19.00       4.711    
   20.00       4.519    
   21.00       4.300    
   22.00       4.059    
   23.00       3.798    
   24.00       3.525    
   25.00       3.243    
   26.00       2.958    
   27.00       2.677    
   28.00       2.404    
   29.00       2.145    
   30.00       1.905    
   31.00       1.686    
   32.00       1.493    
   33.00       1.325    
   34.00       1.183    
   35.00       1.067    
   36.00      0.9732    
   37.00      0.9005    
   38.00      0.8455    
   39.00      0.8049    
   40.00      0.7753    
   41.00      0.7536    
   42.00      0.7367    
   43.00      0.7220    
   44.00      0.7073    
   45.00      0.6906    
   46.00      0.6708    
   47.00      0.6469    
   48.00      0.6189    
   49.00      0.5869    
   50.00      0.5514    
   51.00      0.5133    
   52.00      0.4736    
   53.00      0.4333    
   54.00      0.3934    
   55.00      0.3547    
   56.00      0.3181    
   57.00      0.2841    
   58.00      0.2531    
   59.00      0.2256    
   60.00      0.2015    
   61.00      0.1809    
   62.00      0.1636    
   63.00      0.1494    
   64.00      0.1377    
   65.00      0.1283    
   66.00      0.1206    
   67.00      0.1143    
   68.00      0.1090    
   69.00      0.1044    
   70.00      0.1003    
   71.00      0.9640E-01
   72.00      0.9263E-01
   73.00      0.8891E-01
   74.00      0.8522E-01
   75.00      0.8156E-01
   76.00      0.7796E-01
   77.00      0.7449E-01
   78.00      0.7122E-01
   79.00      0.6825E-01
   80.00      0.6563E-01
 END
