#  81 angles,  1 tensor ranks for 0=projectile
@subtitle   "39K(3He,d)40Ca 21 MeV DWBA ZR 8851 keV Jpi=3- l=3 n=1 j=7/2"                   
@legend ON
@legend x1 0.2
@legend y1 0.8
@g0 type LOGY
@yaxis ticklabel format power
@xaxis label "Scattering angle (degrees)"
@yaxis label "Cross section (mb/sr)"
@legend string   0 "Partition=  1 Excit=  1 near/far= 1"
#legend string   0 "Lab energy =   21.0000"
@s0 linestyle   1
#  Theta       sigma       iT11        T20         T21         T22         Kyy for projectile
  0.1000E-01   1.000    
   1.000      0.9997    
   2.000       1.001    
   3.000      0.9801    
   4.000      0.9937    
   5.000       1.036    
   6.000       1.069    
   7.000       1.070    
   8.000       1.043    
   9.000       1.001    
   10.00      0.9589    
   11.00      0.9259    
   12.00      0.9030    
   13.00      0.8865    
   14.00      0.8704    
   15.00      0.8486    
   16.00      0.8173    
   17.00      0.7752    
   18.00      0.7238    
   19.00      0.6664    
   20.00      0.6075    
   21.00      0.5518    
   22.00      0.5029    
   23.00      0.4636    
   24.00      0.4347    
   25.00      0.4158    
   26.00      0.4051    
   27.00      0.3999    
   28.00      0.3972    
   29.00      0.3941    
   30.00      0.3882    
   31.00      0.3777    
   32.00      0.3620    
   33.00      0.3412    
   34.00      0.3163    
   35.00      0.2889    
   36.00      0.2608    
   37.00      0.2340    
   38.00      0.2104    
   39.00      0.1911    
   40.00      0.1770    
   41.00      0.1682    
   42.00      0.1644    
   43.00      0.1646    
   44.00      0.1677    
   45.00      0.1721    
   46.00      0.1765    
   47.00      0.1796    
   48.00      0.1803    
   49.00      0.1779    
   50.00      0.1722    
   51.00      0.1633    
   52.00      0.1516    
   53.00      0.1378    
   54.00      0.1229    
   55.00      0.1077    
   56.00      0.9318E-01
   57.00      0.8011E-01
   58.00      0.6912E-01
   59.00      0.6059E-01
   60.00      0.5467E-01
   61.00      0.5129E-01
   62.00      0.5018E-01
   63.00      0.5093E-01
   64.00      0.5301E-01
   65.00      0.5587E-01
   66.00      0.5895E-01
   67.00      0.6177E-01
   68.00      0.6392E-01
   69.00      0.6510E-01
   70.00      0.6515E-01
   71.00      0.6402E-01
   72.00      0.6176E-01
   73.00      0.5853E-01
   74.00      0.5453E-01
   75.00      0.5000E-01
   76.00      0.4522E-01
   77.00      0.4042E-01
   78.00      0.3583E-01
   79.00      0.3163E-01
   80.00      0.2793E-01
 END
@legend string   1 "Partition=  2 Excit=  1 near/far= 1"
#legend string   0 "Lab energy =   21.0000"
@s1 linestyle   2
#  Theta       sigma       iT11        T20         T21         T22         Kyy for projectile
   0.000       4.852    
   1.000       4.858    
   2.000       4.874    
   3.000       4.901    
   4.000       4.937    
   5.000       4.979    
   6.000       5.026    
   7.000       5.075    
   8.000       5.124    
   9.000       5.169    
   10.00       5.208    
   11.00       5.237    
   12.00       5.253    
   13.00       5.252    
   14.00       5.230    
   15.00       5.184    
   16.00       5.111    
   17.00       5.008    
   18.00       4.875    
   19.00       4.711    
   20.00       4.519    
   21.00       4.300    
   22.00       4.059    
   23.00       3.798    
   24.00       3.525    
   25.00       3.243    
   26.00       2.958    
   27.00       2.677    
   28.00       2.404    
   29.00       2.145    
   30.00       1.905    
   31.00       1.686    
   32.00       1.493    
   33.00       1.325    
   34.00       1.183    
   35.00       1.067    
   36.00      0.9732    
   37.00      0.9005    
   38.00      0.8455    
   39.00      0.8049    
   40.00      0.7753    
   41.00      0.7536    
   42.00      0.7367    
   43.00      0.7220    
   44.00      0.7073    
   45.00      0.6906    
   46.00      0.6708    
   47.00      0.6469    
   48.00      0.6189    
   49.00      0.5869    
   50.00      0.5514    
   51.00      0.5133    
   52.00      0.4736    
   53.00      0.4333    
   54.00      0.3934    
   55.00      0.3547    
   56.00      0.3181    
   57.00      0.2841    
   58.00      0.2531    
   59.00      0.2256    
   60.00      0.2015    
   61.00      0.1809    
   62.00      0.1636    
   63.00      0.1494    
   64.00      0.1377    
   65.00      0.1283    
   66.00      0.1206    
   67.00      0.1143    
   68.00      0.1090    
   69.00      0.1044    
   70.00      0.1003    
   71.00      0.9640E-01
   72.00      0.9263E-01
   73.00      0.8891E-01
   74.00      0.8522E-01
   75.00      0.8156E-01
   76.00      0.7796E-01
   77.00      0.7449E-01
   78.00      0.7122E-01
   79.00      0.6825E-01
   80.00      0.6563E-01
 END
