     0.0   1.502      1
     0.0   3.005     -1
     1.0   13.51      1
     1.0   27.00     -1
     2.0   30.01      1
     2.0   59.98     -1
     3.0   42.05      1
     3.0   83.98     -1
     4.0   53.93      1
     4.0   107.8     -1
     5.0   65.80      1
     5.0   131.1     -1
     6.0   75.97      1
     6.0   152.6     -1
     7.0   85.53      1
     7.0   168.2     -1
     8.0   83.54      1
     8.0   170.3     -1
     9.0   79.02      1
     9.0   154.7     -1
    10.0   61.67      1
    10.0   124.4     -1
    11.0   42.27      1
    11.0   87.73     -1
    12.0   29.52      1
    12.0   54.29     -1
    13.0   13.78      1
    13.0   30.80     -1
    14.0   9.375      1
    14.0   16.93     -1
    15.0   4.105      1
    15.0   9.203     -1
    16.0   2.754      1
    16.0   4.972     -1
    17.0   1.192      1
    17.0   2.672     -1
    18.0  0.7914      1
    18.0   1.428     -1
    19.0  0.3389      1
    19.0  0.7600     -1
    20.0  0.2232      1
    20.0  0.4027     -1
    21.0  0.9472E-01  1
    21.0  0.2126     -1
    22.0  0.6199E-01  1
    22.0  0.1118     -1
    23.0  0.2612E-01  1
    23.0  0.5863E-01 -1
    24.0  0.1700E-01  1
    24.0  0.3066E-01 -1
    25.0  0.7122E-02  1
    25.0  0.1599E-01 -1
    26.0  0.4613E-02  1
    26.0  0.8318E-02 -1
    27.0  0.1923E-02  1
    27.0  0.4318E-02 -1
    28.0  0.1241E-02  1
    28.0  0.2238E-02 -1
    29.0  0.5155E-03  1
    29.0  0.1157E-02 -1
    30.0  0.3310E-03  1
    30.0  0.5968E-03 -1
