#  81 angles,  1 tensor ranks for 0=projectile
@subtitle   "39K(3He,d)40Ca 21 MeV DWBA ZR 7623 keV Jpi=3+ l=2 n=3 j=5/2"                   
@legend ON
@legend x1 0.2
@legend y1 0.8
@g0 type LOGY
@yaxis ticklabel format power
@legend string   0 "Lab energy =   21.0000"
#legend string   0 "Partition=  2 Excit=  1 near/far= 1"
#  Theta       sigma       iT11        T20         T21         T22         Kyy for projectile
   0.000       37.49    
   1.000       37.60    
   2.000       37.91    
   3.000       38.40    
   4.000       39.05    
   5.000       39.83    
   6.000       40.68    
   7.000       41.54    
   8.000       42.34    
   9.000       43.00    
   10.00       43.44    
   11.00       43.60    
   12.00       43.39    
   13.00       42.77    
   14.00       41.70    
   15.00       40.18    
   16.00       38.22    
   17.00       35.87    
   18.00       33.20    
   19.00       30.29    
   20.00       27.26    
   21.00       24.22    
   22.00       21.26    
   23.00       18.50    
   24.00       15.99    
   25.00       13.79    
   26.00       11.92    
   27.00       10.39    
   28.00       9.179    
   29.00       8.257    
   30.00       7.582    
   31.00       7.105    
   32.00       6.776    
   33.00       6.544    
   34.00       6.363    
   35.00       6.195    
   36.00       6.008    
   37.00       5.782    
   38.00       5.505    
   39.00       5.176    
   40.00       4.803    
   41.00       4.396    
   42.00       3.970    
   43.00       3.544    
   44.00       3.131    
   45.00       2.747    
   46.00       2.401    
   47.00       2.102    
   48.00       1.853    
   49.00       1.656    
   50.00       1.508    
   51.00       1.405    
   52.00       1.341    
   53.00       1.307    
   54.00       1.296    
   55.00       1.298    
   56.00       1.305    
   57.00       1.310    
   58.00       1.307    
   59.00       1.293    
   60.00       1.265    
   61.00       1.224    
   62.00       1.169    
   63.00       1.103    
   64.00       1.028    
   65.00      0.9469    
   66.00      0.8623    
   67.00      0.7772    
   68.00      0.6946    
   69.00      0.6167    
   70.00      0.5458    
   71.00      0.4832    
   72.00      0.4300    
   73.00      0.3865    
   74.00      0.3526    
   75.00      0.3275    
   76.00      0.3101    
   77.00      0.2990    
   78.00      0.2930    
   79.00      0.2904    
   80.00      0.2899    
 END
