     0.0   1.503      1
     0.0   3.006     -1
     1.0   13.52      1
     1.0   27.05     -1
     2.0   30.04      1
     2.0   60.09     -1
     3.0   42.04      1
     3.0   84.09     -1
     4.0   53.97      1
     4.0   108.0     -1
     5.0   65.86      1
     5.0   131.5     -1
     6.0   76.26      1
     6.0   153.4     -1
     7.0   86.26      1
     7.0   169.8     -1
     8.0   85.00      1
     8.0   173.5     -1
     9.0   80.68      1
     9.0   159.6     -1
    10.0   64.88      1
    10.0   129.8     -1
    11.0   44.05      1
    11.0   91.65     -1
    12.0   30.73      1
    12.0   56.50     -1
    13.0   14.25      1
    13.0   31.87     -1
    14.0   9.651      1
    14.0   17.42     -1
    15.0   4.203      1
    15.0   9.425     -1
    16.0   2.810      1
    16.0   5.073     -1
    17.0   1.212      1
    17.0   2.717     -1
    18.0  0.8027      1
    18.0   1.449     -1
    19.0  0.3429      1
    19.0  0.7692     -1
    20.0  0.2255      1
    20.0  0.4068     -1
    21.0  0.9554E-01  1
    21.0  0.2144     -1
    22.0  0.6245E-01  1
    22.0  0.1126     -1
    23.0  0.2628E-01  1
    23.0  0.5900E-01 -1
    24.0  0.1709E-01  1
    24.0  0.3082E-01 -1
    25.0  0.7151E-02  1
    25.0  0.1606E-01 -1
    26.0  0.4629E-02  1
    26.0  0.8347E-02 -1
    27.0  0.1928E-02  1
    27.0  0.4330E-02 -1
    28.0  0.1243E-02  1
    28.0  0.2241E-02 -1
    29.0  0.5158E-03  1
    29.0  0.1158E-02 -1
    30.0  0.3312E-03  1
    30.0  0.5974E-03 -1
