#  81 angles,  1 tensor ranks for 0=projectile
@subtitle   "39K(3He,d)40Ca 21 MeV DWBA ZR 8484 keV Jpi=3- l=3 n=1 j=7/2"                   
@legend ON
@legend x1 0.2
@legend y1 0.8
@g0 type LOGY
@yaxis ticklabel format power
@legend string   0 "Lab energy =   21.0000"
#legend string   0 "Partition=  2 Excit=  1 near/far= 1"
#  Theta       sigma       iT11        T20         T21         T22         Kyy for projectile
   0.000       5.057    
   1.000       5.064    
   2.000       5.084    
   3.000       5.117    
   4.000       5.161    
   5.000       5.214    
   6.000       5.274    
   7.000       5.337    
   8.000       5.401    
   9.000       5.464    
   10.00       5.521    
   11.00       5.569    
   12.00       5.604    
   13.00       5.621    
   14.00       5.616    
   15.00       5.585    
   16.00       5.522    
   17.00       5.427    
   18.00       5.295    
   19.00       5.128    
   20.00       4.926    
   21.00       4.693    
   22.00       4.431    
   23.00       4.146    
   24.00       3.844    
   25.00       3.532    
   26.00       3.215    
   27.00       2.901    
   28.00       2.596    
   29.00       2.307    
   30.00       2.039    
   31.00       1.795    
   32.00       1.580    
   33.00       1.395    
   34.00       1.239    
   35.00       1.112    
   36.00       1.011    
   37.00      0.9331    
   38.00      0.8753    
   39.00      0.8335    
   40.00      0.8039    
   41.00      0.7827    
   42.00      0.7665    
   43.00      0.7523    
   44.00      0.7375    
   45.00      0.7203    
   46.00      0.6991    
   47.00      0.6734    
   48.00      0.6428    
   49.00      0.6079    
   50.00      0.5692    
   51.00      0.5279    
   52.00      0.4849    
   53.00      0.4416    
   54.00      0.3990    
   55.00      0.3581    
   56.00      0.3197    
   57.00      0.2844    
   58.00      0.2526    
   59.00      0.2247    
   60.00      0.2007    
   61.00      0.1804    
   62.00      0.1637    
   63.00      0.1501    
   64.00      0.1392    
   65.00      0.1305    
   66.00      0.1235    
   67.00      0.1178    
   68.00      0.1129    
   69.00      0.1085    
   70.00      0.1044    
   71.00      0.1005    
   72.00      0.9659E-01
   73.00      0.9263E-01
   74.00      0.8865E-01
   75.00      0.8467E-01
   76.00      0.8077E-01
   77.00      0.7703E-01
   78.00      0.7356E-01
   79.00      0.7046E-01
   80.00      0.6782E-01
 END
