#  81 angles,  1 tensor ranks for 0=projectile
@subtitle   "39K(3He,d)40Ca 21 MeV DWBA ZR 8851 keV Jpi=2- l=3 n=2 j=5/2"                   
@legend ON
@legend x1 0.2
@legend y1 0.8
@g0 type LOGY
@yaxis ticklabel format power
@xaxis label "Scattering angle (degrees)"
@yaxis label "Cross section (mb/sr)"
@legend string   0 "Partition=  1 Excit=  1 near/far= 1"
#legend string   0 "Lab energy =   21.0000"
@s0 linestyle   1
#  Theta       sigma       iT11        T20         T21         T22         Kyy for projectile
  0.1000E-01   1.000    
   1.000      0.9997    
   2.000       1.001    
   3.000      0.9801    
   4.000      0.9937    
   5.000       1.036    
   6.000       1.069    
   7.000       1.070    
   8.000       1.043    
   9.000       1.001    
   10.00      0.9589    
   11.00      0.9259    
   12.00      0.9030    
   13.00      0.8865    
   14.00      0.8704    
   15.00      0.8486    
   16.00      0.8173    
   17.00      0.7752    
   18.00      0.7238    
   19.00      0.6664    
   20.00      0.6075    
   21.00      0.5518    
   22.00      0.5029    
   23.00      0.4636    
   24.00      0.4347    
   25.00      0.4158    
   26.00      0.4051    
   27.00      0.3999    
   28.00      0.3972    
   29.00      0.3941    
   30.00      0.3882    
   31.00      0.3777    
   32.00      0.3620    
   33.00      0.3412    
   34.00      0.3163    
   35.00      0.2889    
   36.00      0.2608    
   37.00      0.2340    
   38.00      0.2104    
   39.00      0.1911    
   40.00      0.1770    
   41.00      0.1682    
   42.00      0.1644    
   43.00      0.1646    
   44.00      0.1677    
   45.00      0.1721    
   46.00      0.1765    
   47.00      0.1796    
   48.00      0.1803    
   49.00      0.1779    
   50.00      0.1722    
   51.00      0.1633    
   52.00      0.1516    
   53.00      0.1378    
   54.00      0.1229    
   55.00      0.1077    
   56.00      0.9318E-01
   57.00      0.8011E-01
   58.00      0.6912E-01
   59.00      0.6059E-01
   60.00      0.5467E-01
   61.00      0.5129E-01
   62.00      0.5018E-01
   63.00      0.5093E-01
   64.00      0.5301E-01
   65.00      0.5587E-01
   66.00      0.5895E-01
   67.00      0.6177E-01
   68.00      0.6392E-01
   69.00      0.6510E-01
   70.00      0.6515E-01
   71.00      0.6402E-01
   72.00      0.6176E-01
   73.00      0.5853E-01
   74.00      0.5453E-01
   75.00      0.5000E-01
   76.00      0.4522E-01
   77.00      0.4042E-01
   78.00      0.3583E-01
   79.00      0.3163E-01
   80.00      0.2793E-01
 END
@legend string   1 "Partition=  2 Excit=  1 near/far= 1"
#legend string   0 "Lab energy =   21.0000"
@s1 linestyle   2
#  Theta       sigma       iT11        T20         T21         T22         Kyy for projectile
   0.000       8.151    
   1.000       8.172    
   2.000       8.233    
   3.000       8.332    
   4.000       8.465    
   5.000       8.627    
   6.000       8.810    
   7.000       9.005    
   8.000       9.203    
   9.000       9.393    
   10.00       9.564    
   11.00       9.705    
   12.00       9.806    
   13.00       9.859    
   14.00       9.855    
   15.00       9.787    
   16.00       9.652    
   17.00       9.445    
   18.00       9.168    
   19.00       8.821    
   20.00       8.411    
   21.00       7.943    
   22.00       7.429    
   23.00       6.880    
   24.00       6.308    
   25.00       5.726    
   26.00       5.148    
   27.00       4.585    
   28.00       4.048    
   29.00       3.548    
   30.00       3.093    
   31.00       2.688    
   32.00       2.337    
   33.00       2.042    
   34.00       1.803    
   35.00       1.615    
   36.00       1.474    
   37.00       1.373    
   38.00       1.307    
   39.00       1.267    
   40.00       1.245    
   41.00       1.235    
   42.00       1.231    
   43.00       1.228    
   44.00       1.220    
   45.00       1.205    
   46.00       1.182    
   47.00       1.147    
   48.00       1.102    
   49.00       1.048    
   50.00      0.9848    
   51.00      0.9153    
   52.00      0.8416    
   53.00      0.7661    
   54.00      0.6909    
   55.00      0.6181    
   56.00      0.5494    
   57.00      0.4860    
   58.00      0.4289    
   59.00      0.3787    
   60.00      0.3353    
   61.00      0.2988    
   62.00      0.2687    
   63.00      0.2444    
   64.00      0.2251    
   65.00      0.2099    
   66.00      0.1979    
   67.00      0.1884    
   68.00      0.1805    
   69.00      0.1737    
   70.00      0.1673    
   71.00      0.1611    
   72.00      0.1548    
   73.00      0.1484    
   74.00      0.1417    
   75.00      0.1348    
   76.00      0.1279    
   77.00      0.1211    
   78.00      0.1146    
   79.00      0.1086    
   80.00      0.1032    
 END
