#  81 angles,  1 tensor ranks for 0=projectile
@subtitle   "39K(3He,d)40Ca 21 MeV DWBA ZR 8851 keV Jpi=2- l=3 n=2 j=5/2"                   
@legend ON
@legend x1 0.2
@legend y1 0.8
@g0 type LOGY
@yaxis ticklabel format power
@legend string   0 "Lab energy =   21.0000"
#legend string   0 "Partition=  2 Excit=  1 near/far= 1"
#  Theta       sigma       iT11        T20         T21         T22         Kyy for projectile
   0.000       8.151    
   1.000       8.172    
   2.000       8.233    
   3.000       8.332    
   4.000       8.465    
   5.000       8.627    
   6.000       8.810    
   7.000       9.005    
   8.000       9.203    
   9.000       9.393    
   10.00       9.564    
   11.00       9.705    
   12.00       9.806    
   13.00       9.859    
   14.00       9.855    
   15.00       9.787    
   16.00       9.652    
   17.00       9.445    
   18.00       9.168    
   19.00       8.821    
   20.00       8.411    
   21.00       7.943    
   22.00       7.429    
   23.00       6.880    
   24.00       6.308    
   25.00       5.726    
   26.00       5.148    
   27.00       4.585    
   28.00       4.048    
   29.00       3.548    
   30.00       3.093    
   31.00       2.688    
   32.00       2.337    
   33.00       2.042    
   34.00       1.803    
   35.00       1.615    
   36.00       1.474    
   37.00       1.373    
   38.00       1.307    
   39.00       1.267    
   40.00       1.245    
   41.00       1.235    
   42.00       1.231    
   43.00       1.228    
   44.00       1.220    
   45.00       1.205    
   46.00       1.182    
   47.00       1.147    
   48.00       1.102    
   49.00       1.048    
   50.00      0.9848    
   51.00      0.9153    
   52.00      0.8416    
   53.00      0.7661    
   54.00      0.6909    
   55.00      0.6181    
   56.00      0.5494    
   57.00      0.4860    
   58.00      0.4289    
   59.00      0.3787    
   60.00      0.3353    
   61.00      0.2988    
   62.00      0.2687    
   63.00      0.2444    
   64.00      0.2251    
   65.00      0.2099    
   66.00      0.1979    
   67.00      0.1884    
   68.00      0.1805    
   69.00      0.1737    
   70.00      0.1673    
   71.00      0.1611    
   72.00      0.1548    
   73.00      0.1484    
   74.00      0.1417    
   75.00      0.1348    
   76.00      0.1279    
   77.00      0.1211    
   78.00      0.1146    
   79.00      0.1086    
   80.00      0.1032    
 END
