     0.0   1.498      1
     0.0   2.997     -1
     1.0   13.49      1
     1.0   27.00     -1
     2.0   29.98      1
     2.0   59.99     -1
     3.0   41.99      1
     3.0   84.01     -1
     4.0   53.92      1
     4.0   107.9     -1
     5.0   65.83      1
     5.0   131.5     -1
     6.0   76.21      1
     6.0   153.3     -1
     7.0   86.10      1
     7.0   169.6     -1
     8.0   84.75      1
     8.0   173.0     -1
     9.0   80.33      1
     9.0   158.8     -1
    10.0   64.20      1
    10.0   128.9     -1
    11.0   43.99      1
    11.0   91.14     -1
    12.0   30.52      1
    12.0   56.28     -1
    13.0   14.25      1
    13.0   31.78     -1
    14.0   9.612      1
    14.0   17.38     -1
    15.0   4.204      1
    15.0   9.409     -1
    16.0   2.803      1
    16.0   5.066     -1
    17.0   1.212      1
    17.0   2.714     -1
    18.0  0.8014      1
    18.0   1.447     -1
    19.0  0.3430      1
    19.0  0.7687     -1
    20.0  0.2253      1
    20.0  0.4066     -1
    21.0  0.9556E-01  1
    21.0  0.2143     -1
    22.0  0.6241E-01  1
    22.0  0.1126     -1
    23.0  0.2628E-01  1
    23.0  0.5898E-01 -1
    24.0  0.1708E-01  1
    24.0  0.3081E-01 -1
    25.0  0.7152E-02  1
    25.0  0.1605E-01 -1
    26.0  0.4627E-02  1
    26.0  0.8345E-02 -1
    27.0  0.1928E-02  1
    27.0  0.4329E-02 -1
    28.0  0.1243E-02  1
    28.0  0.2241E-02 -1
    29.0  0.5158E-03  1
    29.0  0.1158E-02 -1
    30.0  0.3311E-03  1
    30.0  0.5972E-03 -1
