#  81 angles,  1 tensor ranks for 0=projectile
@subtitle   "39K(3He,d)40Ca 21 MeV DWBA ZR 8484 keV Jpi=1- l=3 n=1 j=5/2"                   
@legend ON
@legend x1 0.2
@legend y1 0.8
@g0 type LOGY
@yaxis ticklabel format power
@legend string   0 "Lab energy =   21.0000"
#legend string   0 "Partition=  2 Excit=  1 near/far= 1"
#  Theta       sigma       iT11        T20         T21         T22         Kyy for projectile
   0.000       1.964    
   1.000       1.969    
   2.000       1.983    
   3.000       2.007    
   4.000       2.038    
   5.000       2.076    
   6.000       2.120    
   7.000       2.168    
   8.000       2.217    
   9.000       2.266    
   10.00       2.312    
   11.00       2.353    
   12.00       2.387    
   13.00       2.411    
   14.00       2.424    
   15.00       2.422    
   16.00       2.404    
   17.00       2.368    
   18.00       2.314    
   19.00       2.242    
   20.00       2.153    
   21.00       2.048    
   22.00       1.928    
   23.00       1.798    
   24.00       1.660    
   25.00       1.518    
   26.00       1.374    
   27.00       1.231    
   28.00       1.094    
   29.00      0.9649    
   30.00      0.8459    
   31.00      0.7392    
   32.00      0.6460    
   33.00      0.5670    
   34.00      0.5020    
   35.00      0.4505    
   36.00      0.4112    
   37.00      0.3825    
   38.00      0.3627    
   39.00      0.3499    
   40.00      0.3423    
   41.00      0.3379    
   42.00      0.3353    
   43.00      0.3331    
   44.00      0.3300    
   45.00      0.3252    
   46.00      0.3180    
   47.00      0.3082    
   48.00      0.2957    
   49.00      0.2807    
   50.00      0.2636    
   51.00      0.2449    
   52.00      0.2253    
   53.00      0.2053    
   54.00      0.1854    
   55.00      0.1662    
   56.00      0.1480    
   57.00      0.1313    
   58.00      0.1161    
   59.00      0.1027    
   60.00      0.9112E-01
   61.00      0.8129E-01
   62.00      0.7315E-01
   63.00      0.6653E-01
   64.00      0.6126E-01
   65.00      0.5709E-01
   66.00      0.5383E-01
   67.00      0.5125E-01
   68.00      0.4917E-01
   69.00      0.4744E-01
   70.00      0.4593E-01
   71.00      0.4455E-01
   72.00      0.4325E-01
   73.00      0.4197E-01
   74.00      0.4071E-01
   75.00      0.3944E-01
   76.00      0.3818E-01
   77.00      0.3694E-01
   78.00      0.3574E-01
   79.00      0.3461E-01
   80.00      0.3357E-01
 END
