#  81 angles,  1 tensor ranks for 0=projectile
@subtitle   "39K(3He,d)40Ca 21 MeV DWBA ZR 9538 keV Jpi=1- l=1 n=2 j=3/2"                   
@legend ON
@legend x1 0.2
@legend y1 0.8
@g0 type LOGY
@yaxis ticklabel format power
@legend string   0 "Lab energy =   21.0000"
#legend string   0 "Partition=  2 Excit=  1 near/far= 1"
#  Theta       sigma       iT11        T20         T21         T22         Kyy for projectile
   0.000       8.145    
   1.000       8.126    
   2.000       8.067    
   3.000       7.966    
   4.000       7.819    
   5.000       7.620    
   6.000       7.368    
   7.000       7.060    
   8.000       6.698    
   9.000       6.289    
   10.00       5.842    
   11.00       5.368    
   12.00       4.882    
   13.00       4.401    
   14.00       3.941    
   15.00       3.515    
   16.00       3.136    
   17.00       2.812    
   18.00       2.549    
   19.00       2.346    
   20.00       2.200    
   21.00       2.105    
   22.00       2.051    
   23.00       2.026    
   24.00       2.020    
   25.00       2.021    
   26.00       2.019    
   27.00       2.006    
   28.00       1.975    
   29.00       1.924    
   30.00       1.851    
   31.00       1.757    
   32.00       1.646    
   33.00       1.522    
   34.00       1.388    
   35.00       1.251    
   36.00       1.115    
   37.00      0.9848    
   38.00      0.8635    
   39.00      0.7540    
   40.00      0.6580    
   41.00      0.5764    
   42.00      0.5091    
   43.00      0.4552    
   44.00      0.4135    
   45.00      0.3823    
   46.00      0.3596    
   47.00      0.3436    
   48.00      0.3323    
   49.00      0.3242    
   50.00      0.3180    
   51.00      0.3124    
   52.00      0.3067    
   53.00      0.3004    
   54.00      0.2933    
   55.00      0.2853    
   56.00      0.2765    
   57.00      0.2671    
   58.00      0.2574    
   59.00      0.2477    
   60.00      0.2383    
   61.00      0.2293    
   62.00      0.2210    
   63.00      0.2135    
   64.00      0.2067    
   65.00      0.2007    
   66.00      0.1953    
   67.00      0.1904    
   68.00      0.1858    
   69.00      0.1815    
   70.00      0.1771    
   71.00      0.1726    
   72.00      0.1679    
   73.00      0.1628    
   74.00      0.1572    
   75.00      0.1512    
   76.00      0.1448    
   77.00      0.1379    
   78.00      0.1306    
   79.00      0.1231    
   80.00      0.1154    
 END
