#  81 angles,  1 tensor ranks for 0=projectile
@subtitle   "39K(3He,d)40Ca 21 MeV DWBA ZR 8665 keV Jpi=1- l=3 n=1 j=5/2"                   
@legend ON
@legend x1 0.2
@legend y1 0.8
@g0 type LOGY
@yaxis ticklabel format power
@legend string   0 "Lab energy =   21.0000"
#legend string   0 "Partition=  2 Excit=  1 near/far= 1"
#  Theta       sigma       iT11        T20         T21         T22         Kyy for projectile
   0.000       1.932    
   1.000       1.936    
   2.000       1.950    
   3.000       1.972    
   4.000       2.001    
   5.000       2.036    
   6.000       2.077    
   7.000       2.120    
   8.000       2.165    
   9.000       2.209    
   10.00       2.250    
   11.00       2.286    
   12.00       2.315    
   13.00       2.334    
   14.00       2.342    
   15.00       2.337    
   16.00       2.316    
   17.00       2.278    
   18.00       2.224    
   19.00       2.153    
   20.00       2.065    
   21.00       1.963    
   22.00       1.849    
   23.00       1.725    
   24.00       1.593    
   25.00       1.457    
   26.00       1.320    
   27.00       1.185    
   28.00       1.055    
   29.00      0.9326    
   30.00      0.8196    
   31.00      0.7182    
   32.00      0.6295    
   33.00      0.5540    
   34.00      0.4918    
   35.00      0.4422    
   36.00      0.4042    
   37.00      0.3762    
   38.00      0.3566    
   39.00      0.3438    
   40.00      0.3358    
   41.00      0.3311    
   42.00      0.3282    
   43.00      0.3257    
   44.00      0.3225    
   45.00      0.3178    
   46.00      0.3109    
   47.00      0.3015    
   48.00      0.2896    
   49.00      0.2753    
   50.00      0.2591    
   51.00      0.2412    
   52.00      0.2224    
   53.00      0.2031    
   54.00      0.1839    
   55.00      0.1653    
   56.00      0.1476    
   57.00      0.1312    
   58.00      0.1163    
   59.00      0.1031    
   60.00      0.9150E-01
   61.00      0.8165E-01
   62.00      0.7342E-01
   63.00      0.6669E-01
   64.00      0.6127E-01
   65.00      0.5697E-01
   66.00      0.5358E-01
   67.00      0.5089E-01
   68.00      0.4873E-01
   69.00      0.4693E-01
   70.00      0.4538E-01
   71.00      0.4399E-01
   72.00      0.4268E-01
   73.00      0.4141E-01
   74.00      0.4016E-01
   75.00      0.3892E-01
   76.00      0.3768E-01
   77.00      0.3646E-01
   78.00      0.3527E-01
   79.00      0.3413E-01
   80.00      0.3306E-01
 END
