     0.0   1.502      1
     0.0   3.004     -1
     1.0   13.52      1
     1.0   27.02     -1
     2.0   30.01      1
     2.0   60.03     -1
     3.0   42.05      1
     3.0   84.02     -1
     4.0   53.95      1
     4.0   107.9     -1
     5.0   65.93      1
     5.0   131.5     -1
     6.0   76.25      1
     6.0   153.3     -1
     7.0   86.39      1
     7.0   169.6     -1
     8.0   84.71      1
     8.0   173.2     -1
     9.0   80.91      1
     9.0   159.4     -1
    10.0   64.80      1
    10.0   129.8     -1
    11.0   44.08      1
    11.0   91.69     -1
    12.0   30.75      1
    12.0   56.53     -1
    13.0   14.26      1
    13.0   31.89     -1
    14.0   9.655      1
    14.0   17.43     -1
    15.0   4.205      1
    15.0   9.429     -1
    16.0   2.811      1
    16.0   5.074     -1
    17.0   1.212      1
    17.0   2.718     -1
    18.0  0.8028      1
    18.0   1.449     -1
    19.0  0.3429      1
    19.0  0.7693     -1
    20.0  0.2255      1
    20.0  0.4069     -1
    21.0  0.9555E-01  1
    21.0  0.2144     -1
    22.0  0.6246E-01  1
    22.0  0.1126     -1
    23.0  0.2628E-01  1
    23.0  0.5900E-01 -1
    24.0  0.1709E-01  1
    24.0  0.3082E-01 -1
    25.0  0.7152E-02  1
    25.0  0.1606E-01 -1
    26.0  0.4630E-02  1
    26.0  0.8347E-02 -1
    27.0  0.1928E-02  1
    27.0  0.4330E-02 -1
    28.0  0.1243E-02  1
    28.0  0.2241E-02 -1
    29.0  0.5159E-03  1
    29.0  0.1158E-02 -1
    30.0  0.3312E-03  1
    30.0  0.5973E-03 -1
