#  81 angles,  1 tensor ranks for 0=projectile
@subtitle   "39K(3He,d)40Ca 21 MeV DWBA ZR 7623 keV Jpi=3+ l=4 n=2 j=9/2"                   
@legend ON
@legend x1 0.2
@legend y1 0.8
@g0 type LOGY
@yaxis ticklabel format power
@legend string   0 "Lab energy =   21.0000"
#legend string   0 "Partition=  2 Excit=  1 near/far= 1"
#  Theta       sigma       iT11        T20         T21         T22         Kyy for projectile
   0.000       3.236    
   1.000       3.237    
   2.000       3.240    
   3.000       3.245    
   4.000       3.254    
   5.000       3.267    
   6.000       3.284    
   7.000       3.308    
   8.000       3.338    
   9.000       3.377    
   10.00       3.426    
   11.00       3.485    
   12.00       3.555    
   13.00       3.636    
   14.00       3.729    
   15.00       3.831    
   16.00       3.941    
   17.00       4.056    
   18.00       4.172    
   19.00       4.284    
   20.00       4.387    
   21.00       4.475    
   22.00       4.543    
   23.00       4.584    
   24.00       4.594    
   25.00       4.569    
   26.00       4.506    
   27.00       4.404    
   28.00       4.263    
   29.00       4.086    
   30.00       3.875    
   31.00       3.635    
   32.00       3.373    
   33.00       3.094    
   34.00       2.806    
   35.00       2.516    
   36.00       2.230    
   37.00       1.956    
   38.00       1.699    
   39.00       1.463    
   40.00       1.252    
   41.00       1.068    
   42.00      0.9121    
   43.00      0.7841    
   44.00      0.6828    
   45.00      0.6061    
   46.00      0.5511    
   47.00      0.5147    
   48.00      0.4933    
   49.00      0.4833    
   50.00      0.4813    
   51.00      0.4842    
   52.00      0.4889    
   53.00      0.4934    
   54.00      0.4956    
   55.00      0.4943    
   56.00      0.4887    
   57.00      0.4785    
   58.00      0.4639    
   59.00      0.4452    
   60.00      0.4232    
   61.00      0.3987    
   62.00      0.3726    
   63.00      0.3458    
   64.00      0.3192    
   65.00      0.2934    
   66.00      0.2692    
   67.00      0.2469    
   68.00      0.2270    
   69.00      0.2096    
   70.00      0.1947    
   71.00      0.1821    
   72.00      0.1718    
   73.00      0.1633    
   74.00      0.1564    
   75.00      0.1507    
   76.00      0.1459    
   77.00      0.1416    
   78.00      0.1375    
   79.00      0.1335    
   80.00      0.1293    
 END
