#  81 angles,  1 tensor ranks for 0=projectile
@subtitle   "39K(3He,d)40Ca 21 MeV DWBA ZR 7623 keV Jpi=2- l=3 n=1 j=7/2"                   
@legend ON
@legend x1 0.2
@legend y1 0.8
@g0 type LOGY
@yaxis ticklabel format power
@legend string   0 "Lab energy =   21.0000"
#legend string   0 "Partition=  2 Excit=  1 near/far= 1"
#  Theta       sigma       iT11        T20         T21         T22         Kyy for projectile
   0.000       2.863    
   1.000       2.867    
   2.000       2.880    
   3.000       2.902    
   4.000       2.931    
   5.000       2.968    
   6.000       3.012    
   7.000       3.062    
   8.000       3.117    
   9.000       3.177    
   10.00       3.239    
   11.00       3.302    
   12.00       3.361    
   13.00       3.414    
   14.00       3.456    
   15.00       3.482    
   16.00       3.489    
   17.00       3.473    
   18.00       3.430    
   19.00       3.360    
   20.00       3.262    
   21.00       3.136    
   22.00       2.985    
   23.00       2.811    
   24.00       2.619    
   25.00       2.412    
   26.00       2.197    
   27.00       1.978    
   28.00       1.762    
   29.00       1.554    
   30.00       1.359    
   31.00       1.180    
   32.00       1.023    
   33.00      0.8872    
   34.00      0.7746    
   35.00      0.6844    
   36.00      0.6149    
   37.00      0.5636    
   38.00      0.5277    
   39.00      0.5040    
   40.00      0.4894    
   41.00      0.4808    
   42.00      0.4756    
   43.00      0.4714    
   44.00      0.4664    
   45.00      0.4592    
   46.00      0.4486    
   47.00      0.4342    
   48.00      0.4157    
   49.00      0.3934    
   50.00      0.3680    
   51.00      0.3401    
   52.00      0.3109    
   53.00      0.2812    
   54.00      0.2522    
   55.00      0.2246    
   56.00      0.1991    
   57.00      0.1762    
   58.00      0.1562    
   59.00      0.1391    
   60.00      0.1249    
   61.00      0.1133    
   62.00      0.1041    
   63.00      0.9678E-01
   64.00      0.9112E-01
   65.00      0.8669E-01
   66.00      0.8315E-01
   67.00      0.8019E-01
   68.00      0.7754E-01
   69.00      0.7502E-01
   70.00      0.7246E-01
   71.00      0.6980E-01
   72.00      0.6701E-01
   73.00      0.6410E-01
   74.00      0.6112E-01
   75.00      0.5817E-01
   76.00      0.5534E-01
   77.00      0.5272E-01
   78.00      0.5040E-01
   79.00      0.4846E-01
   80.00      0.4695E-01
 END
