     0.0   1.501      1
     0.0   3.003     -1
     1.0   13.52      1
     1.0   27.04     -1
     2.0   30.03      1
     2.0   60.08     -1
     3.0   42.06      1
     3.0   84.10     -1
     4.0   53.96      1
     4.0   108.0     -1
     5.0   65.91      1
     5.0   131.6     -1
     6.0   76.26      1
     6.0   153.4     -1
     7.0   86.39      1
     7.0   169.8     -1
     8.0   84.93      1
     8.0   173.7     -1
     9.0   81.11      1
     9.0   160.0     -1
    10.0   65.11      1
    10.0   130.3     -1
    11.0   44.25      1
    11.0   92.02     -1
    12.0   30.82      1
    12.0   56.69     -1
    13.0   14.30      1
    13.0   31.96     -1
    14.0   9.670      1
    14.0   17.46     -1
    15.0   4.213      1
    15.0   9.443     -1
    16.0   2.814      1
    16.0   5.081     -1
    17.0   1.214      1
    17.0   2.721     -1
    18.0  0.8035      1
    18.0   1.450     -1
    19.0  0.3433      1
    19.0  0.7699     -1
    20.0  0.2257      1
    20.0  0.4071     -1
    21.0  0.9562E-01  1
    21.0  0.2146     -1
    22.0  0.6249E-01  1
    22.0  0.1127     -1
    23.0  0.2630E-01  1
    23.0  0.5902E-01 -1
    24.0  0.1709E-01  1
    24.0  0.3082E-01 -1
    25.0  0.7152E-02  1
    25.0  0.1606E-01 -1
    26.0  0.4627E-02  1
    26.0  0.8343E-02 -1
    27.0  0.1926E-02  1
    27.0  0.4326E-02 -1
    28.0  0.1242E-02  1
    28.0  0.2238E-02 -1
    29.0  0.5146E-03  1
    29.0  0.1155E-02 -1
    30.0  0.3293E-03  1
    30.0  0.5936E-03 -1
