#  81 angles,  1 tensor ranks for 0=projectile
@subtitle   "39K(3He,d)40Ca 21 MeV DWBA ZR 8425 keV Jpi=2- l=3 n=2 j=5/2"                   
@legend ON
@legend x1 0.2
@legend y1 0.8
@g0 type LOGY
@yaxis ticklabel format power
@legend string   0 "Lab energy =   21.0000"
#legend string   0 "Partition=  2 Excit=  1 near/far= 1"
#  Theta       sigma       iT11        T20         T21         T22         Kyy for projectile
   0.000       8.445    
   1.000       8.470    
   2.000       8.545    
   3.000       8.668    
   4.000       8.832    
   5.000       9.030    
   6.000       9.255    
   7.000       9.496    
   8.000       9.743    
   9.000       9.984    
   10.00       10.21    
   11.00       10.40    
   12.00       10.55    
   13.00       10.66    
   14.00       10.69    
   15.00       10.66    
   16.00       10.55    
   17.00       10.35    
   18.00       10.08    
   19.00       9.714    
   20.00       9.275    
   21.00       8.767    
   22.00       8.202    
   23.00       7.593    
   24.00       6.955    
   25.00       6.302    
   26.00       5.651    
   27.00       5.016    
   28.00       4.410    
   29.00       3.845    
   30.00       3.331    
   31.00       2.876    
   32.00       2.484    
   33.00       2.156    
   34.00       1.891    
   35.00       1.686    
   36.00       1.535    
   37.00       1.430    
   38.00       1.362    
   39.00       1.323    
   40.00       1.305    
   41.00       1.300    
   42.00       1.299    
   43.00       1.298    
   44.00       1.292    
   45.00       1.277    
   46.00       1.250    
   47.00       1.212    
   48.00       1.161    
   49.00       1.099    
   50.00       1.029    
   51.00      0.9515    
   52.00      0.8703    
   53.00      0.7878    
   54.00      0.7065    
   55.00      0.6287    
   56.00      0.5561    
   57.00      0.4900    
   58.00      0.4314    
   59.00      0.3805    
   60.00      0.3374    
   61.00      0.3019    
   62.00      0.2732    
   63.00      0.2506    
   64.00      0.2332    
   65.00      0.2197    
   66.00      0.2093    
   67.00      0.2010    
   68.00      0.1940    
   69.00      0.1876    
   70.00      0.1813    
   71.00      0.1748    
   72.00      0.1680    
   73.00      0.1607    
   74.00      0.1531    
   75.00      0.1453    
   76.00      0.1374    
   77.00      0.1296    
   78.00      0.1222    
   79.00      0.1155    
   80.00      0.1095    
 END
