     0.0   1.497      1
     0.0   2.996     -1
     1.0   13.49      1
     1.0   26.99     -1
     2.0   29.97      1
     2.0   59.98     -1
     3.0   41.98      1
     3.0   84.00     -1
     4.0   53.91      1
     4.0   107.9     -1
     5.0   65.82      1
     5.0   131.5     -1
     6.0   76.19      1
     6.0   153.3     -1
     7.0   86.09      1
     7.0   169.5     -1
     8.0   84.73      1
     8.0   173.0     -1
     9.0   80.26      1
     9.0   158.7     -1
    10.0   64.14      1
    10.0   128.7     -1
    11.0   43.92      1
    11.0   90.98     -1
    12.0   30.46      1
    12.0   56.18     -1
    13.0   14.23      1
    13.0   31.73     -1
    14.0   9.595      1
    14.0   17.35     -1
    15.0   4.199      1
    15.0   9.396     -1
    16.0   2.799      1
    16.0   5.059     -1
    17.0   1.211      1
    17.0   2.711     -1
    18.0  0.8004      1
    18.0   1.446     -1
    19.0  0.3427      1
    19.0  0.7679     -1
    20.0  0.2250      1
    20.0  0.4062     -1
    21.0  0.9550E-01  1
    21.0  0.2141     -1
    22.0  0.6235E-01  1
    22.0  0.1125     -1
    23.0  0.2627E-01  1
    23.0  0.5894E-01 -1
    24.0  0.1707E-01  1
    24.0  0.3079E-01 -1
    25.0  0.7149E-02  1
    25.0  0.1604E-01 -1
    26.0  0.4624E-02  1
    26.0  0.8341E-02 -1
    27.0  0.1928E-02  1
    27.0  0.4327E-02 -1
    28.0  0.1242E-02  1
    28.0  0.2240E-02 -1
    29.0  0.5157E-03  1
    29.0  0.1158E-02 -1
    30.0  0.3310E-03  1
    30.0  0.5971E-03 -1
