#  81 angles,  1 tensor ranks for 0=projectile
@subtitle   "39K(3He,d)40Ca 21 MeV DWBA ZR 8188 keV Jpi=3- l=3 n=2 j=7/2"                   
@legend ON
@legend x1 0.2
@legend y1 0.8
@g0 type LOGY
@yaxis ticklabel format power
@legend string   0 "Lab energy =   21.0000"
#legend string   0 "Partition=  2 Excit=  1 near/far= 1"
#  Theta       sigma       iT11        T20         T21         T22         Kyy for projectile
   0.000       12.81    
   1.000       12.84    
   2.000       12.91    
   3.000       13.04    
   4.000       13.21    
   5.000       13.41    
   6.000       13.63    
   7.000       13.87    
   8.000       14.11    
   9.000       14.33    
   10.00       14.53    
   11.00       14.69    
   12.00       14.80    
   13.00       14.84    
   14.00       14.81    
   15.00       14.70    
   16.00       14.50    
   17.00       14.21    
   18.00       13.81    
   19.00       13.32    
   20.00       12.74    
   21.00       12.06    
   22.00       11.32    
   23.00       10.51    
   24.00       9.665    
   25.00       8.801    
   26.00       7.938    
   27.00       7.098    
   28.00       6.297    
   29.00       5.550    
   30.00       4.869    
   31.00       4.262    
   32.00       3.735    
   33.00       3.287    
   34.00       2.920    
   35.00       2.628    
   36.00       2.404    
   37.00       2.240    
   38.00       2.125    
   39.00       2.048    
   40.00       1.997    
   41.00       1.961    
   42.00       1.931    
   43.00       1.900    
   44.00       1.860    
   45.00       1.809    
   46.00       1.744    
   47.00       1.665    
   48.00       1.573    
   49.00       1.470    
   50.00       1.358    
   51.00       1.240    
   52.00       1.120    
   53.00       1.001    
   54.00      0.8864    
   55.00      0.7793    
   56.00      0.6821    
   57.00      0.5964    
   58.00      0.5233    
   59.00      0.4630    
   60.00      0.4151    
   61.00      0.3785    
   62.00      0.3519    
   63.00      0.3336    
   64.00      0.3221    
   65.00      0.3156    
   66.00      0.3124    
   67.00      0.3111    
   68.00      0.3103    
   69.00      0.3091    
   70.00      0.3064    
   71.00      0.3019    
   72.00      0.2950    
   73.00      0.2859    
   74.00      0.2746    
   75.00      0.2616    
   76.00      0.2473    
   77.00      0.2323    
   78.00      0.2172    
   79.00      0.2025    
   80.00      0.1886    
 END
