     0.0   1.497      1
     0.0   2.993     -1
     1.0   13.45      1
     1.0   26.94     -1
     2.0   29.91      1
     2.0   59.89     -1
     3.0   41.93      1
     3.0   83.93     -1
     4.0   53.85      1
     4.0   107.8     -1
     5.0   65.78      1
     5.0   131.4     -1
     6.0   76.05      1
     6.0   153.1     -1
     7.0   85.95      1
     7.0   169.1     -1
     8.0   84.42      1
     8.0   172.1     -1
     9.0   79.55      1
     9.0   157.8     -1
    10.0   64.16      1
    10.0   128.2     -1
    11.0   43.52      1
    11.0   90.62     -1
    12.0   30.48      1
    12.0   55.98     -1
    13.0   14.13      1
    13.0   31.63     -1
    14.0   9.598      1
    14.0   17.31     -1
    15.0   4.176      1
    15.0   9.375     -1
    16.0   2.799      1
    16.0   5.049     -1
    17.0   1.206      1
    17.0   2.706     -1
    18.0  0.8005      1
    18.0   1.444     -1
    19.0  0.3417      1
    19.0  0.7670     -1
    20.0  0.2250      1
    20.0  0.4058     -1
    21.0  0.9530E-01  1
    21.0  0.2140     -1
    22.0  0.6236E-01  1
    22.0  0.1124     -1
    23.0  0.2624E-01  1
    23.0  0.5891E-01 -1
    24.0  0.1707E-01  1
    24.0  0.3078E-01 -1
    25.0  0.7143E-02  1
    25.0  0.1604E-01 -1
    26.0  0.4626E-02  1
    26.0  0.8340E-02 -1
    27.0  0.1928E-02  1
    27.0  0.4328E-02 -1
    28.0  0.1243E-02  1
    28.0  0.2241E-02 -1
    29.0  0.5159E-03  1
    29.0  0.1158E-02 -1
    30.0  0.3311E-03  1
    30.0  0.5970E-03 -1
