#  81 angles,  1 tensor ranks for 0=projectile
@subtitle   "39K(3He,d)40Ca 21 MeV DWBA ZR 9669 keV Jpi=3- l=3 n=1 j=5/2"                   
@legend ON
@legend x1 0.2
@legend y1 0.8
@g0 type LOGY
@yaxis ticklabel format power
@legend string   0 "Lab energy =   21.0000"
#legend string   0 "Partition=  2 Excit=  1 near/far= 1"
#  Theta       sigma       iT11        T20         T21         T22         Kyy for projectile
   0.000       3.948    
   1.000       3.954    
   2.000       3.972    
   3.000       4.002    
   4.000       4.041    
   5.000       4.089    
   6.000       4.143    
   7.000       4.200    
   8.000       4.257    
   9.000       4.309    
   10.00       4.353    
   11.00       4.384    
   12.00       4.401    
   13.00       4.398    
   14.00       4.375    
   15.00       4.328    
   16.00       4.257    
   17.00       4.160    
   18.00       4.038    
   19.00       3.892    
   20.00       3.723    
   21.00       3.532    
   22.00       3.324    
   23.00       3.102    
   24.00       2.871    
   25.00       2.636    
   26.00       2.401    
   27.00       2.170    
   28.00       1.950    
   29.00       1.742    
   30.00       1.551    
   31.00       1.378    
   32.00       1.225    
   33.00       1.094    
   34.00      0.9841    
   35.00      0.8944    
   36.00      0.8236    
   37.00      0.7697    
   38.00      0.7302    
   39.00      0.7024    
   40.00      0.6835    
   41.00      0.6708    
   42.00      0.6618    
   43.00      0.6543    
   44.00      0.6463    
   45.00      0.6365    
   46.00      0.6237    
   47.00      0.6072    
   48.00      0.5868    
   49.00      0.5624    
   50.00      0.5344    
   51.00      0.5032    
   52.00      0.4697    
   53.00      0.4347    
   54.00      0.3991    
   55.00      0.3637    
   56.00      0.3295    
   57.00      0.2970    
   58.00      0.2668    
   59.00      0.2392    
   60.00      0.2144    
   61.00      0.1926    
   62.00      0.1736    
   63.00      0.1574    
   64.00      0.1438    
   65.00      0.1325    
   66.00      0.1233    
   67.00      0.1158    
   68.00      0.1098    
   69.00      0.1048    
   70.00      0.1007    
   71.00      0.9714E-01
   72.00      0.9396E-01
   73.00      0.9099E-01
   74.00      0.8814E-01
   75.00      0.8534E-01
   76.00      0.8258E-01
   77.00      0.7985E-01
   78.00      0.7716E-01
   79.00      0.7453E-01
   80.00      0.7199E-01
 END
