#  81 angles,  1 tensor ranks for 0=projectile
@subtitle   "39K(3He,d)40Ca 21 MeV DWBA ZR 8484 keV Jpi=1- l=1 n=2 j=1/2"                   
@legend ON
@legend x1 0.2
@legend y1 0.8
@g0 type LOGY
@yaxis ticklabel format power
@legend string   0 "Lab energy =   21.0000"
#legend string   0 "Partition=  2 Excit=  1 near/far= 1"
#  Theta       sigma       iT11        T20         T21         T22         Kyy for projectile
   0.000       16.01    
   1.000       15.97    
   2.000       15.86    
   3.000       15.66    
   4.000       15.37    
   5.000       14.97    
   6.000       14.45    
   7.000       13.80    
   8.000       13.02    
   9.000       12.13    
   10.00       11.14    
   11.00       10.08    
   12.00       8.975    
   13.00       7.878    
   14.00       6.824    
   15.00       5.852    
   16.00       4.994    
   17.00       4.272    
   18.00       3.701    
   19.00       3.281    
   20.00       3.003    
   21.00       2.850    
   22.00       2.798    
   23.00       2.819    
   24.00       2.883    
   25.00       2.965    
   26.00       3.039    
   27.00       3.088    
   28.00       3.098    
   29.00       3.061    
   30.00       2.975    
   31.00       2.843    
   32.00       2.671    
   33.00       2.467    
   34.00       2.242    
   35.00       2.006    
   36.00       1.769    
   37.00       1.540    
   38.00       1.326    
   39.00       1.133    
   40.00      0.9623    
   41.00      0.8164    
   42.00      0.6945    
   43.00      0.5952    
   44.00      0.5162    
   45.00      0.4544    
   46.00      0.4068    
   47.00      0.3704    
   48.00      0.3425    
   49.00      0.3209    
   50.00      0.3037    
   51.00      0.2898    
   52.00      0.2782    
   53.00      0.2687    
   54.00      0.2611    
   55.00      0.2556    
   56.00      0.2522    
   57.00      0.2511    
   58.00      0.2524    
   59.00      0.2559    
   60.00      0.2616    
   61.00      0.2690    
   62.00      0.2776    
   63.00      0.2867    
   64.00      0.2958    
   65.00      0.3041    
   66.00      0.3109    
   67.00      0.3156    
   68.00      0.3176    
   69.00      0.3166    
   70.00      0.3123    
   71.00      0.3045    
   72.00      0.2936    
   73.00      0.2795    
   74.00      0.2628    
   75.00      0.2439    
   76.00      0.2234    
   77.00      0.2018    
   78.00      0.1797    
   79.00      0.1577    
   80.00      0.1364    
 END
