#  81 angles,  1 tensor ranks for 0=projectile
@subtitle   "39K(3He,d)40Ca 21 MeV DWBA ZR 8425 keV Jpi=2+ l=2 n=2 j=5/2"                   
@legend ON
@legend x1 0.2
@legend y1 0.8
@g0 type LOGY
@yaxis ticklabel format power
@legend string   0 "Lab energy =   21.0000"
#legend string   0 "Partition=  2 Excit=  1 near/far= 1"
#  Theta       sigma       iT11        T20         T21         T22         Kyy for projectile
   0.000       17.15    
   1.000       17.19    
   2.000       17.30    
   3.000       17.48    
   4.000       17.72    
   5.000       17.99    
   6.000       18.26    
   7.000       18.51    
   8.000       18.71    
   9.000       18.83    
   10.00       18.83    
   11.00       18.69    
   12.00       18.39    
   13.00       17.92    
   14.00       17.27    
   15.00       16.46    
   16.00       15.50    
   17.00       14.41    
   18.00       13.24    
   19.00       12.01    
   20.00       10.77    
   21.00       9.552    
   22.00       8.392    
   23.00       7.318    
   24.00       6.352    
   25.00       5.510    
   26.00       4.797    
   27.00       4.212    
   28.00       3.750    
   29.00       3.396    
   30.00       3.136    
   31.00       2.949    
   32.00       2.819    
   33.00       2.724    
   34.00       2.651    
   35.00       2.583    
   36.00       2.512    
   37.00       2.428    
   38.00       2.328    
   39.00       2.211    
   40.00       2.078    
   41.00       1.932    
   42.00       1.777    
   43.00       1.619    
   44.00       1.462    
   45.00       1.311    
   46.00       1.171    
   47.00       1.044    
   48.00      0.9329    
   49.00      0.8381    
   50.00      0.7598    
   51.00      0.6970    
   52.00      0.6478    
   53.00      0.6102    
   54.00      0.5817    
   55.00      0.5597    
   56.00      0.5418    
   57.00      0.5259    
   58.00      0.5102    
   59.00      0.4933    
   60.00      0.4744    
   61.00      0.4531    
   62.00      0.4293    
   63.00      0.4034    
   64.00      0.3760    
   65.00      0.3479    
   66.00      0.3200    
   67.00      0.2933    
   68.00      0.2685    
   69.00      0.2464    
   70.00      0.2275    
   71.00      0.2123    
   72.00      0.2007    
   73.00      0.1929    
   74.00      0.1885    
   75.00      0.1872    
   76.00      0.1885    
   77.00      0.1917    
   78.00      0.1963    
   79.00      0.2016    
   80.00      0.2069    
 END
