#  81 angles,  1 tensor ranks for 0=projectile
@subtitle   "39K(3He,d)40Ca 21 MeV DWBA ZR 8851 keV Jpi=3- l=3 n=1 j=5/2"                   
@legend ON
@legend x1 0.2
@legend y1 0.8
@g0 type LOGY
@yaxis ticklabel format power
@legend string   0 "Lab energy =   21.0000"
#legend string   0 "Partition=  2 Excit=  1 near/far= 1"
#  Theta       sigma       iT11        T20         T21         T22         Kyy for projectile
   0.000       4.425    
   1.000       4.435    
   2.000       4.463    
   3.000       4.509    
   4.000       4.571    
   5.000       4.646    
   6.000       4.732    
   7.000       4.824    
   8.000       4.918    
   9.000       5.010    
   10.00       5.095    
   11.00       5.168    
   12.00       5.224    
   13.00       5.259    
   14.00       5.267    
   15.00       5.246    
   16.00       5.191    
   17.00       5.101    
   18.00       4.974    
   19.00       4.810    
   20.00       4.612    
   21.00       4.383    
   22.00       4.127    
   23.00       3.850    
   24.00       3.557    
   25.00       3.256    
   26.00       2.953    
   27.00       2.655    
   28.00       2.368    
   29.00       2.097    
   30.00       1.848    
   31.00       1.624    
   32.00       1.428    
   33.00       1.260    
   34.00       1.121    
   35.00       1.010    
   36.00      0.9246    
   37.00      0.8611    
   38.00      0.8163    
   39.00      0.7864    
   40.00      0.7674    
   41.00      0.7558    
   42.00      0.7482    
   43.00      0.7418    
   44.00      0.7340    
   45.00      0.7231    
   46.00      0.7076    
   47.00      0.6869    
   48.00      0.6606    
   49.00      0.6291    
   50.00      0.5931    
   51.00      0.5535    
   52.00      0.5114    
   53.00      0.4682    
   54.00      0.4250    
   55.00      0.3829    
   56.00      0.3428    
   57.00      0.3055    
   58.00      0.2714    
   59.00      0.2409    
   60.00      0.2142    
   61.00      0.1913    
   62.00      0.1720    
   63.00      0.1560    
   64.00      0.1431    
   65.00      0.1327    
   66.00      0.1245    
   67.00      0.1180    
   68.00      0.1128    
   69.00      0.1084    
   70.00      0.1047    
   71.00      0.1014    
   72.00      0.9836E-01
   73.00      0.9541E-01
   74.00      0.9251E-01
   75.00      0.8962E-01
   76.00      0.8676E-01
   77.00      0.8393E-01
   78.00      0.8117E-01
   79.00      0.7852E-01
   80.00      0.7601E-01
 END
