     0.0   1.497      1
     0.0   2.992     -1
     1.0   13.45      1
     1.0   26.94     -1
     2.0   29.90      1
     2.0   59.88     -1
     3.0   41.93      1
     3.0   83.92     -1
     4.0   53.85      1
     4.0   107.8     -1
     5.0   65.79      1
     5.0   131.4     -1
     6.0   76.11      1
     6.0   153.2     -1
     7.0   86.13      1
     7.0   169.4     -1
     8.0   84.70      1
     8.0   173.0     -1
     9.0   80.27      1
     9.0   158.9     -1
    10.0   64.54      1
    10.0   129.0     -1
    11.0   43.74      1
    11.0   91.05     -1
    12.0   30.56      1
    12.0   56.17     -1
    13.0   14.18      1
    13.0   31.72     -1
    14.0   9.617      1
    14.0   17.35     -1
    15.0   4.188      1
    15.0   9.395     -1
    16.0   2.804      1
    16.0   5.059     -1
    17.0   1.209      1
    17.0   2.711     -1
    18.0  0.8015      1
    18.0   1.446     -1
    19.0  0.3423      1
    19.0  0.7680     -1
    20.0  0.2253      1
    20.0  0.4063     -1
    21.0  0.9541E-01  1
    21.0  0.2142     -1
    22.0  0.6240E-01  1
    22.0  0.1125     -1
    23.0  0.2625E-01  1
    23.0  0.5894E-01 -1
    24.0  0.1708E-01  1
    24.0  0.3079E-01 -1
    25.0  0.7143E-02  1
    25.0  0.1604E-01 -1
    26.0  0.4625E-02  1
    26.0  0.8336E-02 -1
    27.0  0.1924E-02  1
    27.0  0.4322E-02 -1
    28.0  0.1241E-02  1
    28.0  0.2236E-02 -1
    29.0  0.5141E-03  1
    29.0  0.1154E-02 -1
    30.0  0.3291E-03  1
    30.0  0.5932E-03 -1
