#  81 angles,  1 tensor ranks for 0=projectile
@subtitle   "39K(3He,d)40Ca 21 MeV DWBA ZR 6285 keV Jpi=3- l=3 n=2 j=7/2"                   
@legend ON
@legend x1 0.2
@legend y1 0.8
@g0 type LOGY
@yaxis ticklabel format power
@xaxis label "Scattering angle (degrees)"
@yaxis label "Cross section (mb/sr)"
@legend string   0 "Partition=  1 Excit=  1 near/far= 1"
#legend string   0 "Lab energy =   21.0000"
@s0 linestyle   1
#  Theta       sigma       iT11        T20         T21         T22         Kyy for projectile
  0.1000E-01   1.000    
   1.000      0.9997    
   2.000       1.001    
   3.000      0.9801    
   4.000      0.9937    
   5.000       1.036    
   6.000       1.069    
   7.000       1.070    
   8.000       1.043    
   9.000       1.001    
   10.00      0.9589    
   11.00      0.9259    
   12.00      0.9030    
   13.00      0.8865    
   14.00      0.8704    
   15.00      0.8486    
   16.00      0.8173    
   17.00      0.7752    
   18.00      0.7238    
   19.00      0.6664    
   20.00      0.6075    
   21.00      0.5518    
   22.00      0.5029    
   23.00      0.4636    
   24.00      0.4347    
   25.00      0.4158    
   26.00      0.4051    
   27.00      0.3999    
   28.00      0.3972    
   29.00      0.3941    
   30.00      0.3882    
   31.00      0.3777    
   32.00      0.3620    
   33.00      0.3412    
   34.00      0.3163    
   35.00      0.2889    
   36.00      0.2608    
   37.00      0.2340    
   38.00      0.2104    
   39.00      0.1911    
   40.00      0.1770    
   41.00      0.1682    
   42.00      0.1644    
   43.00      0.1646    
   44.00      0.1677    
   45.00      0.1721    
   46.00      0.1765    
   47.00      0.1796    
   48.00      0.1803    
   49.00      0.1779    
   50.00      0.1722    
   51.00      0.1633    
   52.00      0.1516    
   53.00      0.1378    
   54.00      0.1229    
   55.00      0.1077    
   56.00      0.9318E-01
   57.00      0.8011E-01
   58.00      0.6912E-01
   59.00      0.6059E-01
   60.00      0.5467E-01
   61.00      0.5129E-01
   62.00      0.5018E-01
   63.00      0.5093E-01
   64.00      0.5301E-01
   65.00      0.5587E-01
   66.00      0.5895E-01
   67.00      0.6177E-01
   68.00      0.6392E-01
   69.00      0.6510E-01
   70.00      0.6515E-01
   71.00      0.6402E-01
   72.00      0.6176E-01
   73.00      0.5853E-01
   74.00      0.5453E-01
   75.00      0.5000E-01
   76.00      0.4522E-01
   77.00      0.4042E-01
   78.00      0.3583E-01
   79.00      0.3163E-01
   80.00      0.2793E-01
 END
@legend string   1 "Partition=  2 Excit=  1 near/far= 1"
#legend string   0 "Lab energy =   21.0000"
@s1 linestyle   2
#  Theta       sigma       iT11        T20         T21         T22         Kyy for projectile
   0.000       6.352    
   1.000       6.372    
   2.000       6.432    
   3.000       6.531    
   4.000       6.667    
   5.000       6.838    
   6.000       7.041    
   7.000       7.274    
   8.000       7.535    
   9.000       7.820    
   10.00       8.124    
   11.00       8.442    
   12.00       8.764    
   13.00       9.079    
   14.00       9.372    
   15.00       9.627    
   16.00       9.827    
   17.00       9.953    
   18.00       9.991    
   19.00       9.928    
   20.00       9.755    
   21.00       9.469    
   22.00       9.075    
   23.00       8.580    
   24.00       7.998    
   25.00       7.348    
   26.00       6.651    
   27.00       5.930    
   28.00       5.210    
   29.00       4.514    
   30.00       3.863    
   31.00       3.272    
   32.00       2.756    
   33.00       2.322    
   34.00       1.973    
   35.00       1.705    
   36.00       1.514    
   37.00       1.389    
   38.00       1.318    
   39.00       1.289    
   40.00       1.287    
   41.00       1.302    
   42.00       1.322    
   43.00       1.338    
   44.00       1.343    
   45.00       1.332    
   46.00       1.304    
   47.00       1.256    
   48.00       1.192    
   49.00       1.113    
   50.00       1.023    
   51.00      0.9266    
   52.00      0.8283    
   53.00      0.7321    
   54.00      0.6418    
   55.00      0.5604    
   56.00      0.4900    
   57.00      0.4318    
   58.00      0.3860    
   59.00      0.3523    
   60.00      0.3294    
   61.00      0.3159    
   62.00      0.3098    
   63.00      0.3092    
   64.00      0.3120    
   65.00      0.3163    
   66.00      0.3206    
   67.00      0.3233    
   68.00      0.3236    
   69.00      0.3208    
   70.00      0.3145    
   71.00      0.3048    
   72.00      0.2920    
   73.00      0.2765    
   74.00      0.2591    
   75.00      0.2405    
   76.00      0.2215    
   77.00      0.2027    
   78.00      0.1849    
   79.00      0.1686    
   80.00      0.1542    
 END
