     0.0   1.499      1
     0.0   2.989     -1
     1.0   13.46      1
     1.0   26.91     -1
     2.0   29.96      1
     2.0   59.86     -1
     3.0   41.99      1
     3.0   83.87     -1
     4.0   53.91      1
     4.0   107.7     -1
     5.0   65.74      1
     5.0   131.0     -1
     6.0   76.00      1
     6.0   152.5     -1
     7.0   85.63      1
     7.0   168.5     -1
     8.0   84.50      1
     8.0   172.3     -1
     9.0   80.32      1
     9.0   158.7     -1
    10.0   64.63      1
    10.0   129.3     -1
    11.0   43.92      1
    11.0   91.37     -1
    12.0   30.64      1
    12.0   56.34     -1
    13.0   14.23      1
    13.0   31.80     -1
    14.0   9.631      1
    14.0   17.39     -1
    15.0   4.200      1
    15.0   9.414     -1
    16.0   2.807      1
    16.0   5.069     -1
    17.0   1.211      1
    17.0   2.716     -1
    18.0  0.8023      1
    18.0   1.448     -1
    19.0  0.3429      1
    19.0  0.7691     -1
    20.0  0.2255      1
    20.0  0.4068     -1
    21.0  0.9556E-01  1
    21.0  0.2144     -1
    22.0  0.6245E-01  1
    22.0  0.1126     -1
    23.0  0.2629E-01  1
    23.0  0.5900E-01 -1
    24.0  0.1709E-01  1
    24.0  0.3082E-01 -1
    25.0  0.7153E-02  1
    25.0  0.1606E-01 -1
    26.0  0.4630E-02  1
    26.0  0.8348E-02 -1
    27.0  0.1929E-02  1
    27.0  0.4330E-02 -1
    28.0  0.1243E-02  1
    28.0  0.2242E-02 -1
    29.0  0.5159E-03  1
    29.0  0.1158E-02 -1
    30.0  0.3312E-03  1
    30.0  0.5973E-03 -1
