#  81 angles,  1 tensor ranks for 0=projectile
@subtitle   "39K(3He,d)40Ca 21 MeV DWBA ZR 9603 keV Jpi=3- l=1 n=3 j=3/2"                   
@legend ON
@legend x1 0.2
@legend y1 0.8
@g0 type LOGY
@yaxis ticklabel format power
@legend string   0 "Lab energy =   21.0000"
#legend string   0 "Partition=  2 Excit=  1 near/far= 1"
#  Theta       sigma       iT11        T20         T21         T22         Kyy for projectile
   0.000       34.18    
   1.000       34.08    
   2.000       33.79    
   3.000       33.30    
   4.000       32.59    
   5.000       31.65    
   6.000       30.47    
   7.000       29.06    
   8.000       27.42    
   9.000       25.59    
   10.00       23.60    
   11.00       21.51    
   12.00       19.37    
   13.00       17.26    
   14.00       15.23    
   15.00       13.34    
   16.00       11.65    
   17.00       10.19    
   18.00       8.976    
   19.00       8.013    
   20.00       7.290    
   21.00       6.781    
   22.00       6.452    
   23.00       6.260    
   24.00       6.160    
   25.00       6.108    
   26.00       6.066    
   27.00       6.002    
   28.00       5.891    
   29.00       5.718    
   30.00       5.480    
   31.00       5.178    
   32.00       4.821    
   33.00       4.423    
   34.00       4.002    
   35.00       3.574    
   36.00       3.158    
   37.00       2.769    
   38.00       2.418    
   39.00       2.116    
   40.00       1.867    
   41.00       1.673    
   42.00       1.532    
   43.00       1.439    
   44.00       1.389    
   45.00       1.373    
   46.00       1.382    
   47.00       1.408    
   48.00       1.442    
   49.00       1.477    
   50.00       1.507    
   51.00       1.527    
   52.00       1.534    
   53.00       1.525    
   54.00       1.500    
   55.00       1.459    
   56.00       1.404    
   57.00       1.336    
   58.00       1.258    
   59.00       1.173    
   60.00       1.083    
   61.00      0.9906    
   62.00      0.8988    
   63.00      0.8094    
   64.00      0.7243    
   65.00      0.6449    
   66.00      0.5722    
   67.00      0.5069    
   68.00      0.4493    
   69.00      0.3995    
   70.00      0.3573    
   71.00      0.3224    
   72.00      0.2941    
   73.00      0.2720    
   74.00      0.2552    
   75.00      0.2431    
   76.00      0.2349    
   77.00      0.2299    
   78.00      0.2274    
   79.00      0.2267    
   80.00      0.2273    
 END
