#  81 angles,  1 tensor ranks for 0=projectile
@subtitle   "39K(3He,d)40Ca 21 MeV DWBA ZR 9603 keV Jpi=3- l=1 n=3 j=3/2"                   
@legend ON
@legend x1 0.2
@legend y1 0.8
@g0 type LOGY
@yaxis ticklabel format power
@xaxis label "Scattering angle (degrees)"
@yaxis label "Cross section (mb/sr)"
@legend string   0 "Partition=  1 Excit=  1 near/far= 1"
#legend string   0 "Lab energy =   21.0000"
@s0 linestyle   1
#  Theta       sigma       iT11        T20         T21         T22         Kyy for projectile
  0.1000E-01   1.000    
   1.000      0.9997    
   2.000       1.001    
   3.000      0.9801    
   4.000      0.9937    
   5.000       1.036    
   6.000       1.069    
   7.000       1.070    
   8.000       1.043    
   9.000       1.001    
   10.00      0.9589    
   11.00      0.9259    
   12.00      0.9030    
   13.00      0.8865    
   14.00      0.8704    
   15.00      0.8486    
   16.00      0.8173    
   17.00      0.7752    
   18.00      0.7238    
   19.00      0.6664    
   20.00      0.6075    
   21.00      0.5518    
   22.00      0.5029    
   23.00      0.4636    
   24.00      0.4347    
   25.00      0.4158    
   26.00      0.4051    
   27.00      0.3999    
   28.00      0.3972    
   29.00      0.3941    
   30.00      0.3882    
   31.00      0.3777    
   32.00      0.3620    
   33.00      0.3412    
   34.00      0.3163    
   35.00      0.2889    
   36.00      0.2608    
   37.00      0.2340    
   38.00      0.2104    
   39.00      0.1911    
   40.00      0.1770    
   41.00      0.1682    
   42.00      0.1644    
   43.00      0.1646    
   44.00      0.1677    
   45.00      0.1721    
   46.00      0.1765    
   47.00      0.1796    
   48.00      0.1803    
   49.00      0.1779    
   50.00      0.1722    
   51.00      0.1633    
   52.00      0.1516    
   53.00      0.1378    
   54.00      0.1229    
   55.00      0.1077    
   56.00      0.9318E-01
   57.00      0.8011E-01
   58.00      0.6912E-01
   59.00      0.6059E-01
   60.00      0.5467E-01
   61.00      0.5129E-01
   62.00      0.5018E-01
   63.00      0.5093E-01
   64.00      0.5301E-01
   65.00      0.5587E-01
   66.00      0.5895E-01
   67.00      0.6177E-01
   68.00      0.6392E-01
   69.00      0.6510E-01
   70.00      0.6515E-01
   71.00      0.6402E-01
   72.00      0.6176E-01
   73.00      0.5853E-01
   74.00      0.5453E-01
   75.00      0.5000E-01
   76.00      0.4522E-01
   77.00      0.4042E-01
   78.00      0.3583E-01
   79.00      0.3163E-01
   80.00      0.2793E-01
 END
@legend string   1 "Partition=  2 Excit=  1 near/far= 1"
#legend string   0 "Lab energy =   21.0000"
@s1 linestyle   2
#  Theta       sigma       iT11        T20         T21         T22         Kyy for projectile
   0.000       34.18    
   1.000       34.08    
   2.000       33.79    
   3.000       33.30    
   4.000       32.59    
   5.000       31.65    
   6.000       30.47    
   7.000       29.06    
   8.000       27.42    
   9.000       25.59    
   10.00       23.60    
   11.00       21.51    
   12.00       19.37    
   13.00       17.26    
   14.00       15.23    
   15.00       13.34    
   16.00       11.65    
   17.00       10.19    
   18.00       8.976    
   19.00       8.013    
   20.00       7.290    
   21.00       6.781    
   22.00       6.452    
   23.00       6.260    
   24.00       6.160    
   25.00       6.108    
   26.00       6.066    
   27.00       6.002    
   28.00       5.891    
   29.00       5.718    
   30.00       5.480    
   31.00       5.178    
   32.00       4.821    
   33.00       4.423    
   34.00       4.002    
   35.00       3.574    
   36.00       3.158    
   37.00       2.769    
   38.00       2.418    
   39.00       2.116    
   40.00       1.867    
   41.00       1.673    
   42.00       1.532    
   43.00       1.439    
   44.00       1.389    
   45.00       1.373    
   46.00       1.382    
   47.00       1.408    
   48.00       1.442    
   49.00       1.477    
   50.00       1.507    
   51.00       1.527    
   52.00       1.534    
   53.00       1.525    
   54.00       1.500    
   55.00       1.459    
   56.00       1.404    
   57.00       1.336    
   58.00       1.258    
   59.00       1.173    
   60.00       1.083    
   61.00      0.9906    
   62.00      0.8988    
   63.00      0.8094    
   64.00      0.7243    
   65.00      0.6449    
   66.00      0.5722    
   67.00      0.5069    
   68.00      0.4493    
   69.00      0.3995    
   70.00      0.3573    
   71.00      0.3224    
   72.00      0.2941    
   73.00      0.2720    
   74.00      0.2552    
   75.00      0.2431    
   76.00      0.2349    
   77.00      0.2299    
   78.00      0.2274    
   79.00      0.2267    
   80.00      0.2273    
 END
