     0.0   1.497      1
     0.0   2.997     -1
     1.0   13.45      1
     1.0   26.97     -1
     2.0   29.94      1
     2.0   59.96     -1
     3.0   41.88      1
     3.0   83.90     -1
     4.0   53.82      1
     4.0   107.7     -1
     5.0   65.67      1
     5.0   131.2     -1
     6.0   76.07      1
     6.0   152.9     -1
     7.0   85.84      1
     7.0   169.0     -1
     8.0   84.39      1
     8.0   172.2     -1
     9.0   79.62      1
     9.0   157.8     -1
    10.0   64.05      1
    10.0   127.9     -1
    11.0   43.38      1
    11.0   90.28     -1
    12.0   30.31      1
    12.0   55.76     -1
    13.0   14.12      1
    13.0   31.54     -1
    14.0   9.569      1
    14.0   17.28     -1
    15.0   4.183      1
    15.0   9.373     -1
    16.0   2.798      1
    16.0   5.053     -1
    17.0   1.209      1
    17.0   2.710     -1
    18.0  0.8010      1
    18.0   1.446     -1
    19.0  0.3426      1
    19.0  0.7682     -1
    20.0  0.2253      1
    20.0  0.4065     -1
    21.0  0.9552E-01  1
    21.0  0.2143     -1
    22.0  0.6243E-01  1
    22.0  0.1126     -1
    23.0  0.2628E-01  1
    23.0  0.5899E-01 -1
    24.0  0.1709E-01  1
    24.0  0.3082E-01 -1
    25.0  0.7153E-02  1
    25.0  0.1606E-01 -1
    26.0  0.4630E-02  1
    26.0  0.8348E-02 -1
    27.0  0.1929E-02  1
    27.0  0.4330E-02 -1
    28.0  0.1243E-02  1
    28.0  0.2241E-02 -1
    29.0  0.5159E-03  1
    29.0  0.1158E-02 -1
    30.0  0.3312E-03  1
    30.0  0.5973E-03 -1
