     0.0   1.503      1
     0.0   3.006     -1
     1.0   13.53      1
     1.0   27.06     -1
     2.0   30.05      1
     2.0   60.11     -1
     3.0   42.08      1
     3.0   84.11     -1
     4.0   53.98      1
     4.0   108.0     -1
     5.0   65.94      1
     5.0   131.6     -1
     6.0   76.42      1
     6.0   153.6     -1
     7.0   86.55      1
     7.0   170.2     -1
     8.0   85.42      1
     8.0   174.4     -1
     9.0   81.44      1
     9.0   160.7     -1
    10.0   65.35      1
    10.0   130.8     -1
    11.0   44.38      1
    11.0   92.28     -1
    12.0   30.88      1
    12.0   56.81     -1
    13.0   14.33      1
    13.0   32.02     -1
    14.0   9.682      1
    14.0   17.48     -1
    15.0   4.218      1
    15.0   9.454     -1
    16.0   2.816      1
    16.0   5.082     -1
    17.0   1.205      1
    17.0   2.703     -1
    18.0  0.7987      1
    18.0   1.444     -1
    19.0  0.2487      1
    19.0  0.6615     -1
    20.0  0.1814      1
    20.0  0.2917     -1
    21.0 -0.3301      1
    21.0 -0.4071     -1
    22.0 -0.2013      1
    22.0 -0.7502     -1
    23.0 -0.6709      1
    23.0  -1.639     -1
    24.0 -0.1437      1
    24.0 -0.9314     -1
    25.0 -0.9835      1
    25.0  -2.543     -1
    26.0  -1.837      1
    26.0  -2.543     -1
    27.0 -0.4143      1
    27.0 -0.5554     -1
    28.0  -1.395      1
    28.0  -1.737     -1
    29.0 -0.3541E-01  1
    29.0 -0.1835     -1
    30.0 -0.1034      1
    30.0 -0.1437     -1
