#  81 angles,  1 tensor ranks for 0=projectile
@subtitle   "39K(3He,d)40Ca 21 MeV DWBA ZR 8851 keV Jpi=6- l=7 n=1 j=15/2"                  
@legend ON
@legend x1 0.2
@legend y1 0.8
@g0 type LOGY
@yaxis ticklabel format power
@xaxis label "Scattering angle (degrees)"
@yaxis label "Cross section (mb/sr)"
@legend string   0 "Partition=  1 Excit=  1 near/far= 1"
#legend string   0 "Lab energy =   21.0000"
@s0 linestyle   1
#  Theta       sigma       iT11        T20         T21         T22         Kyy for projectile
  0.1000E-01   1.000    
   1.000      0.9997    
   2.000       1.001    
   3.000      0.9801    
   4.000      0.9937    
   5.000       1.036    
   6.000       1.069    
   7.000       1.070    
   8.000       1.043    
   9.000       1.001    
   10.00      0.9589    
   11.00      0.9259    
   12.00      0.9030    
   13.00      0.8865    
   14.00      0.8704    
   15.00      0.8486    
   16.00      0.8173    
   17.00      0.7752    
   18.00      0.7238    
   19.00      0.6664    
   20.00      0.6075    
   21.00      0.5518    
   22.00      0.5029    
   23.00      0.4636    
   24.00      0.4347    
   25.00      0.4158    
   26.00      0.4051    
   27.00      0.3999    
   28.00      0.3972    
   29.00      0.3941    
   30.00      0.3882    
   31.00      0.3777    
   32.00      0.3620    
   33.00      0.3412    
   34.00      0.3163    
   35.00      0.2889    
   36.00      0.2608    
   37.00      0.2340    
   38.00      0.2104    
   39.00      0.1911    
   40.00      0.1770    
   41.00      0.1682    
   42.00      0.1644    
   43.00      0.1646    
   44.00      0.1677    
   45.00      0.1721    
   46.00      0.1765    
   47.00      0.1796    
   48.00      0.1803    
   49.00      0.1779    
   50.00      0.1722    
   51.00      0.1633    
   52.00      0.1516    
   53.00      0.1378    
   54.00      0.1229    
   55.00      0.1077    
   56.00      0.9318E-01
   57.00      0.8011E-01
   58.00      0.6912E-01
   59.00      0.6059E-01
   60.00      0.5467E-01
   61.00      0.5129E-01
   62.00      0.5018E-01
   63.00      0.5093E-01
   64.00      0.5301E-01
   65.00      0.5587E-01
   66.00      0.5895E-01
   67.00      0.6177E-01
   68.00      0.6392E-01
   69.00      0.6510E-01
   70.00      0.6515E-01
   71.00      0.6402E-01
   72.00      0.6176E-01
   73.00      0.5853E-01
   74.00      0.5453E-01
   75.00      0.5000E-01
   76.00      0.4522E-01
   77.00      0.4042E-01
   78.00      0.3583E-01
   79.00      0.3163E-01
   80.00      0.2793E-01
 END
@legend string   1 "Partition=  2 Excit=  1 near/far= 1"
#legend string   0 "Lab energy =   21.0000"
@s1 linestyle   2
#  Theta       sigma       iT11        T20         T21         T22         Kyy for projectile
   0.000       13.27    
   1.000       13.14    
   2.000       12.76    
   3.000       12.16    
   4.000       11.38    
   5.000       10.48    
   6.000       9.501    
   7.000       8.495    
   8.000       7.511    
   9.000       6.603    
   10.00       5.817    
   11.00       5.189    
   12.00       4.728    
   13.00       4.409    
   14.00       4.181    
   15.00       3.982    
   16.00       3.758    
   17.00       3.488    
   18.00       3.181    
   19.00       2.880    
   20.00       2.633    
   21.00       2.477    
   22.00       2.417    
   23.00       2.426    
   24.00       2.455    
   25.00       2.454    
   26.00       2.390    
   27.00       2.256    
   28.00       2.077    
   29.00       1.891    
   30.00       1.736    
   31.00       1.633    
   32.00       1.582    
   33.00       1.564    
   34.00       1.552    
   35.00       1.520    
   36.00       1.461    
   37.00       1.378    
   38.00       1.288    
   39.00       1.210    
   40.00       1.156    
   41.00       1.127    
   42.00       1.114    
   43.00       1.099    
   44.00       1.069    
   45.00       1.020    
   46.00      0.9536    
   47.00      0.8836    
   48.00      0.8242    
   49.00      0.7866    
   50.00      0.7736    
   51.00      0.7796    
   52.00      0.7926    
   53.00      0.7999    
   54.00      0.7924    
   55.00      0.7682    
   56.00      0.7324    
   57.00      0.6946    
   58.00      0.6641    
   59.00      0.6468    
   60.00      0.6425    
   61.00      0.6458    
   62.00      0.6483    
   63.00      0.6425    
   64.00      0.6248    
   65.00      0.5971    
   66.00      0.5657    
   67.00      0.5392    
   68.00      0.5247    
   69.00      0.5250    
   70.00      0.5378    
   71.00      0.5556    
   72.00      0.5690    
   73.00      0.5697    
   74.00      0.5531    
   75.00      0.5210    
   76.00      0.4804    
   77.00      0.4422    
   78.00      0.4177    
   79.00      0.4151    
   80.00      0.4368    
 END
