#  81 angles,  1 tensor ranks for 0=projectile
@subtitle   "39K(3He,d)40Ca 21 MeV DWBA ZR 8851 keV Jpi=6- l=7 n=1 j=15/2"                  
@legend ON
@legend x1 0.2
@legend y1 0.8
@g0 type LOGY
@yaxis ticklabel format power
@legend string   0 "Lab energy =   21.0000"
#legend string   0 "Partition=  2 Excit=  1 near/far= 1"
#  Theta       sigma       iT11        T20         T21         T22         Kyy for projectile
   0.000       13.27    
   1.000       13.14    
   2.000       12.76    
   3.000       12.16    
   4.000       11.38    
   5.000       10.48    
   6.000       9.501    
   7.000       8.495    
   8.000       7.511    
   9.000       6.603    
   10.00       5.817    
   11.00       5.189    
   12.00       4.728    
   13.00       4.409    
   14.00       4.181    
   15.00       3.982    
   16.00       3.758    
   17.00       3.488    
   18.00       3.181    
   19.00       2.880    
   20.00       2.633    
   21.00       2.477    
   22.00       2.417    
   23.00       2.426    
   24.00       2.455    
   25.00       2.454    
   26.00       2.390    
   27.00       2.256    
   28.00       2.077    
   29.00       1.891    
   30.00       1.736    
   31.00       1.633    
   32.00       1.582    
   33.00       1.564    
   34.00       1.552    
   35.00       1.520    
   36.00       1.461    
   37.00       1.378    
   38.00       1.288    
   39.00       1.210    
   40.00       1.156    
   41.00       1.127    
   42.00       1.114    
   43.00       1.099    
   44.00       1.069    
   45.00       1.020    
   46.00      0.9536    
   47.00      0.8836    
   48.00      0.8242    
   49.00      0.7866    
   50.00      0.7736    
   51.00      0.7796    
   52.00      0.7926    
   53.00      0.7999    
   54.00      0.7924    
   55.00      0.7682    
   56.00      0.7324    
   57.00      0.6946    
   58.00      0.6641    
   59.00      0.6468    
   60.00      0.6425    
   61.00      0.6458    
   62.00      0.6483    
   63.00      0.6425    
   64.00      0.6248    
   65.00      0.5971    
   66.00      0.5657    
   67.00      0.5392    
   68.00      0.5247    
   69.00      0.5250    
   70.00      0.5378    
   71.00      0.5556    
   72.00      0.5690    
   73.00      0.5697    
   74.00      0.5531    
   75.00      0.5210    
   76.00      0.4804    
   77.00      0.4422    
   78.00      0.4177    
   79.00      0.4151    
   80.00      0.4368    
 END
