#  81 angles,  1 tensor ranks for 0=projectile
@subtitle   "39K(3He,d)40Ca 21 MeV DWBA ZR 9432 keV Jpi=1- l=1 n=3 j=3/2"                   
@legend ON
@legend x1 0.2
@legend y1 0.8
@g0 type LOGY
@yaxis ticklabel format power
@xaxis label "Scattering angle (degrees)"
@yaxis label "Cross section (mb/sr)"
@legend string   0 "Partition=  1 Excit=  1 near/far= 1"
#legend string   0 "Lab energy =   21.0000"
@s0 linestyle   1
#  Theta       sigma       iT11        T20         T21         T22         Kyy for projectile
  0.1000E-01   1.000    
   1.000      0.9997    
   2.000       1.001    
   3.000      0.9801    
   4.000      0.9937    
   5.000       1.036    
   6.000       1.069    
   7.000       1.070    
   8.000       1.043    
   9.000       1.001    
   10.00      0.9589    
   11.00      0.9259    
   12.00      0.9030    
   13.00      0.8865    
   14.00      0.8704    
   15.00      0.8486    
   16.00      0.8173    
   17.00      0.7752    
   18.00      0.7238    
   19.00      0.6664    
   20.00      0.6075    
   21.00      0.5518    
   22.00      0.5029    
   23.00      0.4636    
   24.00      0.4347    
   25.00      0.4158    
   26.00      0.4051    
   27.00      0.3999    
   28.00      0.3972    
   29.00      0.3941    
   30.00      0.3882    
   31.00      0.3777    
   32.00      0.3620    
   33.00      0.3412    
   34.00      0.3163    
   35.00      0.2889    
   36.00      0.2608    
   37.00      0.2340    
   38.00      0.2104    
   39.00      0.1911    
   40.00      0.1770    
   41.00      0.1682    
   42.00      0.1644    
   43.00      0.1646    
   44.00      0.1677    
   45.00      0.1721    
   46.00      0.1765    
   47.00      0.1796    
   48.00      0.1803    
   49.00      0.1779    
   50.00      0.1722    
   51.00      0.1633    
   52.00      0.1516    
   53.00      0.1378    
   54.00      0.1229    
   55.00      0.1077    
   56.00      0.9318E-01
   57.00      0.8011E-01
   58.00      0.6912E-01
   59.00      0.6059E-01
   60.00      0.5467E-01
   61.00      0.5129E-01
   62.00      0.5018E-01
   63.00      0.5093E-01
   64.00      0.5301E-01
   65.00      0.5587E-01
   66.00      0.5895E-01
   67.00      0.6177E-01
   68.00      0.6392E-01
   69.00      0.6510E-01
   70.00      0.6515E-01
   71.00      0.6402E-01
   72.00      0.6176E-01
   73.00      0.5853E-01
   74.00      0.5453E-01
   75.00      0.5000E-01
   76.00      0.4522E-01
   77.00      0.4042E-01
   78.00      0.3583E-01
   79.00      0.3163E-01
   80.00      0.2793E-01
 END
@legend string   1 "Partition=  2 Excit=  1 near/far= 1"
#legend string   0 "Lab energy =   21.0000"
@s1 linestyle   2
#  Theta       sigma       iT11        T20         T21         T22         Kyy for projectile
   0.000       15.96    
   1.000       15.92    
   2.000       15.79    
   3.000       15.58    
   4.000       15.27    
   5.000       14.85    
   6.000       14.33    
   7.000       13.69    
   8.000       12.94    
   9.000       12.09    
   10.00       11.16    
   11.00       10.18    
   12.00       9.166    
   13.00       8.161    
   14.00       7.193    
   15.00       6.291    
   16.00       5.480    
   17.00       4.778    
   18.00       4.194    
   19.00       3.730    
   20.00       3.383    
   21.00       3.139    
   22.00       2.982    
   23.00       2.892    
   24.00       2.847    
   25.00       2.825    
   26.00       2.808    
   27.00       2.780    
   28.00       2.730    
   29.00       2.651    
   30.00       2.539    
   31.00       2.397    
   32.00       2.229    
   33.00       2.041    
   34.00       1.843    
   35.00       1.642    
   36.00       1.446    
   37.00       1.263    
   38.00       1.099    
   39.00      0.9586    
   40.00      0.8431    
   41.00      0.7536    
   42.00      0.6892    
   43.00      0.6478    
   44.00      0.6259    
   45.00      0.6198    
   46.00      0.6253    
   47.00      0.6383    
   48.00      0.6547    
   49.00      0.6712    
   50.00      0.6850    
   51.00      0.6938    
   52.00      0.6962    
   53.00      0.6913    
   54.00      0.6788    
   55.00      0.6591    
   56.00      0.6328    
   57.00      0.6008    
   58.00      0.5643    
   59.00      0.5246    
   60.00      0.4830    
   61.00      0.4407    
   62.00      0.3988    
   63.00      0.3583    
   64.00      0.3200    
   65.00      0.2845    
   66.00      0.2522    
   67.00      0.2234    
   68.00      0.1982    
   69.00      0.1765    
   70.00      0.1583    
   71.00      0.1433    
   72.00      0.1313    
   73.00      0.1219    
   74.00      0.1149    
   75.00      0.1098    
   76.00      0.1064    
   77.00      0.1042    
   78.00      0.1031    
   79.00      0.1027    
   80.00      0.1028    
 END
