#  81 angles,  1 tensor ranks for 0=projectile
@subtitle   "39K(3He,d)40Ca 21 MeV DWBA ZR 6582 keV Jpi=3- l=3 n=1 j=5/2"                   
@legend ON
@legend x1 0.2
@legend y1 0.8
@g0 type LOGY
@yaxis ticklabel format power
@legend string   0 "Lab energy =   21.0000"
#legend string   0 "Partition=  2 Excit=  1 near/far= 1"
#  Theta       sigma       iT11        T20         T21         T22         Kyy for projectile
   0.000       2.205    
   1.000       2.212    
   2.000       2.236    
   3.000       2.275    
   4.000       2.329    
   5.000       2.399    
   6.000       2.484    
   7.000       2.585    
   8.000       2.700    
   9.000       2.828    
   10.00       2.969    
   11.00       3.118    
   12.00       3.272    
   13.00       3.425    
   14.00       3.570    
   15.00       3.700    
   16.00       3.807    
   17.00       3.882    
   18.00       3.919    
   19.00       3.912    
   20.00       3.858    
   21.00       3.756    
   22.00       3.608    
   23.00       3.417    
   24.00       3.189    
   25.00       2.932    
   26.00       2.655    
   27.00       2.367    
   28.00       2.079    
   29.00       1.801    
   30.00       1.539    
   31.00       1.303    
   32.00       1.096    
   33.00      0.9228    
   34.00      0.7836    
   35.00      0.6780    
   36.00      0.6034    
   37.00      0.5561    
   38.00      0.5312    
   39.00      0.5237    
   40.00      0.5283    
   41.00      0.5399    
   42.00      0.5542    
   43.00      0.5672    
   44.00      0.5761    
   45.00      0.5788    
   46.00      0.5740    
   47.00      0.5612    
   48.00      0.5406    
   49.00      0.5131    
   50.00      0.4799    
   51.00      0.4426    
   52.00      0.4028    
   53.00      0.3623    
   54.00      0.3224    
   55.00      0.2847    
   56.00      0.2499    
   57.00      0.2190    
   58.00      0.1921    
   59.00      0.1694    
   60.00      0.1508    
   61.00      0.1360    
   62.00      0.1244    
   63.00      0.1156    
   64.00      0.1091    
   65.00      0.1042    
   66.00      0.1006    
   67.00      0.9782E-01
   68.00      0.9549E-01
   69.00      0.9339E-01
   70.00      0.9135E-01
   71.00      0.8928E-01
   72.00      0.8716E-01
   73.00      0.8502E-01
   74.00      0.8292E-01
   75.00      0.8094E-01
   76.00      0.7916E-01
   77.00      0.7764E-01
   78.00      0.7643E-01
   79.00      0.7555E-01
   80.00      0.7498E-01
 END
