     0.0   1.503      1
     0.0   3.006     -1
     1.0   13.53      1
     1.0   27.06     -1
     2.0   30.05      1
     2.0   60.11     -1
     3.0   42.06      1
     3.0   84.12     -1
     4.0   53.99      1
     4.0   108.0     -1
     5.0   65.89      1
     5.0   131.5     -1
     6.0   76.35      1
     6.0   153.5     -1
     7.0   86.37      1
     7.0   170.0     -1
     8.0   85.23      1
     8.0   174.0     -1
     9.0   81.14      1
     9.0   160.2     -1
    10.0   64.98      1
    10.0   130.2     -1
    11.0   44.01      1
    11.0   91.58     -1
    12.0   30.69      1
    12.0   56.32     -1
    13.0   14.17      1
    13.0   31.77     -1
    14.0   9.642      1
    14.0   17.37     -1
    15.0   4.185      1
    15.0   9.404     -1
    16.0   2.809      1
    16.0   5.063     -1
    17.0   1.208      1
    17.0   2.713     -1
    18.0  0.8024      1
    18.0   1.447     -1
    19.0  0.3421      1
    19.0  0.7683     -1
    20.0  0.2254      1
    20.0  0.4064     -1
    21.0  0.9538E-01  1
    21.0  0.2142     -1
    22.0  0.6244E-01  1
    22.0  0.1125     -1
    23.0  0.2624E-01  1
    23.0  0.5895E-01 -1
    24.0  0.1709E-01  1
    24.0  0.3080E-01 -1
    25.0  0.7142E-02  1
    25.0  0.1604E-01 -1
    26.0  0.4627E-02  1
    26.0  0.8339E-02 -1
    27.0  0.1924E-02  1
    27.0  0.4323E-02 -1
    28.0  0.1241E-02  1
    28.0  0.2237E-02 -1
    29.0  0.5138E-03  1
    29.0  0.1154E-02 -1
    30.0  0.3291E-03  1
    30.0  0.5931E-03 -1
