     0.0   1.501      1
     0.0   2.999     -1
     1.0   13.48      1
     1.0   26.99     -1
     2.0   29.98      1
     2.0   59.99     -1
     3.0   41.95      1
     3.0   83.98     -1
     4.0   53.90      1
     4.0   107.9     -1
     5.0   65.77      1
     5.0   131.4     -1
     6.0   76.20      1
     6.0   153.2     -1
     7.0   86.09      1
     7.0   169.6     -1
     8.0   85.05      1
     8.0   173.6     -1
     9.0   81.07      1
     9.0   160.0     -1
    10.0   65.16      1
    10.0   130.4     -1
    11.0   44.25      1
    11.0   92.06     -1
    12.0   30.84      1
    12.0   56.72     -1
    13.0   14.31      1
    13.0   31.98     -1
    14.0   9.676      1
    14.0   17.47     -1
    15.0   4.214      1
    15.0   9.448     -1
    16.0   2.816      1
    16.0   5.083     -1
    17.0   1.214      1
    17.0   2.722     -1
    18.0  0.8038      1
    18.0   1.451     -1
    19.0  0.3434      1
    19.0  0.7702     -1
    20.0  0.2257      1
    20.0  0.4073     -1
    21.0  0.9565E-01  1
    21.0  0.2146     -1
    22.0  0.6250E-01  1
    22.0  0.1127     -1
    23.0  0.2630E-01  1
    23.0  0.5904E-01 -1
    24.0  0.1710E-01  1
    24.0  0.3084E-01 -1
    25.0  0.7157E-02  1
    25.0  0.1607E-01 -1
    26.0  0.4632E-02  1
    26.0  0.8352E-02 -1
    27.0  0.1929E-02  1
    27.0  0.4332E-02 -1
    28.0  0.1244E-02  1
    28.0  0.2242E-02 -1
    29.0  0.5161E-03  1
    29.0  0.1159E-02 -1
    30.0  0.3314E-03  1
    30.0  0.5976E-03 -1
