#  81 angles,  1 tensor ranks for 0=projectile
@subtitle   "39K(3He,d)40Ca 21 MeV DWBA ZR 9538 keV Jpi=1- l=1 n=2 j=1/2"                   
@legend ON
@legend x1 0.2
@legend y1 0.8
@g0 type LOGY
@yaxis ticklabel format power
@legend string   0 "Lab energy =   21.0000"
#legend string   0 "Partition=  2 Excit=  1 near/far= 1"
#  Theta       sigma       iT11        T20         T21         T22         Kyy for projectile
   0.000       9.266    
   1.000       9.234    
   2.000       9.136    
   3.000       8.971    
   4.000       8.739    
   5.000       8.437    
   6.000       8.067    
   7.000       7.632    
   8.000       7.140    
   9.000       6.601    
   10.00       6.028    
   11.00       5.438    
   12.00       4.850    
   13.00       4.281    
   14.00       3.750    
   15.00       3.273    
   16.00       2.861    
   17.00       2.524    
   18.00       2.264    
   19.00       2.080    
   20.00       1.966    
   21.00       1.913    
   22.00       1.908    
   23.00       1.937    
   24.00       1.985    
   25.00       2.039    
   26.00       2.087    
   27.00       2.118    
   28.00       2.126    
   29.00       2.106    
   30.00       2.057    
   31.00       1.980    
   32.00       1.878    
   33.00       1.755    
   34.00       1.616    
   35.00       1.468    
   36.00       1.315    
   37.00       1.164    
   38.00       1.019    
   39.00      0.8830    
   40.00      0.7589    
   41.00      0.6484    
   42.00      0.5522    
   43.00      0.4701    
   44.00      0.4016    
   45.00      0.3455    
   46.00      0.3005    
   47.00      0.2651    
   48.00      0.2377    
   49.00      0.2171    
   50.00      0.2020    
   51.00      0.1913    
   52.00      0.1842    
   53.00      0.1801    
   54.00      0.1785    
   55.00      0.1790    
   56.00      0.1813    
   57.00      0.1852    
   58.00      0.1905    
   59.00      0.1969    
   60.00      0.2041    
   61.00      0.2118    
   62.00      0.2198    
   63.00      0.2275    
   64.00      0.2345    
   65.00      0.2406    
   66.00      0.2453    
   67.00      0.2482    
   68.00      0.2492    
   69.00      0.2480    
   70.00      0.2445    
   71.00      0.2386    
   72.00      0.2305    
   73.00      0.2202    
   74.00      0.2081    
   75.00      0.1943    
   76.00      0.1793    
   77.00      0.1634    
   78.00      0.1470    
   79.00      0.1305    
   80.00      0.1143    
 END
