     0.0   1.494      1
     0.0   2.992     -1
     1.0   13.43      1
     1.0   26.94     -1
     2.0   29.90      1
     2.0   59.91     -1
     3.0   41.83      1
     3.0   83.84     -1
     4.0   53.73      1
     4.0   107.7     -1
     5.0   65.52      1
     5.0   131.0     -1
     6.0   75.88      1
     6.0   152.6     -1
     7.0   85.48      1
     7.0   168.5     -1
     8.0   83.84      1
     8.0   171.3     -1
     9.0   78.49      1
     9.0   155.9     -1
    10.0   63.03      1
    10.0   125.2     -1
    11.0   42.07      1
    11.0   87.89     -1
    12.0   29.52      1
    12.0   54.24     -1
    13.0   13.76      1
    13.0   30.75     -1
    14.0   9.363      1
    14.0   16.90     -1
    15.0   4.103      1
    15.0   9.196     -1
    16.0   2.753      1
    16.0   4.971     -1
    17.0   1.192      1
    17.0   2.672     -1
    18.0  0.7916      1
    18.0   1.429     -1
    19.0  0.3390      1
    19.0  0.7604     -1
    20.0  0.2233      1
    20.0  0.4030     -1
    21.0  0.9479E-01  1
    21.0  0.2127     -1
    22.0  0.6203E-01  1
    22.0  0.1119     -1
    23.0  0.2613E-01  1
    23.0  0.5866E-01 -1
    24.0  0.1701E-01  1
    24.0  0.3067E-01 -1
    25.0  0.7119E-02  1
    25.0  0.1599E-01 -1
    26.0  0.4611E-02  1
    26.0  0.8313E-02 -1
    27.0  0.1921E-02  1
    27.0  0.4314E-02 -1
    28.0  0.1238E-02  1
    28.0  0.2232E-02 -1
    29.0  0.5128E-03  1
    29.0  0.1152E-02 -1
    30.0  0.3292E-03  1
    30.0  0.5933E-03 -1
