#  81 angles,  1 tensor ranks for 0=projectile
@subtitle   "39K(3He,d)40Ca 21 MeV DWBA ZR 9227.43 keV Jpi=2+ l=2 n=2 j=3/2"                
@legend ON
@legend x1 0.2
@legend y1 0.8
@g0 type LOGY
@yaxis ticklabel format power
@legend string   0 "Lab energy =   21.0000"
#legend string   0 "Partition=  2 Excit=  1 near/far= 1"
#  Theta       sigma       iT11        T20         T21         T22         Kyy for projectile
   0.000       13.96    
   1.000       13.98    
   2.000       14.02    
   3.000       14.08    
   4.000       14.16    
   5.000       14.24    
   6.000       14.31    
   7.000       14.35    
   8.000       14.35    
   9.000       14.29    
   10.00       14.15    
   11.00       13.93    
   12.00       13.61    
   13.00       13.18    
   14.00       12.65    
   15.00       12.03    
   16.00       11.32    
   17.00       10.55    
   18.00       9.728    
   19.00       8.887    
   20.00       8.045    
   21.00       7.226    
   22.00       6.449    
   23.00       5.732    
   24.00       5.086    
   25.00       4.519    
   26.00       4.034    
   27.00       3.630    
   28.00       3.303    
   29.00       3.044    
   30.00       2.842    
   31.00       2.685    
   32.00       2.563    
   33.00       2.462    
   34.00       2.373    
   35.00       2.286    
   36.00       2.196    
   37.00       2.098    
   38.00       1.989    
   39.00       1.870    
   40.00       1.742    
   41.00       1.607    
   42.00       1.469    
   43.00       1.330    
   44.00       1.195    
   45.00       1.067    
   46.00      0.9483    
   47.00      0.8419    
   48.00      0.7488    
   49.00      0.6695    
   50.00      0.6039    
   51.00      0.5509    
   52.00      0.5092    
   53.00      0.4771    
   54.00      0.4524    
   55.00      0.4333    
   56.00      0.4178    
   57.00      0.4043    
   58.00      0.3912    
   59.00      0.3775    
   60.00      0.3624    
   61.00      0.3456    
   62.00      0.3270    
   63.00      0.3069    
   64.00      0.2856    
   65.00      0.2639    
   66.00      0.2425    
   67.00      0.2220    
   68.00      0.2031    
   69.00      0.1863    
   70.00      0.1722    
   71.00      0.1609    
   72.00      0.1526    
   73.00      0.1473    
   74.00      0.1448    
   75.00      0.1447    
   76.00      0.1466    
   77.00      0.1501    
   78.00      0.1546    
   79.00      0.1595    
   80.00      0.1643    
 END
