#  81 angles,  1 tensor ranks for 0=projectile
@subtitle   "39K(3He,d)40Ca 21 MeV DWBA ZR 8995 keV Jpi=2+ l=2 n=2 j=3/2"                   
@legend ON
@legend x1 0.2
@legend y1 0.8
@g0 type LOGY
@yaxis ticklabel format power
@xaxis label "Scattering angle (degrees)"
@yaxis label "Cross section (mb/sr)"
@legend string   0 "Partition=  1 Excit=  1 near/far= 1"
#legend string   0 "Lab energy =   21.0000"
@s0 linestyle   1
#  Theta       sigma       iT11        T20         T21         T22         Kyy for projectile
  0.1000E-01   1.000    
   1.000      0.9997    
   2.000       1.001    
   3.000      0.9801    
   4.000      0.9937    
   5.000       1.036    
   6.000       1.069    
   7.000       1.070    
   8.000       1.043    
   9.000       1.001    
   10.00      0.9589    
   11.00      0.9259    
   12.00      0.9030    
   13.00      0.8865    
   14.00      0.8704    
   15.00      0.8486    
   16.00      0.8173    
   17.00      0.7752    
   18.00      0.7238    
   19.00      0.6664    
   20.00      0.6075    
   21.00      0.5518    
   22.00      0.5029    
   23.00      0.4636    
   24.00      0.4347    
   25.00      0.4158    
   26.00      0.4051    
   27.00      0.3999    
   28.00      0.3972    
   29.00      0.3941    
   30.00      0.3882    
   31.00      0.3777    
   32.00      0.3620    
   33.00      0.3412    
   34.00      0.3163    
   35.00      0.2889    
   36.00      0.2608    
   37.00      0.2340    
   38.00      0.2104    
   39.00      0.1911    
   40.00      0.1770    
   41.00      0.1682    
   42.00      0.1644    
   43.00      0.1646    
   44.00      0.1677    
   45.00      0.1721    
   46.00      0.1765    
   47.00      0.1796    
   48.00      0.1803    
   49.00      0.1779    
   50.00      0.1722    
   51.00      0.1633    
   52.00      0.1516    
   53.00      0.1378    
   54.00      0.1229    
   55.00      0.1077    
   56.00      0.9318E-01
   57.00      0.8011E-01
   58.00      0.6912E-01
   59.00      0.6059E-01
   60.00      0.5467E-01
   61.00      0.5129E-01
   62.00      0.5018E-01
   63.00      0.5093E-01
   64.00      0.5301E-01
   65.00      0.5587E-01
   66.00      0.5895E-01
   67.00      0.6177E-01
   68.00      0.6392E-01
   69.00      0.6510E-01
   70.00      0.6515E-01
   71.00      0.6402E-01
   72.00      0.6176E-01
   73.00      0.5853E-01
   74.00      0.5453E-01
   75.00      0.5000E-01
   76.00      0.4522E-01
   77.00      0.4042E-01
   78.00      0.3583E-01
   79.00      0.3163E-01
   80.00      0.2793E-01
 END
@legend string   1 "Partition=  2 Excit=  1 near/far= 1"
#legend string   0 "Lab energy =   21.0000"
@s1 linestyle   2
#  Theta       sigma       iT11        T20         T21         T22         Kyy for projectile
   0.000       15.08    
   1.000       15.10    
   2.000       15.15    
   3.000       15.23    
   4.000       15.33    
   5.000       15.44    
   6.000       15.55    
   7.000       15.62    
   8.000       15.65    
   9.000       15.61    
   10.00       15.49    
   11.00       15.25    
   12.00       14.90    
   13.00       14.44    
   14.00       13.86    
   15.00       13.17    
   16.00       12.38    
   17.00       11.53    
   18.00       10.62    
   19.00       9.688    
   20.00       8.752    
   21.00       7.838    
   22.00       6.971    
   23.00       6.169    
   24.00       5.449    
   25.00       4.820    
   26.00       4.286    
   27.00       3.845    
   28.00       3.491    
   29.00       3.212    
   30.00       2.997    
   31.00       2.832    
   32.00       2.704    
   33.00       2.599    
   34.00       2.506    
   35.00       2.415    
   36.00       2.321    
   37.00       2.217    
   38.00       2.102    
   39.00       1.975    
   40.00       1.837    
   41.00       1.691    
   42.00       1.541    
   43.00       1.392    
   44.00       1.246    
   45.00       1.110    
   46.00      0.9838    
   47.00      0.8716    
   48.00      0.7742    
   49.00      0.6920    
   50.00      0.6246    
   51.00      0.5710    
   52.00      0.5295    
   53.00      0.4982    
   54.00      0.4746    
   55.00      0.4566    
   56.00      0.4420    
   57.00      0.4288    
   58.00      0.4155    
   59.00      0.4010    
   60.00      0.3846    
   61.00      0.3661    
   62.00      0.3455    
   63.00      0.3232    
   64.00      0.2998    
   65.00      0.2759    
   66.00      0.2522    
   67.00      0.2296    
   68.00      0.2089    
   69.00      0.1907    
   70.00      0.1754    
   71.00      0.1635    
   72.00      0.1551    
   73.00      0.1499    
   74.00      0.1479    
   75.00      0.1485    
   76.00      0.1512    
   77.00      0.1554    
   78.00      0.1606    
   79.00      0.1661    
   80.00      0.1714    
 END
