#  81 angles,  1 tensor ranks for 0=projectile
@subtitle   "39K(3He,d)40Ca 21 MeV DWBA ZR 7623 keV Jpi=4+ l=2 n=3 j=5/2"                   
@legend ON
@legend x1 0.2
@legend y1 0.8
@g0 type LOGY
@yaxis ticklabel format power
@xaxis label "Scattering angle (degrees)"
@yaxis label "Cross section (mb/sr)"
@legend string   0 "Partition=  1 Excit=  1 near/far= 1"
#legend string   0 "Lab energy =   21.0000"
@s0 linestyle   1
#  Theta       sigma       iT11        T20         T21         T22         Kyy for projectile
  0.1000E-01   1.000    
   1.000      0.9997    
   2.000       1.001    
   3.000      0.9801    
   4.000      0.9937    
   5.000       1.036    
   6.000       1.069    
   7.000       1.070    
   8.000       1.043    
   9.000       1.001    
   10.00      0.9589    
   11.00      0.9259    
   12.00      0.9030    
   13.00      0.8865    
   14.00      0.8704    
   15.00      0.8486    
   16.00      0.8173    
   17.00      0.7752    
   18.00      0.7238    
   19.00      0.6664    
   20.00      0.6075    
   21.00      0.5518    
   22.00      0.5029    
   23.00      0.4636    
   24.00      0.4347    
   25.00      0.4158    
   26.00      0.4051    
   27.00      0.3999    
   28.00      0.3972    
   29.00      0.3941    
   30.00      0.3882    
   31.00      0.3777    
   32.00      0.3620    
   33.00      0.3412    
   34.00      0.3163    
   35.00      0.2889    
   36.00      0.2608    
   37.00      0.2340    
   38.00      0.2104    
   39.00      0.1911    
   40.00      0.1770    
   41.00      0.1682    
   42.00      0.1644    
   43.00      0.1646    
   44.00      0.1677    
   45.00      0.1721    
   46.00      0.1765    
   47.00      0.1796    
   48.00      0.1803    
   49.00      0.1779    
   50.00      0.1722    
   51.00      0.1633    
   52.00      0.1516    
   53.00      0.1378    
   54.00      0.1229    
   55.00      0.1077    
   56.00      0.9318E-01
   57.00      0.8011E-01
   58.00      0.6912E-01
   59.00      0.6059E-01
   60.00      0.5467E-01
   61.00      0.5129E-01
   62.00      0.5018E-01
   63.00      0.5093E-01
   64.00      0.5301E-01
   65.00      0.5587E-01
   66.00      0.5895E-01
   67.00      0.6177E-01
   68.00      0.6392E-01
   69.00      0.6510E-01
   70.00      0.6515E-01
   71.00      0.6402E-01
   72.00      0.6176E-01
   73.00      0.5853E-01
   74.00      0.5453E-01
   75.00      0.5000E-01
   76.00      0.4522E-01
   77.00      0.4042E-01
   78.00      0.3583E-01
   79.00      0.3163E-01
   80.00      0.2793E-01
 END
@legend string   1 "Partition=  2 Excit=  1 near/far= 1"
#legend string   0 "Lab energy =   21.0000"
@s1 linestyle   2
#  Theta       sigma       iT11        T20         T21         T22         Kyy for projectile
   0.000       48.22    
   1.000       48.35    
   2.000       48.74    
   3.000       49.38    
   4.000       50.21    
   5.000       51.21    
   6.000       52.30    
   7.000       53.41    
   8.000       54.43    
   9.000       55.28    
   10.00       55.86    
   11.00       56.05    
   12.00       55.78    
   13.00       54.99    
   14.00       53.62    
   15.00       51.66    
   16.00       49.15    
   17.00       46.12    
   18.00       42.68    
   19.00       38.95    
   20.00       35.05    
   21.00       31.14    
   22.00       27.34    
   23.00       23.78    
   24.00       20.56    
   25.00       17.73    
   26.00       15.33    
   27.00       13.36    
   28.00       11.80    
   29.00       10.62    
   30.00       9.747    
   31.00       9.134    
   32.00       8.711    
   33.00       8.413    
   34.00       8.182    
   35.00       7.966    
   36.00       7.725    
   37.00       7.434    
   38.00       7.078    
   39.00       6.656    
   40.00       6.175    
   41.00       5.651    
   42.00       5.104    
   43.00       4.556    
   44.00       4.026    
   45.00       3.532    
   46.00       3.087    
   47.00       2.703    
   48.00       2.383    
   49.00       2.129    
   50.00       1.938    
   51.00       1.806    
   52.00       1.724    
   53.00       1.681    
   54.00       1.666    
   55.00       1.669    
   56.00       1.678    
   57.00       1.684    
   58.00       1.680    
   59.00       1.662    
   60.00       1.627    
   61.00       1.573    
   62.00       1.503    
   63.00       1.418    
   64.00       1.322    
   65.00       1.218    
   66.00       1.109    
   67.00      0.9994    
   68.00      0.8931    
   69.00      0.7930    
   70.00      0.7017    
   71.00      0.6212    
   72.00      0.5529    
   73.00      0.4970    
   74.00      0.4533    
   75.00      0.4210    
   76.00      0.3986    
   77.00      0.3844    
   78.00      0.3766    
   79.00      0.3733    
   80.00      0.3727    
 END
