     0.0   1.502      1
     0.0   2.994     -1
     1.0   13.51      1
     1.0   26.99     -1
     2.0   30.01      1
     2.0   59.95     -1
     3.0   41.98      1
     3.0   83.89     -1
     4.0   53.90      1
     4.0   107.7     -1
     5.0   65.75      1
     5.0   131.1     -1
     6.0   76.17      1
     6.0   152.8     -1
     7.0   85.91      1
     7.0   168.9     -1
     8.0   84.32      1
     8.0   171.8     -1
     9.0   78.60      1
     9.0   155.7     -1
    10.0   62.81      1
    10.0   123.2     -1
    11.0   39.43      1
    11.0   83.86     -1
    12.0   27.92      1
    12.0   50.98     -1
    13.0   12.94      1
    13.0   28.95     -1
    14.0   8.884      1
    14.0   16.04     -1
    15.0   3.924      1
    15.0   8.796     -1
    16.0   2.651      1
    16.0   4.787     -1
    17.0   1.154      1
    17.0   2.588     -1
    18.0  0.7703      1
    18.0   1.390     -1
    19.0  0.3311      1
    19.0  0.7427     -1
    20.0  0.2189      1
    20.0  0.3949     -1
    21.0  0.9314E-01  1
    21.0  0.2090     -1
    22.0  0.6111E-01  1
    22.0  0.1102     -1
    23.0  0.2579E-01  1
    23.0  0.5790E-01 -1
    24.0  0.1682E-01  1
    24.0  0.3033E-01 -1
    25.0  0.7062E-02  1
    25.0  0.1585E-01 -1
    26.0  0.4580E-02  1
    26.0  0.8260E-02 -1
    27.0  0.1911E-02  1
    27.0  0.4292E-02 -1
    28.0  0.1234E-02  1
    28.0  0.2226E-02 -1
    29.0  0.5146E-03  1
    29.0  0.1154E-02 -1
    30.0  0.3306E-03  1
    30.0  0.5964E-03 -1
