#  81 angles,  1 tensor ranks for 0=projectile
@subtitle   "39K(3He,d)40Ca 21 MeV DWBA ZR 7623 keV Jpi=3- l=5 n=1 j=9/2"                   
@legend ON
@legend x1 0.2
@legend y1 0.8
@g0 type LOGY
@yaxis ticklabel format power
@legend string   0 "Lab energy =   21.0000"
#legend string   0 "Partition=  2 Excit=  1 near/far= 1"
#  Theta       sigma       iT11        T20         T21         T22         Kyy for projectile
   0.000      0.3429    
   1.000      0.3421    
   2.000      0.3396    
   3.000      0.3357    
   4.000      0.3305    
   5.000      0.3241    
   6.000      0.3171    
   7.000      0.3096    
   8.000      0.3021    
   9.000      0.2952    
   10.00      0.2892    
   11.00      0.2847    
   12.00      0.2822    
   13.00      0.2820    
   14.00      0.2844    
   15.00      0.2898    
   16.00      0.2982    
   17.00      0.3096    
   18.00      0.3240    
   19.00      0.3412    
   20.00      0.3607    
   21.00      0.3823    
   22.00      0.4053    
   23.00      0.4291    
   24.00      0.4531    
   25.00      0.4765    
   26.00      0.4987    
   27.00      0.5190    
   28.00      0.5366    
   29.00      0.5509    
   30.00      0.5615    
   31.00      0.5678    
   32.00      0.5695    
   33.00      0.5665    
   34.00      0.5586    
   35.00      0.5459    
   36.00      0.5287    
   37.00      0.5075    
   38.00      0.4827    
   39.00      0.4549    
   40.00      0.4249    
   41.00      0.3935    
   42.00      0.3614    
   43.00      0.3293    
   44.00      0.2980    
   45.00      0.2680    
   46.00      0.2398    
   47.00      0.2140    
   48.00      0.1907    
   49.00      0.1702    
   50.00      0.1525    
   51.00      0.1378    
   52.00      0.1258    
   53.00      0.1165    
   54.00      0.1094    
   55.00      0.1044    
   56.00      0.1012    
   57.00      0.9924E-01
   58.00      0.9834E-01
   59.00      0.9813E-01
   60.00      0.9830E-01
   61.00      0.9857E-01
   62.00      0.9874E-01
   63.00      0.9862E-01
   64.00      0.9809E-01
   65.00      0.9706E-01
   66.00      0.9551E-01
   67.00      0.9342E-01
   68.00      0.9084E-01
   69.00      0.8783E-01
   70.00      0.8445E-01
   71.00      0.8080E-01
   72.00      0.7697E-01
   73.00      0.7305E-01
   74.00      0.6912E-01
   75.00      0.6526E-01
   76.00      0.6153E-01
   77.00      0.5799E-01
   78.00      0.5467E-01
   79.00      0.5161E-01
   80.00      0.4882E-01
 END
