     0.0   1.497      1
     0.0   2.993     -1
     1.0   13.45      1
     1.0   26.94     -1
     2.0   29.90      1
     2.0   59.88     -1
     3.0   41.92      1
     3.0   83.92     -1
     4.0   53.85      1
     4.0   107.8     -1
     5.0   65.79      1
     5.0   131.4     -1
     6.0   76.09      1
     6.0   153.1     -1
     7.0   86.08      1
     7.0   169.3     -1
     8.0   84.61      1
     8.0   172.7     -1
     9.0   80.05      1
     9.0   158.5     -1
    10.0   64.42      1
    10.0   128.7     -1
    11.0   43.66      1
    11.0   90.90     -1
    12.0   30.53      1
    12.0   56.10     -1
    13.0   14.16      1
    13.0   31.68     -1
    14.0   9.610      1
    14.0   17.33     -1
    15.0   4.184      1
    15.0   9.388     -1
    16.0   2.802      1
    16.0   5.056     -1
    17.0   1.208      1
    17.0   2.709     -1
    18.0  0.8011      1
    18.0   1.445     -1
    19.0  0.3421      1
    19.0  0.7676     -1
    20.0  0.2252      1
    20.0  0.4061     -1
    21.0  0.9536E-01  1
    21.0  0.2141     -1
    22.0  0.6238E-01  1
    22.0  0.1125     -1
    23.0  0.2624E-01  1
    23.0  0.5892E-01 -1
    24.0  0.1707E-01  1
    24.0  0.3078E-01 -1
    25.0  0.7138E-02  1
    25.0  0.1603E-01 -1
    26.0  0.4622E-02  1
    26.0  0.8330E-02 -1
    27.0  0.1922E-02  1
    27.0  0.4319E-02 -1
    28.0  0.1240E-02  1
    28.0  0.2234E-02 -1
    29.0  0.5137E-03  1
    29.0  0.1154E-02 -1
    30.0  0.3289E-03  1
    30.0  0.5929E-03 -1
