     0.0   1.503      1
     0.0   3.005     -1
     1.0   13.53      1
     1.0   27.05     -1
     2.0   30.06      1
     2.0   60.11     -1
     3.0   42.09      1
     3.0   84.15     -1
     4.0   54.04      1
     4.0   108.1     -1
     5.0   65.98      1
     5.0   131.6     -1
     6.0   76.44      1
     6.0   153.6     -1
     7.0   86.54      1
     7.0   170.2     -1
     8.0   85.32      1
     8.0   174.1     -1
     9.0   81.25      1
     9.0   160.4     -1
    10.0   65.25      1
    10.0   130.5     -1
    11.0   44.24      1
    11.0   92.09     -1
    12.0   30.86      1
    12.0   56.73     -1
    13.0   14.30      1
    13.0   31.98     -1
    14.0   9.678      1
    14.0   17.46     -1
    15.0   4.212      1
    15.0   9.447     -1
    16.0   2.816      1
    16.0   5.082     -1
    17.0   1.213      1
    17.0   2.721     -1
    18.0  0.8038      1
    18.0   1.451     -1
    19.0  0.3432      1
    19.0  0.7700     -1
    20.0  0.2257      1
    20.0  0.4072     -1
    21.0  0.9561E-01  1
    21.0  0.2146     -1
    22.0  0.6250E-01  1
    22.0  0.1127     -1
    23.0  0.2629E-01  1
    23.0  0.5903E-01 -1
    24.0  0.1710E-01  1
    24.0  0.3083E-01 -1
    25.0  0.7154E-02  1
    25.0  0.1606E-01 -1
    26.0  0.4631E-02  1
    26.0  0.8350E-02 -1
    27.0  0.1929E-02  1
    27.0  0.4331E-02 -1
    28.0  0.1243E-02  1
    28.0  0.2241E-02 -1
    29.0  0.5155E-03  1
    29.0  0.1158E-02 -1
    30.0  0.3312E-03  1
    30.0  0.5970E-03 -1
