#  81 angles,  1 tensor ranks for 0=projectile
@subtitle   "39K(3He,d)40Ca 21 MeV DWBA ZR 8425 keV Jpi=2+ l=4 n=1 j=7/2"                   
@legend ON
@legend x1 0.2
@legend y1 0.8
@g0 type LOGY
@yaxis ticklabel format power
@legend string   0 "Lab energy =   21.0000"
#legend string   0 "Partition=  2 Excit=  1 near/far= 1"
#  Theta       sigma       iT11        T20         T21         T22         Kyy for projectile
   0.000       1.197    
   1.000       1.196    
   2.000       1.195    
   3.000       1.192    
   4.000       1.189    
   5.000       1.186    
   6.000       1.182    
   7.000       1.180    
   8.000       1.178    
   9.000       1.178    
   10.00       1.180    
   11.00       1.184    
   12.00       1.190    
   13.00       1.199    
   14.00       1.210    
   15.00       1.223    
   16.00       1.237    
   17.00       1.251    
   18.00       1.265    
   19.00       1.277    
   20.00       1.286    
   21.00       1.291    
   22.00       1.292    
   23.00       1.286    
   24.00       1.273    
   25.00       1.253    
   26.00       1.224    
   27.00       1.187    
   28.00       1.142    
   29.00       1.089    
   30.00       1.029    
   31.00      0.9638    
   32.00      0.8942    
   33.00      0.8220    
   34.00      0.7489    
   35.00      0.6763    
   36.00      0.6058    
   37.00      0.5385    
   38.00      0.4757    
   39.00      0.4181    
   40.00      0.3664    
   41.00      0.3209    
   42.00      0.2818    
   43.00      0.2491    
   44.00      0.2224    
   45.00      0.2014    
   46.00      0.1853    
   47.00      0.1734    
   48.00      0.1650    
   49.00      0.1592    
   50.00      0.1553    
   51.00      0.1524    
   52.00      0.1501    
   53.00      0.1478    
   54.00      0.1452    
   55.00      0.1420    
   56.00      0.1380    
   57.00      0.1332    
   58.00      0.1276    
   59.00      0.1213    
   60.00      0.1144    
   61.00      0.1070    
   62.00      0.9932E-01
   63.00      0.9154E-01
   64.00      0.8385E-01
   65.00      0.7644E-01
   66.00      0.6945E-01
   67.00      0.6302E-01
   68.00      0.5722E-01
   69.00      0.5211E-01
   70.00      0.4768E-01
   71.00      0.4393E-01
   72.00      0.4079E-01
   73.00      0.3820E-01
   74.00      0.3609E-01
   75.00      0.3436E-01
   76.00      0.3295E-01
   77.00      0.3176E-01
   78.00      0.3075E-01
   79.00      0.2985E-01
   80.00      0.2903E-01
 END
