#  81 angles,  1 tensor ranks for 0=projectile
@subtitle   "39K(3He,d)40Ca 21 MeV DWBA ZR 8851 keV Jpi=7- l=7 n=1 j=13/2"                  
@legend ON
@legend x1 0.2
@legend y1 0.8
@g0 type LOGY
@yaxis ticklabel format power
@legend string   0 "Lab energy =   21.0000"
#legend string   0 "Partition=  2 Excit=  1 near/far= 1"
#  Theta       sigma       iT11        T20         T21         T22         Kyy for projectile
   0.000      0.7764E-01
   1.000      0.7794E-01
   2.000      0.7884E-01
   3.000      0.8032E-01
   4.000      0.8234E-01
   5.000      0.8485E-01
   6.000      0.8775E-01
   7.000      0.9094E-01
   8.000      0.9426E-01
   9.000      0.9759E-01
   10.00      0.1008    
   11.00      0.1037    
   12.00      0.1063    
   13.00      0.1086    
   14.00      0.1105    
   15.00      0.1122    
   16.00      0.1138    
   17.00      0.1152    
   18.00      0.1167    
   19.00      0.1182    
   20.00      0.1196    
   21.00      0.1209    
   22.00      0.1221    
   23.00      0.1230    
   24.00      0.1237    
   25.00      0.1241    
   26.00      0.1244    
   27.00      0.1246    
   28.00      0.1250    
   29.00      0.1256    
   30.00      0.1267    
   31.00      0.1283    
   32.00      0.1305    
   33.00      0.1332    
   34.00      0.1363    
   35.00      0.1399    
   36.00      0.1437    
   37.00      0.1475    
   38.00      0.1514    
   39.00      0.1551    
   40.00      0.1586    
   41.00      0.1618    
   42.00      0.1647    
   43.00      0.1673    
   44.00      0.1695    
   45.00      0.1712    
   46.00      0.1725    
   47.00      0.1733    
   48.00      0.1734    
   49.00      0.1730    
   50.00      0.1718    
   51.00      0.1698    
   52.00      0.1670    
   53.00      0.1633    
   54.00      0.1588    
   55.00      0.1536    
   56.00      0.1476    
   57.00      0.1410    
   58.00      0.1341    
   59.00      0.1269    
   60.00      0.1197    
   61.00      0.1127    
   62.00      0.1060    
   63.00      0.9984E-01
   64.00      0.9418E-01
   65.00      0.8911E-01
   66.00      0.8459E-01
   67.00      0.8056E-01
   68.00      0.7692E-01
   69.00      0.7355E-01
   70.00      0.7037E-01
   71.00      0.6728E-01
   72.00      0.6425E-01
   73.00      0.6128E-01
   74.00      0.5841E-01
   75.00      0.5573E-01
   76.00      0.5333E-01
   77.00      0.5130E-01
   78.00      0.4973E-01
   79.00      0.4866E-01
   80.00      0.4808E-01
 END
