#  81 angles,  1 tensor ranks for 0=projectile
@subtitle   "39K(3He,d)40Ca 21 MeV DWBA ZR 8935 keV Jpi=1- l=3 n=2 j=5/2"                   
@legend ON
@legend x1 0.2
@legend y1 0.8
@g0 type LOGY
@yaxis ticklabel format power
@legend string   0 "Lab energy =   21.0000"
#legend string   0 "Partition=  2 Excit=  1 near/far= 1"
#  Theta       sigma       iT11        T20         T21         T22         Kyy for projectile
   0.000       4.847    
   1.000       4.859    
   2.000       4.894    
   3.000       4.951    
   4.000       5.029    
   5.000       5.122    
   6.000       5.227    
   7.000       5.339    
   8.000       5.452    
   9.000       5.560    
   10.00       5.657    
   11.00       5.736    
   12.00       5.791    
   13.00       5.818    
   14.00       5.812    
   15.00       5.768    
   16.00       5.684    
   17.00       5.560    
   18.00       5.393    
   19.00       5.187    
   20.00       4.944    
   21.00       4.668    
   22.00       4.366    
   23.00       4.044    
   24.00       3.709    
   25.00       3.368    
   26.00       3.029    
   27.00       2.700    
   28.00       2.386    
   29.00       2.093    
   30.00       1.826    
   31.00       1.589    
   32.00       1.384    
   33.00       1.211    
   34.00       1.070    
   35.00      0.9593    
   36.00      0.8761    
   37.00      0.8167    
   38.00      0.7770    
   39.00      0.7526    
   40.00      0.7393    
   41.00      0.7331    
   42.00      0.7304    
   43.00      0.7280    
   44.00      0.7234    
   45.00      0.7148    
   46.00      0.7007    
   47.00      0.6806    
   48.00      0.6543    
   49.00      0.6223    
   50.00      0.5853    
   51.00      0.5444    
   52.00      0.5011    
   53.00      0.4566    
   54.00      0.4123    
   55.00      0.3693    
   56.00      0.3286    
   57.00      0.2910    
   58.00      0.2570    
   59.00      0.2269    
   60.00      0.2009    
   61.00      0.1789    
   62.00      0.1607    
   63.00      0.1459    
   64.00      0.1342    
   65.00      0.1249    
   66.00      0.1175    
   67.00      0.1117    
   68.00      0.1068    
   69.00      0.1026    
   70.00      0.9880E-01
   71.00      0.9508E-01
   72.00      0.9136E-01
   73.00      0.8755E-01
   74.00      0.8364E-01
   75.00      0.7966E-01
   76.00      0.7565E-01
   77.00      0.7169E-01
   78.00      0.6789E-01
   79.00      0.6434E-01
   80.00      0.6114E-01
 END
