#  81 angles,  1 tensor ranks for 0=projectile
@subtitle   "39K(3He,d)40Ca 21 MeV DWBA ZR 8851 keV Jpi=3- l=3 n=2 j=7/2"                   
@legend ON
@legend x1 0.2
@legend y1 0.8
@g0 type LOGY
@yaxis ticklabel format power
@legend string   0 "Lab energy =   21.0000"
#legend string   0 "Partition=  2 Excit=  1 near/far= 1"
#  Theta       sigma       iT11        T20         T21         T22         Kyy for projectile
   0.000       12.75    
   1.000       12.77    
   2.000       12.83    
   3.000       12.92    
   4.000       13.05    
   5.000       13.20    
   6.000       13.36    
   7.000       13.52    
   8.000       13.68    
   9.000       13.81    
   10.00       13.91    
   11.00       13.98    
   12.00       13.99    
   13.00       13.93    
   14.00       13.81    
   15.00       13.62    
   16.00       13.34    
   17.00       12.98    
   18.00       12.54    
   19.00       12.03    
   20.00       11.44    
   21.00       10.80    
   22.00       10.10    
   23.00       9.374    
   24.00       8.626    
   25.00       7.872    
   26.00       7.126    
   27.00       6.404    
   28.00       5.716    
   29.00       5.075    
   30.00       4.490    
   31.00       3.968    
   32.00       3.513    
   33.00       3.127    
   34.00       2.807    
   35.00       2.551    
   36.00       2.351    
   37.00       2.200    
   38.00       2.089    
   39.00       2.009    
   40.00       1.951    
   41.00       1.907    
   42.00       1.870    
   43.00       1.834    
   44.00       1.792    
   45.00       1.743    
   46.00       1.682    
   47.00       1.609    
   48.00       1.525    
   49.00       1.430    
   50.00       1.327    
   51.00       1.218    
   52.00       1.107    
   53.00      0.9960    
   54.00      0.8887    
   55.00      0.7872    
   56.00      0.6936    
   57.00      0.6093    
   58.00      0.5354    
   59.00      0.4723    
   60.00      0.4200    
   61.00      0.3781    
   62.00      0.3458    
   63.00      0.3219    
   64.00      0.3052    
   65.00      0.2940    
   66.00      0.2869    
   67.00      0.2825    
   68.00      0.2796    
   69.00      0.2772    
   70.00      0.2744    
   71.00      0.2707    
   72.00      0.2656    
   73.00      0.2591    
   74.00      0.2510    
   75.00      0.2414    
   76.00      0.2306    
   77.00      0.2189    
   78.00      0.2067    
   79.00      0.1944    
   80.00      0.1824    
 END
