     0.0   1.498      1
     0.0   2.994     -1
     1.0   13.46      1
     1.0   26.95     -1
     2.0   29.92      1
     2.0   59.91     -1
     3.0   41.94      1
     3.0   83.94     -1
     4.0   53.86      1
     4.0   107.9     -1
     5.0   65.79      1
     5.0   131.4     -1
     6.0   76.07      1
     6.0   153.1     -1
     7.0   85.95      1
     7.0   169.1     -1
     8.0   84.47      1
     8.0   172.1     -1
     9.0   79.61      1
     9.0   157.9     -1
    10.0   64.24      1
    10.0   128.4     -1
    11.0   43.64      1
    11.0   90.85     -1
    12.0   30.55      1
    12.0   56.12     -1
    13.0   14.17      1
    13.0   31.71     -1
    14.0   9.617      1
    14.0   17.35     -1
    15.0   4.187      1
    15.0   9.395     -1
    16.0   2.804      1
    16.0   5.060     -1
    17.0   1.209      1
    17.0   2.711     -1
    18.0  0.8016      1
    18.0   1.446     -1
    19.0  0.3423      1
    19.0  0.7681     -1
    20.0  0.2253      1
    20.0  0.4064     -1
    21.0  0.9543E-01  1
    21.0  0.2142     -1
    22.0  0.6242E-01  1
    22.0  0.1126     -1
    23.0  0.2626E-01  1
    23.0  0.5896E-01 -1
    24.0  0.1708E-01  1
    24.0  0.3080E-01 -1
    25.0  0.7147E-02  1
    25.0  0.1605E-01 -1
    26.0  0.4628E-02  1
    26.0  0.8343E-02 -1
    27.0  0.1928E-02  1
    27.0  0.4328E-02 -1
    28.0  0.1243E-02  1
    28.0  0.2240E-02 -1
    29.0  0.5156E-03  1
    29.0  0.1158E-02 -1
    30.0  0.3311E-03  1
    30.0  0.5971E-03 -1
