#  81 angles,  1 tensor ranks for 0=projectile
@subtitle   "39K(3He,d)40Ca 21 MeV DWBA ZR 8851 keV Jpi=8- l=7 n=1 j=15/2"                  
@legend ON
@legend x1 0.2
@legend y1 0.8
@g0 type LOGY
@yaxis ticklabel format power
@legend string   0 "Lab energy =   21.0000"
#legend string   0 "Partition=  2 Excit=  1 near/far= 1"
#  Theta       sigma       iT11        T20         T21         T22         Kyy for projectile
   0.000       1.632    
   1.000       1.663    
   2.000       1.753    
   3.000       1.884    
   4.000       2.034    
   5.000       2.174    
   6.000       2.277    
   7.000       2.330    
   8.000       2.331    
   9.000       2.299    
   10.00       2.262    
   11.00       2.248    
   12.00       2.271    
   13.00       2.325    
   14.00       2.384    
   15.00       2.414    
   16.00       2.388    
   17.00       2.297    
   18.00       2.153    
   19.00       1.991    
   20.00       1.847    
   21.00       1.752    
   22.00       1.717    
   23.00       1.732    
   24.00       1.772    
   25.00       1.812    
   26.00       1.830    
   27.00       1.819    
   28.00       1.786    
   29.00       1.743    
   30.00       1.703    
   31.00       1.670    
   32.00       1.645    
   33.00       1.619    
   34.00       1.587    
   35.00       1.551    
   36.00       1.517    
   37.00       1.497    
   38.00       1.503    
   39.00       1.538    
   40.00       1.595    
   41.00       1.657    
   42.00       1.703    
   43.00       1.713    
   44.00       1.679    
   45.00       1.608    
   46.00       1.520    
   47.00       1.442    
   48.00       1.401    
   49.00       1.412    
   50.00       1.474    
   51.00       1.569    
   52.00       1.665    
   53.00       1.733    
   54.00       1.745    
   55.00       1.695    
   56.00       1.589    
   57.00       1.454    
   58.00       1.320    
   59.00       1.219    
   60.00       1.168    
   61.00       1.173    
   62.00       1.220    
   63.00       1.288    
   64.00       1.347    
   65.00       1.376    
   66.00       1.360    
   67.00       1.299    
   68.00       1.206    
   69.00       1.100    
   70.00       1.003    
   71.00      0.9345    
   72.00      0.9051    
   73.00      0.9149    
   74.00      0.9547    
   75.00       1.009    
   76.00       1.059    
   77.00       1.089    
   78.00       1.090    
   79.00       1.060    
   80.00       1.007    
 END
