     0.0   1.503      1
     0.0   3.007     -1
     1.0   13.53      1
     1.0   27.06     -1
     2.0   30.06      1
     2.0   60.12     -1
     3.0   42.10      1
     3.0   84.16     -1
     4.0   54.03      1
     4.0   108.1     -1
     5.0   65.96      1
     5.0   131.6     -1
     6.0   76.38      1
     6.0   153.5     -1
     7.0   86.51      1
     7.0   170.2     -1
     8.0   85.38      1
     8.0   174.3     -1
     9.0   81.41      1
     9.0   160.7     -1
    10.0   65.32      1
    10.0   130.8     -1
    11.0   44.36      1
    11.0   92.24     -1
    12.0   30.86      1
    12.0   56.78     -1
    13.0   14.32      1
    13.0   32.00     -1
    14.0   9.677      1
    14.0   17.47     -1
    15.0   4.216      1
    15.0   9.443     -1
    16.0   2.815      1
    16.0   5.080     -1
    17.0   1.194      1
    17.0   2.658     -1
    18.0  0.7837      1
    18.0   1.286     -1
    19.0  0.4164E-01  1
    19.0  0.3639     -1
    20.0 -0.9338      1
    20.0 -0.9850     -1
    21.0  -2.275      1
    21.0  -2.578     -1
    22.0  -1.120      1
    22.0  -2.826     -1
    23.0  -2.227      1
    23.0  -3.105     -1
    24.0 -0.5071      1
    24.0  -2.281     -1
    25.0 -0.1673      1
    25.0 -0.6838     -1
    26.0 -0.6977      1
    26.0  -1.846     -1
    27.0 -0.3488      1
    27.0 -0.4952     -1
    28.0 -0.1680      1
    28.0 -0.2433     -1
    29.0 -0.3013E-01  1
    29.0 -0.8608E-01 -1
    30.0 -0.2052E-01  1
    30.0 -0.3457E-01 -1
    31.0 -0.7704E-02  1
    31.0 -0.1152E-01 -1
    32.0 -0.2158E-02  1
    32.0 -0.2612E-02 -1
    33.0 -0.3687E-04  1
    33.0 -0.2323E-03 -1
    34.0 -0.1324E-04  1
    34.0 -0.7440E-05 -1
    35.0  0.7278E-05  1
    35.0  0.9654E-05 -1
