#  81 angles,  1 tensor ranks for 0=projectile
@subtitle   "39K(3He,d)40Ca 21 MeV DWBA ZR 9092 keV Jpi=3- l=1 n=3 j=3/2"                   
@legend ON
@legend x1 0.2
@legend y1 0.8
@g0 type LOGY
@yaxis ticklabel format power
@legend string   0 "Lab energy =   21.0000"
#legend string   0 "Partition=  2 Excit=  1 near/far= 1"
#  Theta       sigma       iT11        T20         T21         T22         Kyy for projectile
   0.000       44.03    
   1.000       43.93    
   2.000       43.63    
   3.000       43.10    
   4.000       42.34    
   5.000       41.29    
   6.000       39.95    
   7.000       38.30    
   8.000       36.32    
   9.000       34.05    
   10.00       31.51    
   11.00       28.78    
   12.00       25.93    
   13.00       23.07    
   14.00       20.28    
   15.00       17.67    
   16.00       15.31    
   17.00       13.26    
   18.00       11.56    
   19.00       10.21    
   20.00       9.201    
   21.00       8.499    
   22.00       8.052    
   23.00       7.802    
   24.00       7.684    
   25.00       7.638    
   26.00       7.606    
   27.00       7.543    
   28.00       7.416    
   29.00       7.202    
   30.00       6.896    
   31.00       6.500    
   32.00       6.028    
   33.00       5.502    
   34.00       4.943    
   35.00       4.379    
   36.00       3.833    
   37.00       3.325    
   38.00       2.872    
   39.00       2.486    
   40.00       2.173    
   41.00       1.934    
   42.00       1.765    
   43.00       1.660    
   44.00       1.609    
   45.00       1.601    
   46.00       1.623    
   47.00       1.663    
   48.00       1.712    
   49.00       1.758    
   50.00       1.795    
   51.00       1.817    
   52.00       1.819    
   53.00       1.801    
   54.00       1.762    
   55.00       1.704    
   56.00       1.628    
   57.00       1.537    
   58.00       1.436    
   59.00       1.327    
   60.00       1.215    
   61.00       1.103    
   62.00      0.9927    
   63.00      0.8880    
   64.00      0.7903    
   65.00      0.7009    
   66.00      0.6207    
   67.00      0.5501    
   68.00      0.4892    
   69.00      0.4377    
   70.00      0.3950    
   71.00      0.3604    
   72.00      0.3330    
   73.00      0.3119    
   74.00      0.2961    
   75.00      0.2848    
   76.00      0.2769    
   77.00      0.2719    
   78.00      0.2689    
   79.00      0.2673    
   80.00      0.2667    
 END
