     0.0   1.496      1
     0.0   2.995     -1
     1.0   13.45      1
     1.0   26.96     -1
     2.0   29.92      1
     2.0   59.94     -1
     3.0   41.87      1
     3.0   83.88     -1
     4.0   53.79      1
     4.0   107.7     -1
     5.0   65.62      1
     5.0   131.1     -1
     6.0   76.01      1
     6.0   152.8     -1
     7.0   85.72      1
     7.0   168.9     -1
     8.0   84.19      1
     8.0   171.8     -1
     9.0   79.21      1
     9.0   157.2     -1
    10.0   63.71      1
    10.0   127.0     -1
    11.0   42.99      1
    11.0   89.56     -1
    12.0   30.08      1
    12.0   55.32     -1
    13.0   14.02      1
    13.0   31.32     -1
    14.0   9.512      1
    14.0   17.18     -1
    15.0   4.162      1
    15.0   9.326     -1
    16.0   2.786      1
    16.0   5.032     -1
    17.0   1.205      1
    17.0   2.700     -1
    18.0  0.7987      1
    18.0   1.442     -1
    19.0  0.3418      1
    19.0  0.7664     -1
    20.0  0.2248      1
    20.0  0.4057     -1
    21.0  0.9536E-01  1
    21.0  0.2140     -1
    22.0  0.6234E-01  1
    22.0  0.1124     -1
    23.0  0.2625E-01  1
    23.0  0.5892E-01 -1
    24.0  0.1707E-01  1
    24.0  0.3078E-01 -1
    25.0  0.7145E-02  1
    25.0  0.1604E-01 -1
    26.0  0.4626E-02  1
    26.0  0.8341E-02 -1
    27.0  0.1927E-02  1
    27.0  0.4327E-02 -1
    28.0  0.1242E-02  1
    28.0  0.2240E-02 -1
    29.0  0.5155E-03  1
    29.0  0.1157E-02 -1
    30.0  0.3310E-03  1
    30.0  0.5971E-03 -1
