#  81 angles,  1 tensor ranks for 0=projectile
@subtitle   "39K(3He,d)40Ca 21 MeV DWBA ZR 8995 keV Jpi=2+ l=4 n=2 j=7/2"                   
@legend ON
@legend x1 0.2
@legend y1 0.8
@g0 type LOGY
@yaxis ticklabel format power
@legend string   0 "Lab energy =   21.0000"
#legend string   0 "Partition=  2 Excit=  1 near/far= 1"
#  Theta       sigma       iT11        T20         T21         T22         Kyy for projectile
   0.000       2.947    
   1.000       2.952    
   2.000       2.968    
   3.000       2.993    
   4.000       3.026    
   5.000       3.067    
   6.000       3.113    
   7.000       3.164    
   8.000       3.217    
   9.000       3.271    
   10.00       3.326    
   11.00       3.379    
   12.00       3.429    
   13.00       3.476    
   14.00       3.518    
   15.00       3.555    
   16.00       3.583    
   17.00       3.603    
   18.00       3.612    
   19.00       3.609    
   20.00       3.593    
   21.00       3.563    
   22.00       3.518    
   23.00       3.457    
   24.00       3.380    
   25.00       3.287    
   26.00       3.178    
   27.00       3.053    
   28.00       2.913    
   29.00       2.760    
   30.00       2.596    
   31.00       2.422    
   32.00       2.243    
   33.00       2.060    
   34.00       1.878    
   35.00       1.700    
   36.00       1.528    
   37.00       1.366    
   38.00       1.215    
   39.00       1.077    
   40.00      0.9531    
   41.00      0.8440    
   42.00      0.7498    
   43.00      0.6704    
   44.00      0.6051    
   45.00      0.5529    
   46.00      0.5122    
   47.00      0.4815    
   48.00      0.4589    
   49.00      0.4424    
   50.00      0.4303    
   51.00      0.4209    
   52.00      0.4129    
   53.00      0.4051    
   54.00      0.3967    
   55.00      0.3869    
   56.00      0.3754    
   57.00      0.3619    
   58.00      0.3464    
   59.00      0.3290    
   60.00      0.3101    
   61.00      0.2900    
   62.00      0.2693    
   63.00      0.2485    
   64.00      0.2282    
   65.00      0.2089    
   66.00      0.1909    
   67.00      0.1745    
   68.00      0.1598    
   69.00      0.1468    
   70.00      0.1355    
   71.00      0.1258    
   72.00      0.1175    
   73.00      0.1107    
   74.00      0.1051    
   75.00      0.1005    
   76.00      0.9682E-01
   77.00      0.9380E-01
   78.00      0.9121E-01
   79.00      0.8882E-01
   80.00      0.8643E-01
 END
