     0.0   1.497      1
     0.0   2.993     -1
     1.0   13.45      1
     1.0   26.94     -1
     2.0   29.90      1
     2.0   59.88     -1
     3.0   41.92      1
     3.0   83.92     -1
     4.0   53.85      1
     4.0   107.8     -1
     5.0   65.78      1
     5.0   131.4     -1
     6.0   76.06      1
     6.0   153.1     -1
     7.0   86.00      1
     7.0   169.2     -1
     8.0   84.50      1
     8.0   172.4     -1
     9.0   79.75      1
     9.0   158.1     -1
    10.0   64.26      1
    10.0   128.4     -1
    11.0   43.57      1
    11.0   90.72     -1
    12.0   30.50      1
    12.0   56.02     -1
    13.0   14.14      1
    13.0   31.65     -1
    14.0   9.602      1
    14.0   17.32     -1
    15.0   4.179      1
    15.0   9.379     -1
    16.0   2.800      1
    16.0   5.052     -1
    17.0   1.207      1
    17.0   2.707     -1
    18.0  0.8007      1
    18.0   1.444     -1
    19.0  0.3419      1
    19.0  0.7672     -1
    20.0  0.2251      1
    20.0  0.4059     -1
    21.0  0.9531E-01  1
    21.0  0.2140     -1
    22.0  0.6236E-01  1
    22.0  0.1124     -1
    23.0  0.2623E-01  1
    23.0  0.5891E-01 -1
    24.0  0.1707E-01  1
    24.0  0.3077E-01 -1
    25.0  0.7131E-02  1
    25.0  0.1602E-01 -1
    26.0  0.4617E-02  1
    26.0  0.8319E-02 -1
    27.0  0.1918E-02  1
    27.0  0.4311E-02 -1
    28.0  0.1238E-02  1
    28.0  0.2230E-02 -1
    29.0  0.5128E-03  1
    29.0  0.1152E-02 -1
    30.0  0.3286E-03  1
    30.0  0.5924E-03 -1
