     0.0   1.262      1
     0.0   2.522     -1
     1.0   11.35      1
     1.0   22.70     -1
     2.0   25.24      1
     2.0   50.45     -1
     3.0   35.34      1
     3.0   70.63     -1
     4.0   45.44      1
     4.0   90.81     -1
     5.0   55.55      1
     5.0   111.0     -1
     6.0   65.50      1
     6.0   130.9     -1
     7.0   75.40      1
     7.0   149.8     -1
     8.0   81.31      1
     8.0   164.4     -1
     9.0   86.25      1
     9.0   168.0     -1
    10.0   76.62      1
    10.0   154.7     -1
    11.0   63.43      1
    11.0   125.7     -1
    12.0   45.58      1
    12.0   87.95     -1
    13.0   23.98      1
    13.0   52.70     -1
    14.0   15.86      1
    14.0   28.40     -1
    15.0   6.372      1
    15.0   14.58     -1
    16.0   4.140      1
    16.0   7.334     -1
    17.0   1.588      1
    17.0   3.653     -1
    18.0   1.022      1
    18.0   1.807     -1
    19.0  0.3853      1
    19.0  0.8876     -1
    20.0  0.2443      1
    20.0  0.4307     -1
    21.0  0.8773E-01  1
    21.0  0.2043     -1
    22.0  0.5391E-01  1
    22.0  0.9339E-01 -1
    23.0  0.1672E-01  1
    23.0  0.4050E-01 -1
    24.0  0.9863E-02  1
    24.0  0.1644E-01 -1
    25.0  0.2387E-02  1
    25.0  0.6194E-02 -1
    26.0  0.1357E-02  1
    26.0  0.2152E-02 -1
