#  81 angles,  1 tensor ranks for 0=projectile
@subtitle   "39K + 3He Elastic Scattering Vernotte Optical Model (Family II, Set A)"        
@legend ON
@legend x1 0.2
@legend y1 0.8
@g0 type LOGY
@yaxis ticklabel format power
@legend string   0 "Lab energy =   25.0000"
#legend string   0 "Partition=  1 Excit=  1 near/far= 1"
#  Theta       sigma       iT11        T20         T21         T22         Kyy for projectile
  0.1000E-01   1.000    
   1.000       1.004    
   2.000      0.9860    
   3.000      0.9915    
   4.000       1.044    
   5.000       1.079    
   6.000       1.066    
   7.000       1.014    
   8.000      0.9501    
   9.000      0.8967    
   10.00      0.8630    
   11.00      0.8457    
   12.00      0.8349    
   13.00      0.8190    
   14.00      0.7897    
   15.00      0.7434    
   16.00      0.6821    
   17.00      0.6113    
   18.00      0.5389    
   19.00      0.4728    
   20.00      0.4194    
   21.00      0.3821    
   22.00      0.3615    
   23.00      0.3554    
   24.00      0.3593    
   25.00      0.3676    
   26.00      0.3747    
   27.00      0.3757    
   28.00      0.3676    
   29.00      0.3492    
   30.00      0.3213    
   31.00      0.2865    
   32.00      0.2482    
   33.00      0.2107    
   34.00      0.1779    
   35.00      0.1529    
   36.00      0.1377    
   37.00      0.1327    
   38.00      0.1370    
   39.00      0.1486    
   40.00      0.1645    
   41.00      0.1816    
   42.00      0.1965    
   43.00      0.2067    
   44.00      0.2102    
   45.00      0.2061    
   46.00      0.1945    
   47.00      0.1765    
   48.00      0.1538    
   49.00      0.1286    
   50.00      0.1031    
   51.00      0.7966E-01
   52.00      0.5994E-01
   53.00      0.4521E-01
   54.00      0.3606E-01
   55.00      0.3245E-01
   56.00      0.3379E-01
   57.00      0.3903E-01
   58.00      0.4689E-01
   59.00      0.5596E-01
   60.00      0.6493E-01
   61.00      0.7266E-01
   62.00      0.7833E-01
   63.00      0.8143E-01
   64.00      0.8180E-01
   65.00      0.7960E-01
   66.00      0.7521E-01
   67.00      0.6917E-01
   68.00      0.6210E-01
   69.00      0.5462E-01
   70.00      0.4726E-01
   71.00      0.4045E-01
   72.00      0.3446E-01
   73.00      0.2943E-01
   74.00      0.2538E-01
   75.00      0.2220E-01
   76.00      0.1975E-01
   77.00      0.1783E-01
   78.00      0.1628E-01
   79.00      0.1494E-01
   80.00      0.1372E-01
 END
