#  81 angles,  1 tensor ranks for 0=projectile
@subtitle   "39K(3He,d)40Ca 21 MeV DWBA ZR 8271 keV Jpi=3- l=3 n=1 j=7/2"                   
@legend ON
@legend x1 0.2
@legend y1 0.8
@g0 type LOGY
@yaxis ticklabel format power
@legend string   0 "Lab energy =   21.0000"
#legend string   0 "Partition=  2 Excit=  1 near/far= 1"
#  Theta       sigma       iT11        T20         T21         T22         Kyy for projectile
   0.000       5.036    
   1.000       5.043    
   2.000       5.062    
   3.000       5.095    
   4.000       5.139    
   5.000       5.194    
   6.000       5.258    
   7.000       5.329    
   8.000       5.404    
   9.000       5.478    
   10.00       5.549    
   11.00       5.610    
   12.00       5.657    
   13.00       5.685    
   14.00       5.690    
   15.00       5.666    
   16.00       5.612    
   17.00       5.524    
   18.00       5.402    
   19.00       5.243    
   20.00       5.050    
   21.00       4.822    
   22.00       4.563    
   23.00       4.276    
   24.00       3.967    
   25.00       3.643    
   26.00       3.311    
   27.00       2.981    
   28.00       2.661    
   29.00       2.357    
   30.00       2.076    
   31.00       1.823    
   32.00       1.599    
   33.00       1.407    
   34.00       1.246    
   35.00       1.115    
   36.00       1.010    
   37.00      0.9306    
   38.00      0.8716    
   39.00      0.8299    
   40.00      0.8015    
   41.00      0.7824    
   42.00      0.7687    
   43.00      0.7568    
   44.00      0.7438    
   45.00      0.7275    
   46.00      0.7062    
   47.00      0.6796    
   48.00      0.6475    
   49.00      0.6106    
   50.00      0.5701    
   51.00      0.5271    
   52.00      0.4829    
   53.00      0.4388    
   54.00      0.3957    
   55.00      0.3547    
   56.00      0.3163    
   57.00      0.2812    
   58.00      0.2497    
   59.00      0.2221    
   60.00      0.1984    
   61.00      0.1785    
   62.00      0.1623    
   63.00      0.1492    
   64.00      0.1389    
   65.00      0.1307    
   66.00      0.1242    
   67.00      0.1188    
   68.00      0.1142    
   69.00      0.1100    
   70.00      0.1059    
   71.00      0.1019    
   72.00      0.9776E-01
   73.00      0.9362E-01
   74.00      0.8946E-01
   75.00      0.8536E-01
   76.00      0.8140E-01
   77.00      0.7767E-01
   78.00      0.7427E-01
   79.00      0.7128E-01
   80.00      0.6875E-01
 END
