#  81 angles,  1 tensor ranks for 0=projectile
@subtitle   "39K(3He,d)40Ca 21 MeV DWBA ZR 9226.69 keV Jpi=2+ l=4 n=2 j=7/2"                
@legend ON
@legend x1 0.2
@legend y1 0.8
@g0 type LOGY
@yaxis ticklabel format power
@legend string   0 "Lab energy =   21.0000"
#legend string   0 "Partition=  2 Excit=  1 near/far= 1"
#  Theta       sigma       iT11        T20         T21         T22         Kyy for projectile
   0.000       3.002    
   1.000       3.006    
   2.000       3.019    
   3.000       3.040    
   4.000       3.068    
   5.000       3.103    
   6.000       3.143    
   7.000       3.186    
   8.000       3.232    
   9.000       3.279    
   10.00       3.325    
   11.00       3.370    
   12.00       3.411    
   13.00       3.448    
   14.00       3.480    
   15.00       3.505    
   16.00       3.523    
   17.00       3.532    
   18.00       3.532    
   19.00       3.521    
   20.00       3.498    
   21.00       3.463    
   22.00       3.414    
   23.00       3.351    
   24.00       3.273    
   25.00       3.180    
   26.00       3.071    
   27.00       2.948    
   28.00       2.811    
   29.00       2.662    
   30.00       2.503    
   31.00       2.336    
   32.00       2.164    
   33.00       1.990    
   34.00       1.817    
   35.00       1.648    
   36.00       1.485    
   37.00       1.331    
   38.00       1.188    
   39.00       1.057    
   40.00      0.9390    
   41.00      0.8352    
   42.00      0.7454    
   43.00      0.6693    
   44.00      0.6063    
   45.00      0.5553    
   46.00      0.5151    
   47.00      0.4841    
   48.00      0.4608    
   49.00      0.4435    
   50.00      0.4305    
   51.00      0.4203    
   52.00      0.4116    
   53.00      0.4032    
   54.00      0.3943    
   55.00      0.3842    
   56.00      0.3726    
   57.00      0.3591    
   58.00      0.3439    
   59.00      0.3270    
   60.00      0.3087    
   61.00      0.2894    
   62.00      0.2695    
   63.00      0.2494    
   64.00      0.2295    
   65.00      0.2104    
   66.00      0.1923    
   67.00      0.1756    
   68.00      0.1605    
   69.00      0.1471    
   70.00      0.1354    
   71.00      0.1254    
   72.00      0.1170    
   73.00      0.1100    
   74.00      0.1043    
   75.00      0.9968E-01
   76.00      0.9585E-01
   77.00      0.9262E-01
   78.00      0.8980E-01
   79.00      0.8721E-01
   80.00      0.8469E-01
 END
