#  81 angles,  1 tensor ranks for 0=projectile
@subtitle   "39K(3He,d)40Ca 21 MeV DWBA ZR 9432 keV Jpi=1- l=3 n=2 j=5/2"                   
@legend ON
@legend x1 0.2
@legend y1 0.8
@g0 type LOGY
@yaxis ticklabel format power
@legend string   0 "Lab energy =   21.0000"
#legend string   0 "Partition=  2 Excit=  1 near/far= 1"
#  Theta       sigma       iT11        T20         T21         T22         Kyy for projectile
   0.000       4.543    
   1.000       4.553    
   2.000       4.582    
   3.000       4.628    
   4.000       4.689    
   5.000       4.762    
   6.000       4.843    
   7.000       4.927    
   8.000       5.010    
   9.000       5.086    
   10.00       5.150    
   11.00       5.198    
   12.00       5.225    
   13.00       5.226    
   14.00       5.198    
   15.00       5.139    
   16.00       5.047    
   17.00       4.922    
   18.00       4.763    
   19.00       4.572    
   20.00       4.352    
   21.00       4.107    
   22.00       3.841    
   23.00       3.559    
   24.00       3.267    
   25.00       2.972    
   26.00       2.680    
   27.00       2.397    
   28.00       2.127    
   29.00       1.877    
   30.00       1.648    
   31.00       1.445    
   32.00       1.268    
   33.00       1.118    
   34.00      0.9945    
   35.00      0.8966    
   36.00      0.8219    
   37.00      0.7674    
   38.00      0.7299    
   39.00      0.7058    
   40.00      0.6915    
   41.00      0.6837    
   42.00      0.6794    
   43.00      0.6757    
   44.00      0.6707    
   45.00      0.6625    
   46.00      0.6500    
   47.00      0.6326    
   48.00      0.6100    
   49.00      0.5824    
   50.00      0.5504    
   51.00      0.5148    
   52.00      0.4768    
   53.00      0.4372    
   54.00      0.3974    
   55.00      0.3583    
   56.00      0.3208    
   57.00      0.2857    
   58.00      0.2534    
   59.00      0.2244    
   60.00      0.1989    
   61.00      0.1768    
   62.00      0.1580    
   63.00      0.1424    
   64.00      0.1295    
   65.00      0.1192    
   66.00      0.1108    
   67.00      0.1041    
   68.00      0.9867E-01
   69.00      0.9410E-01
   70.00      0.9010E-01
   71.00      0.8643E-01
   72.00      0.8291E-01
   73.00      0.7944E-01
   74.00      0.7596E-01
   75.00      0.7247E-01
   76.00      0.6900E-01
   77.00      0.6561E-01
   78.00      0.6236E-01
   79.00      0.5933E-01
   80.00      0.5658E-01
 END
