#  81 angles,  1 tensor ranks for 0=projectile
@subtitle   "39K(3He,d)40Ca 21 MeV DWBA ZR 8188 keV Jpi=3+ l=2 n=2 j=5/2"                   
@legend ON
@legend x1 0.2
@legend y1 0.8
@g0 type LOGY
@yaxis ticklabel format power
@legend string   0 "Lab energy =   21.0000"
#legend string   0 "Partition=  2 Excit=  1 near/far= 1"
#  Theta       sigma       iT11        T20         T21         T22         Kyy for projectile
   0.000       24.14    
   1.000       24.20    
   2.000       24.38    
   3.000       24.66    
   4.000       25.03    
   5.000       25.45    
   6.000       25.91    
   7.000       26.34    
   8.000       26.71    
   9.000       26.96    
   10.00       27.04    
   11.00       26.91    
   12.00       26.54    
   13.00       25.91    
   14.00       25.01    
   15.00       23.86    
   16.00       22.49    
   17.00       20.92    
   18.00       19.21    
   19.00       17.42    
   20.00       15.59    
   21.00       13.80    
   22.00       12.08    
   23.00       10.49    
   24.00       9.063    
   25.00       7.818    
   26.00       6.768    
   27.00       5.912    
   28.00       5.241    
   29.00       4.734    
   30.00       4.367    
   31.00       4.111    
   32.00       3.936    
   33.00       3.816    
   34.00       3.724    
   35.00       3.641    
   36.00       3.549    
   37.00       3.438    
   38.00       3.301    
   39.00       3.137    
   40.00       2.948    
   41.00       2.738    
   42.00       2.515    
   43.00       2.286    
   44.00       2.060    
   45.00       1.842    
   46.00       1.641    
   47.00       1.459    
   48.00       1.301    
   49.00       1.168    
   50.00       1.059    
   51.00      0.9723    
   52.00      0.9059    
   53.00      0.8561    
   54.00      0.8192    
   55.00      0.7913    
   56.00      0.7687    
   57.00      0.7482    
   58.00      0.7273    
   59.00      0.7040    
   60.00      0.6772    
   61.00      0.6464    
   62.00      0.6118    
   63.00      0.5739    
   64.00      0.5338    
   65.00      0.4926    
   66.00      0.4518    
   67.00      0.4127    
   68.00      0.3765    
   69.00      0.3445    
   70.00      0.3174    
   71.00      0.2958    
   72.00      0.2798    
   73.00      0.2693    
   74.00      0.2640    
   75.00      0.2631    
   76.00      0.2659    
   77.00      0.2714    
   78.00      0.2786    
   79.00      0.2867    
   80.00      0.2947    
 END
