#  81 angles,  1 tensor ranks for 0=projectile
@subtitle   "39K(3He,d)40Ca 21 MeV DWBA ZR 7623 keV Jpi=4+ l=2 n=2 j=5/2"                   
@legend ON
@legend x1 0.2
@legend y1 0.8
@g0 type LOGY
@yaxis ticklabel format power
@legend string   0 "Lab energy =   21.0000"
#legend string   0 "Partition=  2 Excit=  1 near/far= 1"
#  Theta       sigma       iT11        T20         T21         T22         Kyy for projectile
   0.000       28.01    
   1.000       28.10    
   2.000       28.37    
   3.000       28.80    
   4.000       29.37    
   5.000       30.04    
   6.000       30.77    
   7.000       31.51    
   8.000       32.20    
   9.000       32.77    
   10.00       33.16    
   11.00       33.30    
   12.00       33.13    
   13.00       32.61    
   14.00       31.72    
   15.00       30.46    
   16.00       28.85    
   17.00       26.92    
   18.00       24.76    
   19.00       22.44    
   20.00       20.03    
   21.00       17.64    
   22.00       15.33    
   23.00       13.18    
   24.00       11.24    
   25.00       9.552    
   26.00       8.132    
   27.00       6.986    
   28.00       6.101    
   29.00       5.452    
   30.00       5.006    
   31.00       4.720    
   32.00       4.552    
   33.00       4.460    
   34.00       4.406    
   35.00       4.359    
   36.00       4.295    
   37.00       4.197    
   38.00       4.056    
   39.00       3.872    
   40.00       3.646    
   41.00       3.388    
   42.00       3.106    
   43.00       2.814    
   44.00       2.523    
   45.00       2.244    
   46.00       1.986    
   47.00       1.756    
   48.00       1.559    
   49.00       1.396    
   50.00       1.266    
   51.00       1.167    
   52.00       1.094    
   53.00       1.043    
   54.00       1.008    
   55.00      0.9831    
   56.00      0.9635    
   57.00      0.9448    
   58.00      0.9234    
   59.00      0.8968    
   60.00      0.8637    
   61.00      0.8237    
   62.00      0.7774    
   63.00      0.7259    
   64.00      0.6711    
   65.00      0.6150    
   66.00      0.5599    
   67.00      0.5077    
   68.00      0.4603    
   69.00      0.4190    
   70.00      0.3848    
   71.00      0.3583    
   72.00      0.3397    
   73.00      0.3286    
   74.00      0.3245    
   75.00      0.3263    
   76.00      0.3328    
   77.00      0.3427    
   78.00      0.3546    
   79.00      0.3669    
   80.00      0.3785    
 END
