     0.0   1.503      1
     0.0   3.000     -1
     1.0   13.51      1
     1.0   27.01     -1
     2.0   30.04      1
     2.0   60.04     -1
     3.0   42.01      1
     3.0   84.00     -1
     4.0   53.94      1
     4.0   107.8     -1
     5.0   65.77      1
     5.0   131.3     -1
     6.0   76.22      1
     6.0   153.1     -1
     7.0   86.12      1
     7.0   169.3     -1
     8.0   84.79      1
     8.0   172.9     -1
     9.0   79.87      1
     9.0   157.8     -1
    10.0   63.94      1
    10.0   126.5     -1
    11.0   41.55      1
    11.0   87.48     -1
    12.0   29.19      1
    12.0   53.48     -1
    13.0   13.54      1
    13.0   30.27     -1
    14.0   9.227      1
    14.0   16.66     -1
    15.0   4.051      1
    15.0   9.079     -1
    16.0   2.722      1
    16.0   4.915     -1
    17.0   1.180      1
    17.0   2.646     -1
    18.0  0.7848      1
    18.0   1.416     -1
    19.0  0.3364      1
    19.0  0.7546     -1
    20.0  0.2218      1
    20.0  0.4002     -1
    21.0  0.9420E-01  1
    21.0  0.2114     -1
    22.0  0.6170E-01  1
    22.0  0.1113     -1
    23.0  0.2600E-01  1
    23.0  0.5837E-01 -1
    24.0  0.1693E-01  1
    24.0  0.3053E-01 -1
    25.0  0.7094E-02  1
    25.0  0.1593E-01 -1
    26.0  0.4597E-02  1
    26.0  0.8287E-02 -1
    27.0  0.1916E-02  1
    27.0  0.4302E-02 -1
    28.0  0.1236E-02  1
    28.0  0.2229E-02 -1
    29.0  0.5136E-03  1
    29.0  0.1153E-02 -1
    30.0  0.3300E-03  1
    30.0  0.5951E-03 -1
