#  81 angles,  1 tensor ranks for 0=projectile
@subtitle   "39K(3He,d)40Ca 21 MeV DWBA ZR 8995 keV Jpi=2+ l=2 n=1 j=3/2"                   
@legend ON
@legend x1 0.2
@legend y1 0.8
@g0 type LOGY
@yaxis ticklabel format power
@xaxis label "Scattering angle (degrees)"
@yaxis label "Cross section (mb/sr)"
@legend string   0 "Partition=  1 Excit=  1 near/far= 1"
#legend string   0 "Lab energy =   21.0000"
@s0 linestyle   1
#  Theta       sigma       iT11        T20         T21         T22         Kyy for projectile
  0.1000E-01   1.000    
   1.000      0.9997    
   2.000       1.001    
   3.000      0.9801    
   4.000      0.9937    
   5.000       1.036    
   6.000       1.069    
   7.000       1.070    
   8.000       1.043    
   9.000       1.001    
   10.00      0.9589    
   11.00      0.9259    
   12.00      0.9030    
   13.00      0.8865    
   14.00      0.8704    
   15.00      0.8486    
   16.00      0.8173    
   17.00      0.7752    
   18.00      0.7238    
   19.00      0.6664    
   20.00      0.6075    
   21.00      0.5518    
   22.00      0.5029    
   23.00      0.4636    
   24.00      0.4347    
   25.00      0.4158    
   26.00      0.4051    
   27.00      0.3999    
   28.00      0.3972    
   29.00      0.3941    
   30.00      0.3882    
   31.00      0.3777    
   32.00      0.3620    
   33.00      0.3412    
   34.00      0.3163    
   35.00      0.2889    
   36.00      0.2608    
   37.00      0.2340    
   38.00      0.2104    
   39.00      0.1911    
   40.00      0.1770    
   41.00      0.1682    
   42.00      0.1644    
   43.00      0.1646    
   44.00      0.1677    
   45.00      0.1721    
   46.00      0.1765    
   47.00      0.1796    
   48.00      0.1803    
   49.00      0.1779    
   50.00      0.1722    
   51.00      0.1633    
   52.00      0.1516    
   53.00      0.1378    
   54.00      0.1229    
   55.00      0.1077    
   56.00      0.9318E-01
   57.00      0.8011E-01
   58.00      0.6912E-01
   59.00      0.6059E-01
   60.00      0.5467E-01
   61.00      0.5129E-01
   62.00      0.5018E-01
   63.00      0.5093E-01
   64.00      0.5301E-01
   65.00      0.5587E-01
   66.00      0.5895E-01
   67.00      0.6177E-01
   68.00      0.6392E-01
   69.00      0.6510E-01
   70.00      0.6515E-01
   71.00      0.6402E-01
   72.00      0.6176E-01
   73.00      0.5853E-01
   74.00      0.5453E-01
   75.00      0.5000E-01
   76.00      0.4522E-01
   77.00      0.4042E-01
   78.00      0.3583E-01
   79.00      0.3163E-01
   80.00      0.2793E-01
 END
@legend string   1 "Partition=  2 Excit=  1 near/far= 1"
#legend string   0 "Lab energy =   21.0000"
@s1 linestyle   2
#  Theta       sigma       iT11        T20         T21         T22         Kyy for projectile
   0.000       6.357    
   1.000       6.367    
   2.000       6.397    
   3.000       6.445    
   4.000       6.505    
   5.000       6.572    
   6.000       6.638    
   7.000       6.693    
   8.000       6.726    
   9.000       6.726    
   10.00       6.684    
   11.00       6.592    
   12.00       6.445    
   13.00       6.242    
   14.00       5.985    
   15.00       5.678    
   16.00       5.327    
   17.00       4.942    
   18.00       4.533    
   19.00       4.112    
   20.00       3.691    
   21.00       3.281    
   22.00       2.894    
   23.00       2.538    
   24.00       2.222    
   25.00       1.948    
   26.00       1.719    
   27.00       1.534    
   28.00       1.390    
   29.00       1.281    
   30.00       1.201    
   31.00       1.145    
   32.00       1.105    
   33.00       1.076    
   34.00       1.051    
   35.00       1.027    
   36.00       1.000    
   37.00      0.9676    
   38.00      0.9281    
   39.00      0.8815    
   40.00      0.8282    
   41.00      0.7697    
   42.00      0.7076    
   43.00      0.6441    
   44.00      0.5812    
   45.00      0.5208    
   46.00      0.4644    
   47.00      0.4133    
   48.00      0.3684    
   49.00      0.3299    
   50.00      0.2981    
   51.00      0.2724    
   52.00      0.2525    
   53.00      0.2373    
   54.00      0.2261    
   55.00      0.2178    
   56.00      0.2114    
   57.00      0.2060    
   58.00      0.2008    
   59.00      0.1952    
   60.00      0.1887    
   61.00      0.1812    
   62.00      0.1725    
   63.00      0.1627    
   64.00      0.1519    
   65.00      0.1404    
   66.00      0.1285    
   67.00      0.1164    
   68.00      0.1046    
   69.00      0.9322E-01
   70.00      0.8269E-01
   71.00      0.7318E-01
   72.00      0.6482E-01
   73.00      0.5770E-01
   74.00      0.5182E-01
   75.00      0.4712E-01
   76.00      0.4348E-01
   77.00      0.4078E-01
   78.00      0.3886E-01
   79.00      0.3755E-01
   80.00      0.3670E-01
 END
