#  81 angles,  1 tensor ranks for 0=projectile
@subtitle   "39K(3He,d)40Ca 21 MeV DWBA ZR 8995 keV Jpi=2+ l=2 n=1 j=3/2"                   
@legend ON
@legend x1 0.2
@legend y1 0.8
@g0 type LOGY
@yaxis ticklabel format power
@legend string   0 "Lab energy =   21.0000"
#legend string   0 "Partition=  2 Excit=  1 near/far= 1"
#  Theta       sigma       iT11        T20         T21         T22         Kyy for projectile
   0.000       6.357    
   1.000       6.367    
   2.000       6.397    
   3.000       6.445    
   4.000       6.505    
   5.000       6.572    
   6.000       6.638    
   7.000       6.693    
   8.000       6.726    
   9.000       6.726    
   10.00       6.684    
   11.00       6.592    
   12.00       6.445    
   13.00       6.242    
   14.00       5.985    
   15.00       5.678    
   16.00       5.327    
   17.00       4.942    
   18.00       4.533    
   19.00       4.112    
   20.00       3.691    
   21.00       3.281    
   22.00       2.894    
   23.00       2.538    
   24.00       2.222    
   25.00       1.948    
   26.00       1.719    
   27.00       1.534    
   28.00       1.390    
   29.00       1.281    
   30.00       1.201    
   31.00       1.145    
   32.00       1.105    
   33.00       1.076    
   34.00       1.051    
   35.00       1.027    
   36.00       1.000    
   37.00      0.9676    
   38.00      0.9281    
   39.00      0.8815    
   40.00      0.8282    
   41.00      0.7697    
   42.00      0.7076    
   43.00      0.6441    
   44.00      0.5812    
   45.00      0.5208    
   46.00      0.4644    
   47.00      0.4133    
   48.00      0.3684    
   49.00      0.3299    
   50.00      0.2981    
   51.00      0.2724    
   52.00      0.2525    
   53.00      0.2373    
   54.00      0.2261    
   55.00      0.2178    
   56.00      0.2114    
   57.00      0.2060    
   58.00      0.2008    
   59.00      0.1952    
   60.00      0.1887    
   61.00      0.1812    
   62.00      0.1725    
   63.00      0.1627    
   64.00      0.1519    
   65.00      0.1404    
   66.00      0.1285    
   67.00      0.1164    
   68.00      0.1046    
   69.00      0.9322E-01
   70.00      0.8269E-01
   71.00      0.7318E-01
   72.00      0.6482E-01
   73.00      0.5770E-01
   74.00      0.5182E-01
   75.00      0.4712E-01
   76.00      0.4348E-01
   77.00      0.4078E-01
   78.00      0.3886E-01
   79.00      0.3755E-01
   80.00      0.3670E-01
 END
