#  81 angles,  1 tensor ranks for 0=projectile
@subtitle   "39K(3He,d)40Ca 21 MeV DWBA ZR 8935 keV Jpi=2+ l=4 n=2 j=7/2"                   
@legend ON
@legend x1 0.2
@legend y1 0.8
@g0 type LOGY
@yaxis ticklabel format power
@xaxis label "Scattering angle (degrees)"
@yaxis label "Cross section (mb/sr)"
@legend string   0 "Partition=  1 Excit=  1 near/far= 1"
#legend string   0 "Lab energy =   21.0000"
@s0 linestyle   1
#  Theta       sigma       iT11        T20         T21         T22         Kyy for projectile
  0.1000E-01   1.000    
   1.000      0.9997    
   2.000       1.001    
   3.000      0.9801    
   4.000      0.9937    
   5.000       1.036    
   6.000       1.069    
   7.000       1.070    
   8.000       1.043    
   9.000       1.001    
   10.00      0.9589    
   11.00      0.9259    
   12.00      0.9030    
   13.00      0.8865    
   14.00      0.8704    
   15.00      0.8486    
   16.00      0.8173    
   17.00      0.7752    
   18.00      0.7238    
   19.00      0.6664    
   20.00      0.6075    
   21.00      0.5518    
   22.00      0.5029    
   23.00      0.4636    
   24.00      0.4347    
   25.00      0.4158    
   26.00      0.4051    
   27.00      0.3999    
   28.00      0.3972    
   29.00      0.3941    
   30.00      0.3882    
   31.00      0.3777    
   32.00      0.3620    
   33.00      0.3412    
   34.00      0.3163    
   35.00      0.2889    
   36.00      0.2608    
   37.00      0.2340    
   38.00      0.2104    
   39.00      0.1911    
   40.00      0.1770    
   41.00      0.1682    
   42.00      0.1644    
   43.00      0.1646    
   44.00      0.1677    
   45.00      0.1721    
   46.00      0.1765    
   47.00      0.1796    
   48.00      0.1803    
   49.00      0.1779    
   50.00      0.1722    
   51.00      0.1633    
   52.00      0.1516    
   53.00      0.1378    
   54.00      0.1229    
   55.00      0.1077    
   56.00      0.9318E-01
   57.00      0.8011E-01
   58.00      0.6912E-01
   59.00      0.6059E-01
   60.00      0.5467E-01
   61.00      0.5129E-01
   62.00      0.5018E-01
   63.00      0.5093E-01
   64.00      0.5301E-01
   65.00      0.5587E-01
   66.00      0.5895E-01
   67.00      0.6177E-01
   68.00      0.6392E-01
   69.00      0.6510E-01
   70.00      0.6515E-01
   71.00      0.6402E-01
   72.00      0.6176E-01
   73.00      0.5853E-01
   74.00      0.5453E-01
   75.00      0.5000E-01
   76.00      0.4522E-01
   77.00      0.4042E-01
   78.00      0.3583E-01
   79.00      0.3163E-01
   80.00      0.2793E-01
 END
@legend string   1 "Partition=  2 Excit=  1 near/far= 1"
#legend string   0 "Lab energy =   21.0000"
@s1 linestyle   2
#  Theta       sigma       iT11        T20         T21         T22         Kyy for projectile
   0.000       2.932    
   1.000       2.937    
   2.000       2.952    
   3.000       2.977    
   4.000       3.011    
   5.000       3.052    
   6.000       3.100    
   7.000       3.152    
   8.000       3.208    
   9.000       3.265    
   10.00       3.322    
   11.00       3.378    
   12.00       3.431    
   13.00       3.480    
   14.00       3.524    
   15.00       3.561    
   16.00       3.591    
   17.00       3.612    
   18.00       3.622    
   19.00       3.622    
   20.00       3.609    
   21.00       3.582    
   22.00       3.540    
   23.00       3.483    
   24.00       3.408    
   25.00       3.317    
   26.00       3.209    
   27.00       3.084    
   28.00       2.944    
   29.00       2.789    
   30.00       2.621    
   31.00       2.445    
   32.00       2.263    
   33.00       2.077    
   34.00       1.892    
   35.00       1.711    
   36.00       1.537    
   37.00       1.373    
   38.00       1.220    
   39.00       1.081    
   40.00      0.9556    
   41.00      0.8456    
   42.00      0.7509    
   43.00      0.6711    
   44.00      0.6055    
   45.00      0.5530    
   46.00      0.5121    
   47.00      0.4812    
   48.00      0.4585    
   49.00      0.4421    
   50.00      0.4302    
   51.00      0.4210    
   52.00      0.4133    
   53.00      0.4056    
   54.00      0.3972    
   55.00      0.3873    
   56.00      0.3756    
   57.00      0.3619    
   58.00      0.3462    
   59.00      0.3288    
   60.00      0.3099    
   61.00      0.2900    
   62.00      0.2695    
   63.00      0.2490    
   64.00      0.2288    
   65.00      0.2094    
   66.00      0.1912    
   67.00      0.1745    
   68.00      0.1594    
   69.00      0.1462    
   70.00      0.1348    
   71.00      0.1252    
   72.00      0.1172    
   73.00      0.1106    
   74.00      0.1053    
   75.00      0.1010    
   76.00      0.9747E-01
   77.00      0.9447E-01
   78.00      0.9179E-01
   79.00      0.8926E-01
   80.00      0.8674E-01
 END
