     0.0   1.502      1
     0.0   3.004     -1
     1.0   13.52      1
     1.0   27.04     -1
     2.0   30.04      1
     2.0   60.07     -1
     3.0   42.04      1
     3.0   84.07     -1
     4.0   54.00      1
     4.0   108.0     -1
     5.0   65.94      1
     5.0   131.6     -1
     6.0   76.36      1
     6.0   153.4     -1
     7.0   86.43      1
     7.0   169.8     -1
     8.0   85.09      1
     8.0   173.5     -1
     9.0   80.81      1
     9.0   159.7     -1
    10.0   65.09      1
    10.0   129.9     -1
    11.0   44.01      1
    11.0   91.79     -1
    12.0   30.83      1
    12.0   56.60     -1
    13.0   14.26      1
    13.0   31.92     -1
    14.0   9.673      1
    14.0   17.44     -1
    15.0   4.204      1
    15.0   9.437     -1
    16.0   2.815      1
    16.0   5.078     -1
    17.0   1.212      1
    17.0   2.719     -1
    18.0  0.8037      1
    18.0   1.450     -1
    19.0  0.3430      1
    19.0  0.7697     -1
    20.0  0.2257      1
    20.0  0.4071     -1
    21.0  0.9557E-01  1
    21.0  0.2145     -1
    22.0  0.6250E-01  1
    22.0  0.1127     -1
    23.0  0.2629E-01  1
    23.0  0.5902E-01 -1
    24.0  0.1710E-01  1
    24.0  0.3083E-01 -1
    25.0  0.7154E-02  1
    25.0  0.1606E-01 -1
    26.0  0.4631E-02  1
    26.0  0.8350E-02 -1
    27.0  0.1928E-02  1
    27.0  0.4330E-02 -1
    28.0  0.1243E-02  1
    28.0  0.2241E-02 -1
    29.0  0.5153E-03  1
    29.0  0.1157E-02 -1
    30.0  0.3311E-03  1
    30.0  0.5968E-03 -1
