#  81 angles,  1 tensor ranks for 0=projectile
@subtitle   "39K(3He,d)40Ca 21 MeV DWBA ZR 8851 keV Jpi=1- l=1 n=3 j=1/2"                   
@legend ON
@legend x1 0.2
@legend y1 0.8
@g0 type LOGY
@yaxis ticklabel format power
@legend string   0 "Lab energy =   21.0000"
#legend string   0 "Partition=  2 Excit=  1 near/far= 1"
#  Theta       sigma       iT11        T20         T21         T22         Kyy for projectile
   0.000       24.04    
   1.000       23.97    
   2.000       23.76    
   3.000       23.40    
   4.000       22.89    
   5.000       22.21    
   6.000       21.36    
   7.000       20.32    
   8.000       19.11    
   9.000       17.74    
   10.00       16.25    
   11.00       14.66    
   12.00       13.02    
   13.00       11.39    
   14.00       9.817    
   15.00       8.359    
   16.00       7.056    
   17.00       5.940    
   18.00       5.029    
   19.00       4.326    
   20.00       3.822    
   21.00       3.495    
   22.00       3.314    
   23.00       3.246    
   24.00       3.254    
   25.00       3.302    
   26.00       3.359    
   27.00       3.401    
   28.00       3.408    
   29.00       3.369    
   30.00       3.280    
   31.00       3.141    
   32.00       2.958    
   33.00       2.741    
   34.00       2.501    
   35.00       2.251    
   36.00       2.003    
   37.00       1.766    
   38.00       1.549    
   39.00       1.358    
   40.00       1.195    
   41.00       1.062    
   42.00      0.9561    
   43.00      0.8762    
   44.00      0.8178    
   45.00      0.7767    
   46.00      0.7483    
   47.00      0.7282    
   48.00      0.7124    
   49.00      0.6978    
   50.00      0.6821    
   51.00      0.6635    
   52.00      0.6414    
   53.00      0.6158    
   54.00      0.5871    
   55.00      0.5562    
   56.00      0.5242    
   57.00      0.4922    
   58.00      0.4613    
   59.00      0.4323    
   60.00      0.4059    
   61.00      0.3825    
   62.00      0.3623    
   63.00      0.3453    
   64.00      0.3312    
   65.00      0.3194    
   66.00      0.3094    
   67.00      0.3005    
   68.00      0.2921    
   69.00      0.2836    
   70.00      0.2744    
   71.00      0.2642    
   72.00      0.2528    
   73.00      0.2399    
   74.00      0.2257    
   75.00      0.2103    
   76.00      0.1939    
   77.00      0.1769    
   78.00      0.1596    
   79.00      0.1424    
   80.00      0.1256    
 END
