     0.0   1.486      1
     0.0   2.986     -1
     1.0   13.47      1
     1.0   26.95     -1
     2.0   29.94      1
     2.0   59.96     -1
     3.0   41.99      1
     3.0   84.01     -1
     4.0   53.91      1
     4.0   107.9     -1
     5.0   65.84      1
     5.0   131.4     -1
     6.0   76.01      1
     6.0   153.1     -1
     7.0   86.12      1
     7.0   168.8     -1
     8.0   84.02      1
     8.0   172.3     -1
     9.0   80.49      1
     9.0   158.8     -1
    10.0   64.77      1
    10.0   129.6     -1
    11.0   44.07      1
    11.0   91.69     -1
    12.0   30.75      1
    12.0   56.55     -1
    13.0   14.27      1
    13.0   31.90     -1
    14.0   9.657      1
    14.0   17.43     -1
    15.0   4.207      1
    15.0   9.432     -1
    16.0   2.812      1
    16.0   5.076     -1
    17.0   1.212      1
    17.0   2.718     -1
    18.0  0.8031      1
    18.0   1.449     -1
    19.0  0.3431      1
    19.0  0.7695     -1
    20.0  0.2256      1
    20.0  0.4070     -1
    21.0  0.9558E-01  1
    21.0  0.2145     -1
    22.0  0.6247E-01  1
    22.0  0.1127     -1
    23.0  0.2629E-01  1
    23.0  0.5901E-01 -1
    24.0  0.1709E-01  1
    24.0  0.3082E-01 -1
    25.0  0.7153E-02  1
    25.0  0.1606E-01 -1
    26.0  0.4630E-02  1
    26.0  0.8348E-02 -1
    27.0  0.1929E-02  1
    27.0  0.4330E-02 -1
    28.0  0.1243E-02  1
    28.0  0.2242E-02 -1
    29.0  0.5159E-03  1
    29.0  0.1158E-02 -1
    30.0  0.3312E-03  1
    30.0  0.5974E-03 -1
