#  81 angles,  1 tensor ranks for 0=projectile
@subtitle   "39K(3He,d)40Ca 21 MeV DWBA ZR 8851 keV Jpi=2- l=3 n=2 j=7/2"                   
@legend ON
@legend x1 0.2
@legend y1 0.8
@g0 type LOGY
@yaxis ticklabel format power
@legend string   0 "Lab energy =   21.0000"
#legend string   0 "Partition=  2 Excit=  1 near/far= 1"
#  Theta       sigma       iT11        T20         T21         T22         Kyy for projectile
   0.000       9.104    
   1.000       9.119    
   2.000       9.161    
   3.000       9.230    
   4.000       9.320    
   5.000       9.425    
   6.000       9.541    
   7.000       9.657    
   8.000       9.768    
   9.000       9.865    
   10.00       9.939    
   11.00       9.983    
   12.00       9.990    
   13.00       9.953    
   14.00       9.867    
   15.00       9.726    
   16.00       9.529    
   17.00       9.273    
   18.00       8.959    
   19.00       8.590    
   20.00       8.172    
   21.00       7.711    
   22.00       7.216    
   23.00       6.696    
   24.00       6.162    
   25.00       5.623    
   26.00       5.090    
   27.00       4.574    
   28.00       4.083    
   29.00       3.625    
   30.00       3.207    
   31.00       2.834    
   32.00       2.509    
   33.00       2.233    
   34.00       2.005    
   35.00       1.822    
   36.00       1.680    
   37.00       1.572    
   38.00       1.492    
   39.00       1.435    
   40.00       1.394    
   41.00       1.362    
   42.00       1.336    
   43.00       1.310    
   44.00       1.280    
   45.00       1.245    
   46.00       1.201    
   47.00       1.150    
   48.00       1.089    
   49.00       1.021    
   50.00      0.9477    
   51.00      0.8700    
   52.00      0.7905    
   53.00      0.7114    
   54.00      0.6348    
   55.00      0.5623    
   56.00      0.4954    
   57.00      0.4352    
   58.00      0.3824    
   59.00      0.3374    
   60.00      0.3000    
   61.00      0.2701    
   62.00      0.2470    
   63.00      0.2300    
   64.00      0.2180    
   65.00      0.2100    
   66.00      0.2049    
   67.00      0.2018    
   68.00      0.1997    
   69.00      0.1980    
   70.00      0.1960    
   71.00      0.1933    
   72.00      0.1897    
   73.00      0.1850    
   74.00      0.1792    
   75.00      0.1724    
   76.00      0.1647    
   77.00      0.1564    
   78.00      0.1477    
   79.00      0.1389    
   80.00      0.1303    
 END
