#  81 angles,  1 tensor ranks for 0=projectile
@subtitle   "39K(3He,d)40Ca 21 MeV DWBA ZR 8019 keV Jpi=0+ l=2 n=3 j=3/2"                   
@legend ON
@legend x1 0.2
@legend y1 0.8
@g0 type LOGY
@yaxis ticklabel format power
@legend string   0 "Lab energy =   21.0000"
#legend string   0 "Partition=  2 Excit=  1 near/far= 1"
#  Theta       sigma       iT11        T20         T21         T22         Kyy for projectile
   0.000       6.151    
   1.000       6.160    
   2.000       6.185    
   3.000       6.227    
   4.000       6.279    
   5.000       6.339    
   6.000       6.399    
   7.000       6.452    
   8.000       6.489    
   9.000       6.501    
   10.00       6.479    
   11.00       6.413    
   12.00       6.296    
   13.00       6.123    
   14.00       5.894    
   15.00       5.610    
   16.00       5.277    
   17.00       4.905    
   18.00       4.505    
   19.00       4.091    
   20.00       3.675    
   21.00       3.270    
   22.00       2.887    
   23.00       2.537    
   24.00       2.225    
   25.00       1.955    
   26.00       1.730    
   27.00       1.548    
   28.00       1.405    
   29.00       1.297    
   30.00       1.217    
   31.00       1.157    
   32.00       1.111    
   33.00       1.072    
   34.00       1.035    
   35.00      0.9947    
   36.00      0.9490    
   37.00      0.8964    
   38.00      0.8365    
   39.00      0.7704    
   40.00      0.6996    
   41.00      0.6262    
   42.00      0.5526    
   43.00      0.4813    
   44.00      0.4145    
   45.00      0.3542    
   46.00      0.3018    
   47.00      0.2584    
   48.00      0.2242    
   49.00      0.1990    
   50.00      0.1822    
   51.00      0.1727    
   52.00      0.1692    
   53.00      0.1702    
   54.00      0.1742    
   55.00      0.1798    
   56.00      0.1857    
   57.00      0.1909    
   58.00      0.1944    
   59.00      0.1958    
   60.00      0.1945    
   61.00      0.1905    
   62.00      0.1838    
   63.00      0.1749    
   64.00      0.1640    
   65.00      0.1518    
   66.00      0.1387    
   67.00      0.1253    
   68.00      0.1121    
   69.00      0.9955E-01
   70.00      0.8797E-01
   71.00      0.7760E-01
   72.00      0.6858E-01
   73.00      0.6097E-01
   74.00      0.5477E-01
   75.00      0.4990E-01
   76.00      0.4623E-01
   77.00      0.4360E-01
   78.00      0.4178E-01
   79.00      0.4058E-01
   80.00      0.3978E-01
 END
