#  81 angles,  1 tensor ranks for 0=projectile
@subtitle   "39K(3He,d)40Ca 21 MeV DWBA ZR 8935 keV Jpi=2+ l=2 n=3 j=3/2"                   
@legend ON
@legend x1 0.2
@legend y1 0.8
@g0 type LOGY
@yaxis ticklabel format power
@legend string   0 "Lab energy =   21.0000"
#legend string   0 "Partition=  2 Excit=  1 near/far= 1"
#  Theta       sigma       iT11        T20         T21         T22         Kyy for projectile
   0.000       26.89    
   1.000       26.91    
   2.000       26.97    
   3.000       27.04    
   4.000       27.13    
   5.000       27.21    
   6.000       27.27    
   7.000       27.26    
   8.000       27.17    
   9.000       26.97    
   10.00       26.62    
   11.00       26.12    
   12.00       25.45    
   13.00       24.59    
   14.00       23.55    
   15.00       22.34    
   16.00       20.99    
   17.00       19.52    
   18.00       17.99    
   19.00       16.42    
   20.00       14.86    
   21.00       13.36    
   22.00       11.95    
   23.00       10.65    
   24.00       9.484    
   25.00       8.470    
   26.00       7.608    
   27.00       6.893    
   28.00       6.312    
   29.00       5.848    
   30.00       5.480    
   31.00       5.185    
   32.00       4.939    
   33.00       4.722    
   34.00       4.515    
   35.00       4.304    
   36.00       4.080    
   37.00       3.836    
   38.00       3.572    
   39.00       3.290    
   40.00       2.995    
   41.00       2.693    
   42.00       2.393    
   43.00       2.104    
   44.00       1.832    
   45.00       1.586    
   46.00       1.369    
   47.00       1.186    
   48.00       1.039    
   49.00      0.9267    
   50.00      0.8473    
   51.00      0.7977    
   52.00      0.7731    
   53.00      0.7685    
   54.00      0.7785    
   55.00      0.7974    
   56.00      0.8202    
   57.00      0.8424    
   58.00      0.8601    
   59.00      0.8706    
   60.00      0.8719    
   61.00      0.8629    
   62.00      0.8434    
   63.00      0.8139    
   64.00      0.7757    
   65.00      0.7301    
   66.00      0.6792    
   67.00      0.6248    
   68.00      0.5690    
   69.00      0.5135    
   70.00      0.4600    
   71.00      0.4100    
   72.00      0.3643    
   73.00      0.3237    
   74.00      0.2886    
   75.00      0.2591    
   76.00      0.2348    
   77.00      0.2154    
   78.00      0.2003    
   79.00      0.1888    
   80.00      0.1803    
 END
