     0.0   1.503      1
     0.0   3.004     -1
     1.0   13.49      1
     1.0   27.00     -1
     2.0   29.99      1
     2.0   59.98     -1
     3.0   42.01      1
     3.0   84.00     -1
     4.0   53.95      1
     4.0   107.9     -1
     5.0   65.86      1
     5.0   131.3     -1
     6.0   76.23      1
     6.0   153.0     -1
     7.0   85.96      1
     7.0   168.9     -1
     8.0   84.39      1
     8.0   171.8     -1
     9.0   79.82      1
     9.0   156.9     -1
    10.0   63.50      1
    10.0   126.8     -1
    11.0   42.71      1
    11.0   89.59     -1
    12.0   30.41      1
    12.0   55.47     -1
    13.0   13.94      1
    13.0   31.42     -1
    14.0   9.591      1
    14.0   17.22     -1
    15.0   4.145      1
    15.0   9.342     -1
    16.0   2.800      1
    16.0   5.037     -1
    17.0   1.201      1
    17.0   2.702     -1
    18.0  0.8008      1
    18.0   1.442     -1
    19.0  0.3410      1
    19.0  0.7665     -1
    20.0  0.2252      1
    20.0  0.4057     -1
    21.0  0.9520E-01  1
    21.0  0.2139     -1
    22.0  0.6240E-01  1
    22.0  0.1124     -1
    23.0  0.2622E-01  1
    23.0  0.5891E-01 -1
    24.0  0.1708E-01  1
    24.0  0.3078E-01 -1
    25.0  0.7140E-02  1
    25.0  0.1604E-01 -1
    26.0  0.4628E-02  1
    26.0  0.8341E-02 -1
    27.0  0.1927E-02  1
    27.0  0.4327E-02 -1
    28.0  0.1243E-02  1
    28.0  0.2241E-02 -1
    29.0  0.5156E-03  1
    29.0  0.1158E-02 -1
    30.0  0.3313E-03  1
    30.0  0.5973E-03 -1
