#  81 angles,  1 tensor ranks for 0=projectile
@subtitle   "39K(3He,d)40Ca 21 MeV DWBA ZR 8748 keV Jpi=1- l=1 n=3 j=3/2"                   
@legend ON
@legend x1 0.2
@legend y1 0.8
@g0 type LOGY
@yaxis ticklabel format power
@xaxis label "Scattering angle (degrees)"
@yaxis label "Cross section (mb/sr)"
@legend string   0 "Partition=  1 Excit=  1 near/far= 1"
#legend string   0 "Lab energy =   21.0000"
@s0 linestyle   1
#  Theta       sigma       iT11        T20         T21         T22         Kyy for projectile
  0.1000E-01   1.000    
   1.000      0.9997    
   2.000       1.001    
   3.000      0.9801    
   4.000      0.9937    
   5.000       1.036    
   6.000       1.069    
   7.000       1.070    
   8.000       1.043    
   9.000       1.001    
   10.00      0.9589    
   11.00      0.9259    
   12.00      0.9030    
   13.00      0.8865    
   14.00      0.8704    
   15.00      0.8486    
   16.00      0.8173    
   17.00      0.7752    
   18.00      0.7238    
   19.00      0.6664    
   20.00      0.6075    
   21.00      0.5518    
   22.00      0.5029    
   23.00      0.4636    
   24.00      0.4347    
   25.00      0.4158    
   26.00      0.4051    
   27.00      0.3999    
   28.00      0.3972    
   29.00      0.3941    
   30.00      0.3882    
   31.00      0.3777    
   32.00      0.3620    
   33.00      0.3412    
   34.00      0.3163    
   35.00      0.2889    
   36.00      0.2608    
   37.00      0.2340    
   38.00      0.2104    
   39.00      0.1911    
   40.00      0.1770    
   41.00      0.1682    
   42.00      0.1644    
   43.00      0.1646    
   44.00      0.1677    
   45.00      0.1721    
   46.00      0.1765    
   47.00      0.1796    
   48.00      0.1803    
   49.00      0.1779    
   50.00      0.1722    
   51.00      0.1633    
   52.00      0.1516    
   53.00      0.1378    
   54.00      0.1229    
   55.00      0.1077    
   56.00      0.9318E-01
   57.00      0.8011E-01
   58.00      0.6912E-01
   59.00      0.6059E-01
   60.00      0.5467E-01
   61.00      0.5129E-01
   62.00      0.5018E-01
   63.00      0.5093E-01
   64.00      0.5301E-01
   65.00      0.5587E-01
   66.00      0.5895E-01
   67.00      0.6177E-01
   68.00      0.6392E-01
   69.00      0.6510E-01
   70.00      0.6515E-01
   71.00      0.6402E-01
   72.00      0.6176E-01
   73.00      0.5853E-01
   74.00      0.5453E-01
   75.00      0.5000E-01
   76.00      0.4522E-01
   77.00      0.4042E-01
   78.00      0.3583E-01
   79.00      0.3163E-01
   80.00      0.2793E-01
 END
@legend string   1 "Partition=  2 Excit=  1 near/far= 1"
#legend string   0 "Lab energy =   21.0000"
@s1 linestyle   2
#  Theta       sigma       iT11        T20         T21         T22         Kyy for projectile
   0.000       22.12    
   1.000       22.08    
   2.000       21.96    
   3.000       21.74    
   4.000       21.41    
   5.000       20.95    
   6.000       20.34    
   7.000       19.56    
   8.000       18.61    
   9.000       17.49    
   10.00       16.23    
   11.00       14.84    
   12.00       13.38    
   13.00       11.89    
   14.00       10.44    
   15.00       9.057    
   16.00       7.805    
   17.00       6.715    
   18.00       5.807    
   19.00       5.091    
   20.00       4.559    
   21.00       4.193    
   22.00       3.965    
   23.00       3.843    
   24.00       3.792    
   25.00       3.778    
   26.00       3.771    
   27.00       3.746    
   28.00       3.686    
   29.00       3.580    
   30.00       3.425    
   31.00       3.223    
   32.00       2.981    
   33.00       2.710    
   34.00       2.424    
   35.00       2.134    
   36.00       1.855    
   37.00       1.597    
   38.00       1.369    
   39.00       1.177    
   40.00       1.022    
   41.00      0.9060    
   42.00      0.8262    
   43.00      0.7786    
   44.00      0.7578    
   45.00      0.7579    
   46.00      0.7726    
   47.00      0.7956    
   48.00      0.8213    
   49.00      0.8450    
   50.00      0.8630    
   51.00      0.8723    
   52.00      0.8715    
   53.00      0.8599    
   54.00      0.8378    
   55.00      0.8059    
   56.00      0.7658    
   57.00      0.7192    
   58.00      0.6678    
   59.00      0.6136    
   60.00      0.5585    
   61.00      0.5039    
   62.00      0.4514    
   63.00      0.4020    
   64.00      0.3565    
   65.00      0.3156    
   66.00      0.2795    
   67.00      0.2482    
   68.00      0.2216    
   69.00      0.1995    
   70.00      0.1814    
   71.00      0.1669    
   72.00      0.1555    
   73.00      0.1469    
   74.00      0.1404    
   75.00      0.1358    
   76.00      0.1325    
   77.00      0.1302    
   78.00      0.1287    
   79.00      0.1275    
   80.00      0.1266    
 END
