#  81 angles,  1 tensor ranks for 0=projectile
@subtitle   "39K(3He,d)40Ca 21 MeV DWBA ZR 9605 keV Jpi=1- l=3 n=2 j=5/2"                   
@legend ON
@legend x1 0.2
@legend y1 0.8
@g0 type LOGY
@yaxis ticklabel format power
@legend string   0 "Lab energy =   21.0000"
#legend string   0 "Partition=  2 Excit=  1 near/far= 1"
#  Theta       sigma       iT11        T20         T21         T22         Kyy for projectile
   0.000       4.431    
   1.000       4.440    
   2.000       4.464    
   3.000       4.504    
   4.000       4.558    
   5.000       4.622    
   6.000       4.694    
   7.000       4.770    
   8.000       4.845    
   9.000       4.913    
   10.00       4.970    
   11.00       5.011    
   12.00       5.030    
   13.00       5.025    
   14.00       4.992    
   15.00       4.929    
   16.00       4.834    
   17.00       4.708    
   18.00       4.551    
   19.00       4.364    
   20.00       4.151    
   21.00       3.915    
   22.00       3.660    
   23.00       3.392    
   24.00       3.115    
   25.00       2.836    
   26.00       2.560    
   27.00       2.293    
   28.00       2.039    
   29.00       1.802    
   30.00       1.586    
   31.00       1.393    
   32.00       1.225    
   33.00       1.083    
   34.00      0.9661    
   35.00      0.8727    
   36.00      0.8011    
   37.00      0.7486    
   38.00      0.7120    
   39.00      0.6882    
   40.00      0.6738    
   41.00      0.6657    
   42.00      0.6609    
   43.00      0.6569    
   44.00      0.6518    
   45.00      0.6439    
   46.00      0.6320    
   47.00      0.6155    
   48.00      0.5942    
   49.00      0.5681    
   50.00      0.5378    
   51.00      0.5040    
   52.00      0.4677    
   53.00      0.4299    
   54.00      0.3915    
   55.00      0.3538    
   56.00      0.3174    
   57.00      0.2832    
   58.00      0.2516    
   59.00      0.2231    
   60.00      0.1978    
   61.00      0.1759    
   62.00      0.1571    
   63.00      0.1413    
   64.00      0.1282    
   65.00      0.1176    
   66.00      0.1089    
   67.00      0.1019    
   68.00      0.9617E-01
   69.00      0.9138E-01
   70.00      0.8725E-01
   71.00      0.8353E-01
   72.00      0.8005E-01
   73.00      0.7669E-01
   74.00      0.7338E-01
   75.00      0.7008E-01
   76.00      0.6681E-01
   77.00      0.6362E-01
   78.00      0.6055E-01
   79.00      0.5767E-01
   80.00      0.5506E-01
 END
