#  81 angles,  1 tensor ranks for 0=projectile
@subtitle   "39K(3He,d)40Ca 21 MeV DWBA ZR 9227.43 keV Jpi=1+ l=2 n=2 j=5/2"                
@legend ON
@legend x1 0.2
@legend y1 0.8
@g0 type LOGY
@yaxis ticklabel format power
@xaxis label "Scattering angle (degrees)"
@yaxis label "Cross section (mb/sr)"
@legend string   0 "Partition=  1 Excit=  1 near/far= 1"
#legend string   0 "Lab energy =   21.0000"
@s0 linestyle   1
#  Theta       sigma       iT11        T20         T21         T22         Kyy for projectile
  0.1000E-01   1.000    
   1.000      0.9997    
   2.000       1.001    
   3.000      0.9801    
   4.000      0.9937    
   5.000       1.036    
   6.000       1.069    
   7.000       1.070    
   8.000       1.043    
   9.000       1.001    
   10.00      0.9589    
   11.00      0.9259    
   12.00      0.9030    
   13.00      0.8865    
   14.00      0.8704    
   15.00      0.8486    
   16.00      0.8173    
   17.00      0.7752    
   18.00      0.7238    
   19.00      0.6664    
   20.00      0.6075    
   21.00      0.5518    
   22.00      0.5029    
   23.00      0.4636    
   24.00      0.4347    
   25.00      0.4158    
   26.00      0.4051    
   27.00      0.3999    
   28.00      0.3972    
   29.00      0.3941    
   30.00      0.3882    
   31.00      0.3777    
   32.00      0.3620    
   33.00      0.3412    
   34.00      0.3163    
   35.00      0.2889    
   36.00      0.2608    
   37.00      0.2340    
   38.00      0.2104    
   39.00      0.1911    
   40.00      0.1770    
   41.00      0.1682    
   42.00      0.1644    
   43.00      0.1646    
   44.00      0.1677    
   45.00      0.1721    
   46.00      0.1765    
   47.00      0.1796    
   48.00      0.1803    
   49.00      0.1779    
   50.00      0.1722    
   51.00      0.1633    
   52.00      0.1516    
   53.00      0.1378    
   54.00      0.1229    
   55.00      0.1077    
   56.00      0.9318E-01
   57.00      0.8011E-01
   58.00      0.6912E-01
   59.00      0.6059E-01
   60.00      0.5467E-01
   61.00      0.5129E-01
   62.00      0.5018E-01
   63.00      0.5093E-01
   64.00      0.5301E-01
   65.00      0.5587E-01
   66.00      0.5895E-01
   67.00      0.6177E-01
   68.00      0.6392E-01
   69.00      0.6510E-01
   70.00      0.6515E-01
   71.00      0.6402E-01
   72.00      0.6176E-01
   73.00      0.5853E-01
   74.00      0.5453E-01
   75.00      0.5000E-01
   76.00      0.4522E-01
   77.00      0.4042E-01
   78.00      0.3583E-01
   79.00      0.3163E-01
   80.00      0.2793E-01
 END
@legend string   1 "Partition=  2 Excit=  1 near/far= 1"
#legend string   0 "Lab energy =   21.0000"
@s1 linestyle   2
#  Theta       sigma       iT11        T20         T21         T22         Kyy for projectile
   0.000       7.970    
   1.000       7.984    
   2.000       8.024    
   3.000       8.086    
   4.000       8.165    
   5.000       8.253    
   6.000       8.339    
   7.000       8.412    
   8.000       8.460    
   9.000       8.471    
   10.00       8.434    
   11.00       8.338    
   12.00       8.179    
   13.00       7.951    
   14.00       7.656    
   15.00       7.296    
   16.00       6.880    
   17.00       6.417    
   18.00       5.920    
   19.00       5.404    
   20.00       4.883    
   21.00       4.372    
   22.00       3.883    
   23.00       3.428    
   24.00       3.016    
   25.00       2.652    
   26.00       2.340    
   27.00       2.079    
   28.00       1.868    
   29.00       1.702    
   30.00       1.575    
   31.00       1.480    
   32.00       1.409    
   33.00       1.355    
   34.00       1.312    
   35.00       1.274    
   36.00       1.235    
   37.00       1.194    
   38.00       1.146    
   39.00       1.093    
   40.00       1.033    
   41.00      0.9673    
   42.00      0.8977    
   43.00      0.8259    
   44.00      0.7540    
   45.00      0.6838    
   46.00      0.6172    
   47.00      0.5555    
   48.00      0.5000    
   49.00      0.4512    
   50.00      0.4093    
   51.00      0.3741    
   52.00      0.3451    
   53.00      0.3218    
   54.00      0.3030    
   55.00      0.2879    
   56.00      0.2755    
   57.00      0.2648    
   58.00      0.2550    
   59.00      0.2455    
   60.00      0.2358    
   61.00      0.2255    
   62.00      0.2145    
   63.00      0.2028    
   64.00      0.1907    
   65.00      0.1782    
   66.00      0.1657    
   67.00      0.1537    
   68.00      0.1423    
   69.00      0.1320    
   70.00      0.1229    
   71.00      0.1152    
   72.00      0.1092    
   73.00      0.1047    
   74.00      0.1018    
   75.00      0.1003    
   76.00      0.1001    
   77.00      0.1010    
   78.00      0.1026    
   79.00      0.1048    
   80.00      0.1072    
 END
