#  81 angles,  1 tensor ranks for 0=projectile
@subtitle   "39K(3He,d)40Ca 21 MeV DWBA ZR 9227.43 keV Jpi=1+ l=2 n=2 j=5/2"                
@legend ON
@legend x1 0.2
@legend y1 0.8
@g0 type LOGY
@yaxis ticklabel format power
@legend string   0 "Lab energy =   21.0000"
#legend string   0 "Partition=  2 Excit=  1 near/far= 1"
#  Theta       sigma       iT11        T20         T21         T22         Kyy for projectile
   0.000       7.970    
   1.000       7.984    
   2.000       8.024    
   3.000       8.086    
   4.000       8.165    
   5.000       8.253    
   6.000       8.339    
   7.000       8.412    
   8.000       8.460    
   9.000       8.471    
   10.00       8.434    
   11.00       8.338    
   12.00       8.179    
   13.00       7.951    
   14.00       7.656    
   15.00       7.296    
   16.00       6.880    
   17.00       6.417    
   18.00       5.920    
   19.00       5.404    
   20.00       4.883    
   21.00       4.372    
   22.00       3.883    
   23.00       3.428    
   24.00       3.016    
   25.00       2.652    
   26.00       2.340    
   27.00       2.079    
   28.00       1.868    
   29.00       1.702    
   30.00       1.575    
   31.00       1.480    
   32.00       1.409    
   33.00       1.355    
   34.00       1.312    
   35.00       1.274    
   36.00       1.235    
   37.00       1.194    
   38.00       1.146    
   39.00       1.093    
   40.00       1.033    
   41.00      0.9673    
   42.00      0.8977    
   43.00      0.8259    
   44.00      0.7540    
   45.00      0.6838    
   46.00      0.6172    
   47.00      0.5555    
   48.00      0.5000    
   49.00      0.4512    
   50.00      0.4093    
   51.00      0.3741    
   52.00      0.3451    
   53.00      0.3218    
   54.00      0.3030    
   55.00      0.2879    
   56.00      0.2755    
   57.00      0.2648    
   58.00      0.2550    
   59.00      0.2455    
   60.00      0.2358    
   61.00      0.2255    
   62.00      0.2145    
   63.00      0.2028    
   64.00      0.1907    
   65.00      0.1782    
   66.00      0.1657    
   67.00      0.1537    
   68.00      0.1423    
   69.00      0.1320    
   70.00      0.1229    
   71.00      0.1152    
   72.00      0.1092    
   73.00      0.1047    
   74.00      0.1018    
   75.00      0.1003    
   76.00      0.1001    
   77.00      0.1010    
   78.00      0.1026    
   79.00      0.1048    
   80.00      0.1072    
 END
