     0.0   1.500      1
     0.0   3.002     -1
     1.0   13.52      1
     1.0   27.03     -1
     2.0   30.03      1
     2.0   60.06     -1
     3.0   42.07      1
     3.0   84.08     -1
     4.0   53.95      1
     4.0   107.9     -1
     5.0   65.94      1
     5.0   131.5     -1
     6.0   75.94      1
     6.0   152.9     -1
     7.0   86.27      1
     7.0   169.1     -1
     8.0   84.67      1
     8.0   173.0     -1
     9.0   80.93      1
     9.0   159.7     -1
    10.0   65.07      1
    10.0   130.3     -1
    11.0   44.26      1
    11.0   92.02     -1
    12.0   30.82      1
    12.0   56.70     -1
    13.0   14.31      1
    13.0   31.97     -1
    14.0   9.672      1
    14.0   17.46     -1
    15.0   4.214      1
    15.0   9.446     -1
    16.0   2.815      1
    16.0   5.082     -1
    17.0   1.214      1
    17.0   2.721     -1
    18.0  0.8037      1
    18.0   1.451     -1
    19.0  0.3434      1
    19.0  0.7701     -1
    20.0  0.2257      1
    20.0  0.4073     -1
    21.0  0.9565E-01  1
    21.0  0.2146     -1
    22.0  0.6250E-01  1
    22.0  0.1127     -1
    23.0  0.2630E-01  1
    23.0  0.5904E-01 -1
    24.0  0.1710E-01  1
    24.0  0.3084E-01 -1
    25.0  0.7156E-02  1
    25.0  0.1607E-01 -1
    26.0  0.4631E-02  1
    26.0  0.8351E-02 -1
    27.0  0.1929E-02  1
    27.0  0.4332E-02 -1
    28.0  0.1244E-02  1
    28.0  0.2242E-02 -1
    29.0  0.5161E-03  1
    29.0  0.1159E-02 -1
    30.0  0.3314E-03  1
    30.0  0.5976E-03 -1
