     0.0   1.503      1
     0.0   3.005     -1
     1.0   13.53      1
     1.0   27.05     -1
     2.0   30.06      1
     2.0   60.11     -1
     3.0   42.08      1
     3.0   84.13     -1
     4.0   54.02      1
     4.0   108.0     -1
     5.0   65.90      1
     5.0   131.6     -1
     6.0   76.37      1
     6.0   153.5     -1
     7.0   86.38      1
     7.0   170.0     -1
     8.0   85.22      1
     8.0   174.1     -1
     9.0   81.11      1
     9.0   160.2     -1
    10.0   65.06      1
    10.0   130.3     -1
    11.0   43.96      1
    11.0   91.63     -1
    12.0   30.64      1
    12.0   56.25     -1
    13.0   14.16      1
    13.0   31.66     -1
    14.0   9.583      1
    14.0   17.30     -1
    15.0   4.183      1
    15.0   9.374     -1
    16.0   2.797      1
    16.0   5.050     -1
    17.0   1.208      1
    17.0   2.707     -1
    18.0  0.8002      1
    18.0   1.444     -1
    19.0  0.3422      1
    19.0  0.7674     -1
    20.0  0.2250      1
    20.0  0.4060     -1
    21.0  0.9541E-01  1
    21.0  0.2141     -1
    22.0  0.6236E-01  1
    22.0  0.1125     -1
    23.0  0.2625E-01  1
    23.0  0.5893E-01 -1
    24.0  0.1707E-01  1
    24.0  0.3079E-01 -1
    25.0  0.7147E-02  1
    25.0  0.1604E-01 -1
    26.0  0.4626E-02  1
    26.0  0.8341E-02 -1
    27.0  0.1927E-02  1
    27.0  0.4327E-02 -1
    28.0  0.1242E-02  1
    28.0  0.2240E-02 -1
    29.0  0.5155E-03  1
    29.0  0.1157E-02 -1
    30.0  0.3310E-03  1
    30.0  0.5969E-03 -1
    31.0  0.1369E-03  1
    31.0  0.3073E-03 -1
    32.0  0.8750E-04  1
    32.0  0.1578E-03 -1
    33.0  0.3601E-04  1
    33.0  0.8080E-04 -1
    34.0  0.2278E-04  1
    34.0  0.4105E-04 -1
    35.0  0.9119E-05  1
    35.0  0.2056E-04 -1
