     0.0   1.503      1
     0.0   3.006     -1
     1.0   13.53      1
     1.0   27.06     -1
     2.0   30.06      1
     2.0   60.12     -1
     3.0   42.07      1
     3.0   84.12     -1
     4.0   54.02      1
     4.0   108.0     -1
     5.0   65.90      1
     5.0   131.6     -1
     6.0   76.44      1
     6.0   153.6     -1
     7.0   86.53      1
     7.0   170.2     -1
     8.0   85.43      1
     8.0   174.4     -1
     9.0   81.45      1
     9.0   160.8     -1
    10.0   65.35      1
    10.0   130.8     -1
    11.0   44.38      1
    11.0   92.28     -1
    12.0   30.88      1
    12.0   56.81     -1
    13.0   14.32      1
    13.0   32.01     -1
    14.0   9.675      1
    14.0   17.47     -1
    15.0   4.210      1
    15.0   9.438     -1
    16.0   2.808      1
    16.0   5.068     -1
    17.0   1.205      1
    17.0   2.702     -1
    18.0  0.7888      1
    18.0   1.422     -1
    19.0  0.3224      1
    19.0  0.7295     -1
    20.0  0.2028      1
    20.0  0.3591     -1
    21.0  0.7076E-01  1
    21.0  0.1666     -1
    22.0  0.4229E-01  1
    22.0  0.7180E-01 -1
    23.0  0.1125E-01  1
    23.0  0.2847E-01 -1
    24.0  0.6431E-02  1
    24.0  0.1033E-01 -1
    25.0  0.1231E-02  1
    25.0  0.3423E-02 -1
    26.0  0.6818E-03  1
    26.0  0.1036E-02 -1
    27.0  0.9304E-04  1
    27.0  0.2867E-03 -1
    28.0  0.5035E-04  1
    28.0  0.7274E-04 -1
    29.0  0.4952E-05  1
    29.0  0.1696E-04 -1
    30.0  0.2637E-05  1
    30.0  0.3647E-05 -1
