#  81 angles,  1 tensor ranks for 0=projectile
@subtitle   "39K(3He,d)40Ca 21 MeV DWBA ZR 4491 keV Jpi=5- l=7 n=1 j=13/2"                  
@legend ON
@legend x1 0.2
@legend y1 0.8
@g0 type LOGY
@yaxis ticklabel format power
@xaxis label "Scattering angle (degrees)"
@yaxis label "Cross section (mb/sr)"
@legend string   0 "Partition=  1 Excit=  1 near/far= 1"
#legend string   0 "Lab energy =   21.0000"
@s0 linestyle   1
#  Theta       sigma       iT11        T20         T21         T22         Kyy for projectile
  0.1000E-01   1.000    
   1.000      0.9997    
   2.000       1.001    
   3.000      0.9801    
   4.000      0.9937    
   5.000       1.036    
   6.000       1.069    
   7.000       1.070    
   8.000       1.043    
   9.000       1.001    
   10.00      0.9590    
   11.00      0.9259    
   12.00      0.9030    
   13.00      0.8865    
   14.00      0.8704    
   15.00      0.8486    
   16.00      0.8173    
   17.00      0.7753    
   18.00      0.7238    
   19.00      0.6665    
   20.00      0.6076    
   21.00      0.5518    
   22.00      0.5030    
   23.00      0.4636    
   24.00      0.4347    
   25.00      0.4158    
   26.00      0.4051    
   27.00      0.3999    
   28.00      0.3973    
   29.00      0.3942    
   30.00      0.3882    
   31.00      0.3777    
   32.00      0.3620    
   33.00      0.3412    
   34.00      0.3163    
   35.00      0.2888    
   36.00      0.2608    
   37.00      0.2340    
   38.00      0.2103    
   39.00      0.1911    
   40.00      0.1769    
   41.00      0.1682    
   42.00      0.1644    
   43.00      0.1646    
   44.00      0.1677    
   45.00      0.1721    
   46.00      0.1765    
   47.00      0.1796    
   48.00      0.1803    
   49.00      0.1779    
   50.00      0.1722    
   51.00      0.1633    
   52.00      0.1516    
   53.00      0.1379    
   54.00      0.1229    
   55.00      0.1077    
   56.00      0.9321E-01
   57.00      0.8014E-01
   58.00      0.6914E-01
   59.00      0.6060E-01
   60.00      0.5467E-01
   61.00      0.5128E-01
   62.00      0.5017E-01
   63.00      0.5092E-01
   64.00      0.5300E-01
   65.00      0.5586E-01
   66.00      0.5894E-01
   67.00      0.6176E-01
   68.00      0.6391E-01
   69.00      0.6509E-01
   70.00      0.6515E-01
   71.00      0.6401E-01
   72.00      0.6176E-01
   73.00      0.5853E-01
   74.00      0.5452E-01
   75.00      0.5000E-01
   76.00      0.4522E-01
   77.00      0.4042E-01
   78.00      0.3584E-01
   79.00      0.3163E-01
   80.00      0.2794E-01
 END
@legend string   1 "Partition=  2 Excit=  1 near/far= 1"
#legend string   0 "Lab energy =   21.0000"
@s1 linestyle   2
#  Theta       sigma       iT11        T20         T21         T22         Kyy for projectile
   0.000      0.8842E-01
   1.000      0.8843E-01
   2.000      0.8847E-01
   3.000      0.8853E-01
   4.000      0.8859E-01
   5.000      0.8866E-01
   6.000      0.8872E-01
   7.000      0.8875E-01
   8.000      0.8876E-01
   9.000      0.8871E-01
   10.00      0.8861E-01
   11.00      0.8845E-01
   12.00      0.8823E-01
   13.00      0.8793E-01
   14.00      0.8757E-01
   15.00      0.8715E-01
   16.00      0.8667E-01
   17.00      0.8615E-01
   18.00      0.8561E-01
   19.00      0.8506E-01
   20.00      0.8452E-01
   21.00      0.8402E-01
   22.00      0.8359E-01
   23.00      0.8324E-01
   24.00      0.8302E-01
   25.00      0.8296E-01
   26.00      0.8308E-01
   27.00      0.8344E-01
   28.00      0.8405E-01
   29.00      0.8496E-01
   30.00      0.8618E-01
   31.00      0.8774E-01
   32.00      0.8965E-01
   33.00      0.9191E-01
   34.00      0.9450E-01
   35.00      0.9741E-01
   36.00      0.1006    
   37.00      0.1040    
   38.00      0.1076    
   39.00      0.1112    
   40.00      0.1149    
   41.00      0.1184    
   42.00      0.1218    
   43.00      0.1249    
   44.00      0.1276    
   45.00      0.1298    
   46.00      0.1314    
   47.00      0.1325    
   48.00      0.1329    
   49.00      0.1325    
   50.00      0.1315    
   51.00      0.1298    
   52.00      0.1274    
   53.00      0.1244    
   54.00      0.1208    
   55.00      0.1167    
   56.00      0.1122    
   57.00      0.1074    
   58.00      0.1024    
   59.00      0.9725E-01
   60.00      0.9209E-01
   61.00      0.8700E-01
   62.00      0.8205E-01
   63.00      0.7732E-01
   64.00      0.7285E-01
   65.00      0.6870E-01
   66.00      0.6489E-01
   67.00      0.6144E-01
   68.00      0.5836E-01
   69.00      0.5565E-01
   70.00      0.5328E-01
   71.00      0.5123E-01
   72.00      0.4948E-01
   73.00      0.4799E-01
   74.00      0.4674E-01
   75.00      0.4567E-01
   76.00      0.4476E-01
   77.00      0.4397E-01
   78.00      0.4326E-01
   79.00      0.4262E-01
   80.00      0.4200E-01
 END
