#  81 angles,  1 tensor ranks for 0=projectile
@subtitle   "39K(3He,d)40Ca 21 MeV DWBA ZR 8188 keV Jpi=5- l=5 n=1 j=9/2"                   
@legend ON
@legend x1 0.2
@legend y1 0.8
@g0 type LOGY
@yaxis ticklabel format power
@legend string   0 "Lab energy =   21.0000"
#legend string   0 "Partition=  2 Excit=  1 near/far= 1"
#  Theta       sigma       iT11        T20         T21         T22         Kyy for projectile
   0.000      0.6641    
   1.000      0.6627    
   2.000      0.6584    
   3.000      0.6514    
   4.000      0.6421    
   5.000      0.6311    
   6.000      0.6187    
   7.000      0.6058    
   8.000      0.5929    
   9.000      0.5810    
   10.00      0.5707    
   11.00      0.5628    
   12.00      0.5581    
   13.00      0.5572    
   14.00      0.5606    
   15.00      0.5687    
   16.00      0.5816    
   17.00      0.5992    
   18.00      0.6215    
   19.00      0.6478    
   20.00      0.6776    
   21.00      0.7101    
   22.00      0.7444    
   23.00      0.7795    
   24.00      0.8144    
   25.00      0.8479    
   26.00      0.8791    
   27.00      0.9067    
   28.00      0.9300    
   29.00      0.9478    
   30.00      0.9595    
   31.00      0.9644    
   32.00      0.9621    
   33.00      0.9522    
   34.00      0.9348    
   35.00      0.9102    
   36.00      0.8789    
   37.00      0.8414    
   38.00      0.7988    
   39.00      0.7520    
   40.00      0.7022    
   41.00      0.6505    
   42.00      0.5980    
   43.00      0.5458    
   44.00      0.4950    
   45.00      0.4464    
   46.00      0.4008    
   47.00      0.3588    
   48.00      0.3208    
   49.00      0.2872    
   50.00      0.2581    
   51.00      0.2336    
   52.00      0.2133    
   53.00      0.1972    
   54.00      0.1848    
   55.00      0.1757    
   56.00      0.1694    
   57.00      0.1652    
   58.00      0.1628    
   59.00      0.1615    
   60.00      0.1610    
   61.00      0.1606    
   62.00      0.1603    
   63.00      0.1595    
   64.00      0.1582    
   65.00      0.1562    
   66.00      0.1535    
   67.00      0.1500    
   68.00      0.1457    
   69.00      0.1408    
   70.00      0.1353    
   71.00      0.1294    
   72.00      0.1232    
   73.00      0.1168    
   74.00      0.1103    
   75.00      0.1040    
   76.00      0.9786E-01
   77.00      0.9201E-01
   78.00      0.8652E-01
   79.00      0.8145E-01
   80.00      0.7683E-01
 END
