#  81 angles,  1 tensor ranks for 0=projectile
@subtitle   "39K(3He,d)40Ca 21 MeV DWBA ZR 8935 keV Jpi=2+ l=4 n=1 j=7/2"                   
@legend ON
@legend x1 0.2
@legend y1 0.8
@g0 type LOGY
@yaxis ticklabel format power
@legend string   0 "Lab energy =   21.0000"
#legend string   0 "Partition=  2 Excit=  1 near/far= 1"
#  Theta       sigma       iT11        T20         T21         T22         Kyy for projectile
   0.000       1.215    
   1.000       1.214    
   2.000       1.212    
   3.000       1.209    
   4.000       1.205    
   5.000       1.200    
   6.000       1.195    
   7.000       1.191    
   8.000       1.187    
   9.000       1.184    
   10.00       1.182    
   11.00       1.182    
   12.00       1.184    
   13.00       1.187    
   14.00       1.192    
   15.00       1.199    
   16.00       1.206    
   17.00       1.213    
   18.00       1.219    
   19.00       1.224    
   20.00       1.227    
   21.00       1.226    
   22.00       1.220    
   23.00       1.210    
   24.00       1.193    
   25.00       1.170    
   26.00       1.141    
   27.00       1.104    
   28.00       1.061    
   29.00       1.011    
   30.00      0.9557    
   31.00      0.8960    
   32.00      0.8329    
   33.00      0.7678    
   34.00      0.7020    
   35.00      0.6368    
   36.00      0.5734    
   37.00      0.5128    
   38.00      0.4561    
   39.00      0.4039    
   40.00      0.3567    
   41.00      0.3148    
   42.00      0.2786    
   43.00      0.2478    
   44.00      0.2223    
   45.00      0.2018    
   46.00      0.1858    
   47.00      0.1735    
   48.00      0.1645    
   49.00      0.1580    
   50.00      0.1532    
   51.00      0.1497    
   52.00      0.1468    
   53.00      0.1441    
   54.00      0.1413    
   55.00      0.1380    
   56.00      0.1342    
   57.00      0.1297    
   58.00      0.1245    
   59.00      0.1187    
   60.00      0.1123    
   61.00      0.1054    
   62.00      0.9829E-01
   63.00      0.9100E-01
   64.00      0.8374E-01
   65.00      0.7666E-01
   66.00      0.6991E-01
   67.00      0.6361E-01
   68.00      0.5785E-01
   69.00      0.5268E-01
   70.00      0.4814E-01
   71.00      0.4422E-01
   72.00      0.4088E-01
   73.00      0.3809E-01
   74.00      0.3579E-01
   75.00      0.3390E-01
   76.00      0.3235E-01
   77.00      0.3107E-01
   78.00      0.3000E-01
   79.00      0.2908E-01
   80.00      0.2825E-01
 END
