#  81 angles,  1 tensor ranks for 0=projectile
@subtitle   "39K(3He,d)40Ca 21 MeV DWBA ZR 8019 keV Jpi=1- l=1 n=3 j=1/2"                   
@legend ON
@legend x1 0.2
@legend y1 0.8
@g0 type LOGY
@yaxis ticklabel format power
@legend string   0 "Lab energy =   21.0000"
#legend string   0 "Partition=  2 Excit=  1 near/far= 1"
#  Theta       sigma       iT11        T20         T21         T22         Kyy for projectile
   0.000       22.91    
   1.000       22.97    
   2.000       23.12    
   3.000       23.33    
   4.000       23.52    
   5.000       23.62    
   6.000       23.55    
   7.000       23.22    
   8.000       22.59    
   9.000       21.63    
   10.00       20.34    
   11.00       18.78    
   12.00       16.98    
   13.00       15.05    
   14.00       13.08    
   15.00       11.15    
   16.00       9.353    
   17.00       7.762    
   18.00       6.422    
   19.00       5.357    
   20.00       4.566    
   21.00       4.029    
   22.00       3.711    
   23.00       3.563    
   24.00       3.533    
   25.00       3.569    
   26.00       3.624    
   27.00       3.661    
   28.00       3.652    
   29.00       3.582    
   30.00       3.445    
   31.00       3.247    
   32.00       3.000    
   33.00       2.718    
   34.00       2.421    
   35.00       2.125    
   36.00       1.846    
   37.00       1.597    
   38.00       1.386    
   39.00       1.217    
   40.00       1.092    
   41.00       1.006    
   42.00      0.9538    
   43.00      0.9292    
   44.00      0.9234    
   45.00      0.9281    
   46.00      0.9356    
   47.00      0.9395    
   48.00      0.9348    
   49.00      0.9183    
   50.00      0.8884    
   51.00      0.8451    
   52.00      0.7899    
   53.00      0.7249    
   54.00      0.6530    
   55.00      0.5775    
   56.00      0.5015    
   57.00      0.4280    
   58.00      0.3595    
   59.00      0.2981    
   60.00      0.2452    
   61.00      0.2014    
   62.00      0.1671    
   63.00      0.1418    
   64.00      0.1248    
   65.00      0.1149    
   66.00      0.1109    
   67.00      0.1113    
   68.00      0.1148    
   69.00      0.1201    
   70.00      0.1260    
   71.00      0.1316    
   72.00      0.1362    
   73.00      0.1392    
   74.00      0.1404    
   75.00      0.1397    
   76.00      0.1372    
   77.00      0.1329    
   78.00      0.1273    
   79.00      0.1204    
   80.00      0.1128    
 END
