     0.0   1.503      1
     0.0   3.006     -1
     1.0   13.53      1
     1.0   27.06     -1
     2.0   30.06      1
     2.0   60.12     -1
     3.0   42.09      1
     3.0   84.14     -1
     4.0   54.03      1
     4.0   108.0     -1
     5.0   65.92      1
     5.0   131.5     -1
     6.0   76.20      1
     6.0   153.1     -1
     7.0   85.84      1
     7.0   169.0     -1
     8.0   84.63      1
     8.0   172.4     -1
     9.0   80.31      1
     9.0   158.6     -1
    10.0   64.63      1
    10.0   129.2     -1
    11.0   43.86      1
    11.0   91.37     -1
    12.0   30.70      1
    12.0   56.37     -1
    13.0   14.21      1
    13.0   31.82     -1
    14.0   9.646      1
    14.0   17.39     -1
    15.0   4.195      1
    15.0   9.415     -1
    16.0   2.810      1
    16.0   5.069     -1
    17.0   1.210      1
    17.0   2.715     -1
    18.0  0.8026      1
    18.0   1.448     -1
    19.0  0.3426      1
    19.0  0.7689     -1
    20.0  0.2255      1
    20.0  0.4067     -1
    21.0  0.9550E-01  1
    21.0  0.2144     -1
    22.0  0.6246E-01  1
    22.0  0.1126     -1
    23.0  0.2627E-01  1
    23.0  0.5899E-01 -1
    24.0  0.1709E-01  1
    24.0  0.3081E-01 -1
    25.0  0.7150E-02  1
    25.0  0.1605E-01 -1
    26.0  0.4629E-02  1
    26.0  0.8345E-02 -1
    27.0  0.1927E-02  1
    27.0  0.4328E-02 -1
    28.0  0.1243E-02  1
    28.0  0.2240E-02 -1
    29.0  0.5154E-03  1
    29.0  0.1157E-02 -1
    30.0  0.3310E-03  1
    30.0  0.5966E-03 -1
