     0.0   1.498      1
     0.0   2.994     -1
     1.0   13.43      1
     1.0   26.93     -1
     2.0   29.91      1
     2.0   59.90     -1
     3.0   41.84      1
     3.0   83.82     -1
     4.0   53.77      1
     4.0   107.7     -1
     5.0   65.61      1
     5.0   131.2     -1
     6.0   76.06      1
     6.0   153.1     -1
     7.0   85.98      1
     7.0   169.4     -1
     8.0   84.67      1
     8.0   172.9     -1
     9.0   80.17      1
     9.0   158.7     -1
    10.0   64.43      1
    10.0   128.7     -1
    11.0   43.62      1
    11.0   90.77     -1
    12.0   30.44      1
    12.0   56.00     -1
    13.0   14.16      1
    13.0   31.64     -1
    14.0   9.590      1
    14.0   17.32     -1
    15.0   4.189      1
    15.0   9.386     -1
    16.0   2.801      1
    16.0   5.057     -1
    17.0   1.210      1
    17.0   2.711     -1
    18.0  0.8013      1
    18.0   1.446     -1
    19.0  0.3426      1
    19.0  0.7684     -1
    20.0  0.2253      1
    20.0  0.4065     -1
    21.0  0.9551E-01  1
    21.0  0.2143     -1
    22.0  0.6243E-01  1
    22.0  0.1126     -1
    23.0  0.2628E-01  1
    23.0  0.5899E-01 -1
    24.0  0.1709E-01  1
    24.0  0.3081E-01 -1
    25.0  0.7152E-02  1
    25.0  0.1606E-01 -1
    26.0  0.4629E-02  1
    26.0  0.8347E-02 -1
    27.0  0.1928E-02  1
    27.0  0.4330E-02 -1
    28.0  0.1243E-02  1
    28.0  0.2241E-02 -1
    29.0  0.5159E-03  1
    29.0  0.1158E-02 -1
    30.0  0.3312E-03  1
    30.0  0.5973E-03 -1
