#  81 angles,  1 tensor ranks for 0=projectile
@subtitle   "39K(3He,d)40Ca 21 MeV DWBA ZR 9226.69 keV Jpi=3- l=1 n=2 j=3/2"                
@legend ON
@legend x1 0.2
@legend y1 0.8
@g0 type LOGY
@yaxis ticklabel format power
@legend string   0 "Lab energy =   21.0000"
#legend string   0 "Partition=  2 Excit=  1 near/far= 1"
#  Theta       sigma       iT11        T20         T21         T22         Kyy for projectile
   0.000       22.63    
   1.000       22.58    
   2.000       22.44    
   3.000       22.20    
   4.000       21.84    
   5.000       21.34    
   6.000       20.69    
   7.000       19.87    
   8.000       18.90    
   9.000       17.78    
   10.00       16.53    
   11.00       15.19    
   12.00       13.80    
   13.00       12.41    
   14.00       11.06    
   15.00       9.809    
   16.00       8.684    
   17.00       7.716    
   18.00       6.923    
   19.00       6.307    
   20.00       5.860    
   21.00       5.563    
   22.00       5.390    
   23.00       5.308    
   24.00       5.284    
   25.00       5.285    
   26.00       5.282    
   27.00       5.249    
   28.00       5.171    
   29.00       5.037    
   30.00       4.843    
   31.00       4.592    
   32.00       4.293    
   33.00       3.957    
   34.00       3.598    
   35.00       3.230    
   36.00       2.866    
   37.00       2.518    
   38.00       2.198    
   39.00       1.911    
   40.00       1.662    
   41.00       1.453    
   42.00       1.283    
   43.00       1.149    
   44.00       1.048    
   45.00      0.9739    
   46.00      0.9219    
   47.00      0.8863    
   48.00      0.8620    
   49.00      0.8444    
   50.00      0.8300    
   51.00      0.8160    
   52.00      0.8003    
   53.00      0.7820    
   54.00      0.7605    
   55.00      0.7362    
   56.00      0.7095    
   57.00      0.6813    
   58.00      0.6526    
   59.00      0.6243    
   60.00      0.5972    
   61.00      0.5721    
   62.00      0.5493    
   63.00      0.5292    
   64.00      0.5116    
   65.00      0.4965    
   66.00      0.4835    
   67.00      0.4721    
   68.00      0.4618    
   69.00      0.4522    
   70.00      0.4425    
   71.00      0.4325    
   72.00      0.4217    
   73.00      0.4097    
   74.00      0.3965    
   75.00      0.3819    
   76.00      0.3658    
   77.00      0.3485    
   78.00      0.3302    
   79.00      0.3110    
   80.00      0.2913    
 END
