     0.0   1.499      1
     0.0   3.002     -1
     1.0   13.47      1
     1.0   26.95     -1
     2.0   29.87      1
     2.0   59.83     -1
     3.0   41.88      1
     3.0   83.83     -1
     4.0   53.75      1
     4.0   107.7     -1
     5.0   65.69      1
     5.0   131.2     -1
     6.0   75.90      1
     6.0   152.9     -1
     7.0   85.73      1
     7.0   168.8     -1
     8.0   84.28      1
     8.0   172.2     -1
     9.0   80.37      1
     9.0   158.4     -1
    10.0   64.33      1
    10.0   129.0     -1
    11.0   43.86      1
    11.0   91.07     -1
    12.0   30.50      1
    12.0   56.17     -1
    13.0   14.21      1
    13.0   31.71     -1
    14.0   9.598      1
    14.0   17.34     -1
    15.0   4.194      1
    15.0   9.393     -1
    16.0   2.800      1
    16.0   5.059     -1
    17.0   1.210      1
    17.0   2.711     -1
    18.0  0.8007      1
    18.0   1.446     -1
    19.0  0.3426      1
    19.0  0.7680     -1
    20.0  0.2251      1
    20.0  0.4063     -1
    21.0  0.9549E-01  1
    21.0  0.2142     -1
    22.0  0.6238E-01  1
    22.0  0.1125     -1
    23.0  0.2627E-01  1
    23.0  0.5895E-01 -1
    24.0  0.1708E-01  1
    24.0  0.3080E-01 -1
    25.0  0.7149E-02  1
    25.0  0.1605E-01 -1
    26.0  0.4626E-02  1
    26.0  0.8343E-02 -1
    27.0  0.1928E-02  1
    27.0  0.4327E-02 -1
    28.0  0.1242E-02  1
    28.0  0.2240E-02 -1
    29.0  0.5156E-03  1
    29.0  0.1157E-02 -1
    30.0  0.3310E-03  1
    30.0  0.5970E-03 -1
