#  81 angles,  1 tensor ranks for 0=projectile
@subtitle   "39K(3He,d)40Ca 21 MeV DWBA ZR 7623 keV Jpi=2- l=1 n=2 j=3/2"                   
@legend ON
@legend x1 0.2
@legend y1 0.8
@g0 type LOGY
@yaxis ticklabel format power
@xaxis label "Scattering angle (degrees)"
@yaxis label "Cross section (mb/sr)"
@legend string   0 "Partition=  1 Excit=  1 near/far= 1"
#legend string   0 "Lab energy =   21.0000"
@s0 linestyle   1
#  Theta       sigma       iT11        T20         T21         T22         Kyy for projectile
  0.1000E-01   1.000    
   1.000      0.9997    
   2.000       1.001    
   3.000      0.9801    
   4.000      0.9937    
   5.000       1.036    
   6.000       1.069    
   7.000       1.070    
   8.000       1.043    
   9.000       1.001    
   10.00      0.9589    
   11.00      0.9259    
   12.00      0.9030    
   13.00      0.8865    
   14.00      0.8704    
   15.00      0.8486    
   16.00      0.8173    
   17.00      0.7752    
   18.00      0.7238    
   19.00      0.6664    
   20.00      0.6075    
   21.00      0.5518    
   22.00      0.5029    
   23.00      0.4636    
   24.00      0.4347    
   25.00      0.4158    
   26.00      0.4051    
   27.00      0.3999    
   28.00      0.3972    
   29.00      0.3941    
   30.00      0.3882    
   31.00      0.3777    
   32.00      0.3620    
   33.00      0.3412    
   34.00      0.3163    
   35.00      0.2889    
   36.00      0.2608    
   37.00      0.2340    
   38.00      0.2104    
   39.00      0.1911    
   40.00      0.1770    
   41.00      0.1682    
   42.00      0.1644    
   43.00      0.1646    
   44.00      0.1677    
   45.00      0.1721    
   46.00      0.1765    
   47.00      0.1796    
   48.00      0.1803    
   49.00      0.1779    
   50.00      0.1722    
   51.00      0.1633    
   52.00      0.1516    
   53.00      0.1378    
   54.00      0.1229    
   55.00      0.1077    
   56.00      0.9318E-01
   57.00      0.8011E-01
   58.00      0.6912E-01
   59.00      0.6059E-01
   60.00      0.5467E-01
   61.00      0.5129E-01
   62.00      0.5018E-01
   63.00      0.5093E-01
   64.00      0.5301E-01
   65.00      0.5587E-01
   66.00      0.5895E-01
   67.00      0.6177E-01
   68.00      0.6392E-01
   69.00      0.6510E-01
   70.00      0.6515E-01
   71.00      0.6402E-01
   72.00      0.6176E-01
   73.00      0.5853E-01
   74.00      0.5453E-01
   75.00      0.5000E-01
   76.00      0.4522E-01
   77.00      0.4042E-01
   78.00      0.3583E-01
   79.00      0.3163E-01
   80.00      0.2793E-01
 END
@legend string   1 "Partition=  2 Excit=  1 near/far= 1"
#legend string   0 "Lab energy =   21.0000"
@s1 linestyle   2
#  Theta       sigma       iT11        T20         T21         T22         Kyy for projectile
   0.000       25.34    
   1.000       25.40    
   2.000       25.57    
   3.000       25.81    
   4.000       26.04    
   5.000       26.17    
   6.000       26.11    
   7.000       25.79    
   8.000       25.15    
   9.000       24.15    
   10.00       22.79    
   11.00       21.12    
   12.00       19.20    
   13.00       17.12    
   14.00       14.99    
   15.00       12.91    
   16.00       10.97    
   17.00       9.257    
   18.00       7.821    
   19.00       6.690    
   20.00       5.865    
   21.00       5.322    
   22.00       5.020    
   23.00       4.905    
   24.00       4.917    
   25.00       4.997    
   26.00       5.090    
   27.00       5.153    
   28.00       5.153    
   29.00       5.069    
   30.00       4.896    
   31.00       4.638    
   32.00       4.307    
   33.00       3.922    
   34.00       3.505    
   35.00       3.078    
   36.00       2.662    
   37.00       2.275    
   38.00       1.930    
   39.00       1.635    
   40.00       1.395    
   41.00       1.209    
   42.00       1.073    
   43.00      0.9816    
   44.00      0.9260    
   45.00      0.8974    
   46.00      0.8869    
   47.00      0.8863    
   48.00      0.8886    
   49.00      0.8884    
   50.00      0.8819    
   51.00      0.8670    
   52.00      0.8429    
   53.00      0.8102    
   54.00      0.7703    
   55.00      0.7254    
   56.00      0.6778    
   57.00      0.6298    
   58.00      0.5837    
   59.00      0.5414    
   60.00      0.5043    
   61.00      0.4733    
   62.00      0.4487    
   63.00      0.4304    
   64.00      0.4179    
   65.00      0.4104    
   66.00      0.4068    
   67.00      0.4058    
   68.00      0.4062    
   69.00      0.4068    
   70.00      0.4066    
   71.00      0.4048    
   72.00      0.4006    
   73.00      0.3937    
   74.00      0.3839    
   75.00      0.3712    
   76.00      0.3557    
   77.00      0.3379    
   78.00      0.3181    
   79.00      0.2969    
   80.00      0.2748    
 END
