#  81 angles,  1 tensor ranks for 0=projectile
@subtitle   "39K(3He,d)40Ca 21 MeV DWBA ZR 7694 keV Jpi=3- l=1 n=3 j=3/2"                   
@legend ON
@legend x1 0.2
@legend y1 0.8
@g0 type LOGY
@yaxis ticklabel format power
@legend string   0 "Lab energy =   21.0000"
#legend string   0 "Partition=  2 Excit=  1 near/far= 1"
#  Theta       sigma       iT11        T20         T21         T22         Kyy for projectile
   0.000       62.51    
   1.000       62.62    
   2.000       62.90    
   3.000       63.26    
   4.000       63.56    
   5.000       63.60    
   6.000       63.19    
   7.000       62.16    
   8.000       60.36    
   9.000       57.74    
   10.00       54.29    
   11.00       50.10    
   12.00       45.34    
   13.00       40.23    
   14.00       35.02    
   15.00       29.95    
   16.00       25.25    
   17.00       21.12    
   18.00       17.66    
   19.00       14.94    
   20.00       12.95    
   21.00       11.63    
   22.00       10.89    
   23.00       10.58    
   24.00       10.58    
   25.00       10.74    
   26.00       10.94    
   27.00       11.06    
   28.00       11.04    
   29.00       10.82    
   30.00       10.40    
   31.00       9.778    
   32.00       8.992    
   33.00       8.087    
   34.00       7.118    
   35.00       6.138    
   36.00       5.199    
   37.00       4.342    
   38.00       3.598    
   39.00       2.987    
   40.00       2.518    
   41.00       2.188    
   42.00       1.987    
   43.00       1.898    
   44.00       1.897    
   45.00       1.961    
   46.00       2.065    
   47.00       2.185    
   48.00       2.303    
   49.00       2.401    
   50.00       2.469    
   51.00       2.500    
   52.00       2.490    
   53.00       2.440    
   54.00       2.354    
   55.00       2.236    
   56.00       2.093    
   57.00       1.933    
   58.00       1.763    
   59.00       1.590    
   60.00       1.420    
   61.00       1.258    
   62.00       1.109    
   63.00      0.9755    
   64.00      0.8581    
   65.00      0.7575    
   66.00      0.6732    
   67.00      0.6041    
   68.00      0.5487    
   69.00      0.5051    
   70.00      0.4716    
   71.00      0.4462    
   72.00      0.4272    
   73.00      0.4129    
   74.00      0.4017    
   75.00      0.3926    
   76.00      0.3845    
   77.00      0.3768    
   78.00      0.3690    
   79.00      0.3610    
   80.00      0.3526    
 END
