     0.0   1.494      1
     0.0   2.992     -1
     1.0   13.43      1
     1.0   26.93     -1
     2.0   29.89      1
     2.0   59.90     -1
     3.0   41.83      1
     3.0   83.84     -1
     4.0   53.72      1
     4.0   107.6     -1
     5.0   65.51      1
     5.0   131.0     -1
     6.0   75.86      1
     6.0   152.6     -1
     7.0   85.45      1
     7.0   168.5     -1
     8.0   83.83      1
     8.0   171.3     -1
     9.0   78.46      1
     9.0   155.9     -1
    10.0   62.98      1
    10.0   125.1     -1
    11.0   41.95      1
    11.0   87.70     -1
    12.0   29.46      1
    12.0   54.11     -1
    13.0   13.73      1
    13.0   30.69     -1
    14.0   9.346      1
    14.0   16.87     -1
    15.0   4.096      1
    15.0   9.182     -1
    16.0   2.750      1
    16.0   4.964     -1
    17.0   1.191      1
    17.0   2.669     -1
    18.0  0.7908      1
    18.0   1.427     -1
    19.0  0.3387      1
    19.0  0.7597     -1
    20.0  0.2232      1
    20.0  0.4026     -1
    21.0  0.9471E-01  1
    21.0  0.2125     -1
    22.0  0.6199E-01  1
    22.0  0.1118     -1
    23.0  0.2610E-01  1
    23.0  0.5861E-01 -1
    24.0  0.1699E-01  1
    24.0  0.3064E-01 -1
    25.0  0.7114E-02  1
    25.0  0.1597E-01 -1
    26.0  0.4608E-02  1
    26.0  0.8305E-02 -1
    27.0  0.1918E-02  1
    27.0  0.4308E-02 -1
    28.0  0.1237E-02  1
    28.0  0.2231E-02 -1
    29.0  0.5135E-03  1
    29.0  0.1153E-02 -1
    30.0  0.3298E-03  1
    30.0  0.5945E-03 -1
