#  81 angles,  1 tensor ranks for 0=projectile
@subtitle   "39K(3He,d)40Ca 21 MeV DWBA ZR 8359 keV Jpi=1- l=1 n=3 j=3/2"                   
@legend ON
@legend x1 0.2
@legend y1 0.8
@g0 type LOGY
@yaxis ticklabel format power
@legend string   0 "Lab energy =   21.0000"
#legend string   0 "Partition=  2 Excit=  1 near/far= 1"
#  Theta       sigma       iT11        T20         T21         T22         Kyy for projectile
   0.000       26.08    
   1.000       26.06    
   2.000       25.97    
   3.000       25.81    
   4.000       25.54    
   5.000       25.12    
   6.000       24.51    
   7.000       23.68    
   8.000       22.63    
   9.000       21.34    
   10.00       19.84    
   11.00       18.17    
   12.00       16.38    
   13.00       14.54    
   14.00       12.72    
   15.00       10.99    
   16.00       9.406    
   17.00       8.028    
   18.00       6.882    
   19.00       5.980    
   20.00       5.316    
   21.00       4.865    
   22.00       4.593    
   23.00       4.457    
   24.00       4.411    
   25.00       4.411    
   26.00       4.418    
   27.00       4.401    
   28.00       4.337    
   29.00       4.213    
   30.00       4.026    
   31.00       3.780    
   32.00       3.483    
   33.00       3.152    
   34.00       2.801    
   35.00       2.449    
   36.00       2.111    
   37.00       1.802    
   38.00       1.530    
   39.00       1.304    
   40.00       1.125    
   41.00      0.9936    
   42.00      0.9063    
   43.00      0.8576    
   44.00      0.8404    
   45.00      0.8470    
   46.00      0.8694    
   47.00      0.9000    
   48.00      0.9322    
   49.00      0.9604    
   50.00      0.9802    
   51.00      0.9889    
   52.00      0.9847    
   53.00      0.9674    
   54.00      0.9375    
   55.00      0.8965    
   56.00      0.8463    
   57.00      0.7893    
   58.00      0.7277    
   59.00      0.6639    
   60.00      0.6000    
   61.00      0.5378    
   62.00      0.4790    
   63.00      0.4246    
   64.00      0.3755    
   65.00      0.3320    
   66.00      0.2943    
   67.00      0.2623    
   68.00      0.2356    
   69.00      0.2138    
   70.00      0.1963    
   71.00      0.1826    
   72.00      0.1719    
   73.00      0.1638    
   74.00      0.1578    
   75.00      0.1532    
   76.00      0.1498    
   77.00      0.1471    
   78.00      0.1449    
   79.00      0.1430    
   80.00      0.1411    
 END
