     0.0   1.503      1
     0.0   3.005     -1
     1.0   13.48      1
     1.0   26.99     -1
     2.0   29.96      1
     2.0   59.96     -1
     3.0   41.93      1
     3.0   83.93     -1
     4.0   53.87      1
     4.0   107.8     -1
     5.0   65.78      1
     5.0   131.4     -1
     6.0   76.20      1
     6.0   153.3     -1
     7.0   86.13      1
     7.0   169.7     -1
     8.0   84.78      1
     8.0   173.3     -1
     9.0   80.44      1
     9.0   158.9     -1
    10.0   63.91      1
    10.0   128.3     -1
    11.0   42.86      1
    11.0   89.65     -1
    12.0   30.28      1
    12.0   55.14     -1
    13.0   13.79      1
    13.0   31.19     -1
    14.0   9.556      1
    14.0   17.11     -1
    15.0   4.104      1
    15.0   9.284     -1
    16.0   2.791      1
    16.0   5.009     -1
    17.0   1.191      1
    17.0   2.688     -1
    18.0  0.7988      1
    18.0   1.435     -1
    19.0  0.3386      1
    19.0  0.7632     -1
    20.0  0.2247      1
    20.0  0.4041     -1
    21.0  0.9468E-01  1
    21.0  0.2132     -1
    22.0  0.6229E-01  1
    22.0  0.1121     -1
    23.0  0.2609E-01  1
    23.0  0.5874E-01 -1
    24.0  0.1706E-01  1
    24.0  0.3070E-01 -1
    25.0  0.7110E-02  1
    25.0  0.1599E-01 -1
    26.0  0.4611E-02  1
    26.0  0.8301E-02 -1
    27.0  0.1907E-02  1
    27.0  0.4293E-02 -1
    28.0  0.1233E-02  1
    28.0  0.2216E-02 -1
    29.0  0.5064E-03  1
    29.0  0.1143E-02 -1
    30.0  0.3278E-03  1
    30.0  0.5886E-03 -1
