#  81 angles,  1 tensor ranks for 0=projectile
@subtitle   "39K(3He,d)40Ca 21 MeV DWBA ZR 7973 keV Jpi=3- l=3 n=2 j=5/2"                   
@legend ON
@legend x1 0.2
@legend y1 0.8
@g0 type LOGY
@yaxis ticklabel format power
@legend string   0 "Lab energy =   21.0000"
#legend string   0 "Partition=  2 Excit=  1 near/far= 1"
#  Theta       sigma       iT11        T20         T21         T22         Kyy for projectile
   0.000       10.47    
   1.000       10.50    
   2.000       10.61    
   3.000       10.79    
   4.000       11.02    
   5.000       11.31    
   6.000       11.65    
   7.000       12.01    
   8.000       12.39    
   9.000       12.78    
   10.00       13.15    
   11.00       13.50    
   12.00       13.80    
   13.00       14.03    
   14.00       14.18    
   15.00       14.24    
   16.00       14.17    
   17.00       13.99    
   18.00       13.68    
   19.00       13.25    
   20.00       12.71    
   21.00       12.06    
   22.00       11.32    
   23.00       10.51    
   24.00       9.652    
   25.00       8.759    
   26.00       7.856    
   27.00       6.964    
   28.00       6.104    
   29.00       5.296    
   30.00       4.557    
   31.00       3.900    
   32.00       3.334    
   33.00       2.864    
   34.00       2.488    
   35.00       2.201    
   36.00       1.994    
   37.00       1.854    
   38.00       1.770    
   39.00       1.727    
   40.00       1.713    
   41.00       1.716    
   42.00       1.727    
   43.00       1.735    
   44.00       1.736    
   45.00       1.723    
   46.00       1.694    
   47.00       1.647    
   48.00       1.581    
   49.00       1.499    
   50.00       1.402    
   51.00       1.294    
   52.00       1.179    
   53.00       1.063    
   54.00      0.9479    
   55.00      0.8387    
   56.00      0.7380    
   57.00      0.6477    
   58.00      0.5691    
   59.00      0.5025    
   60.00      0.4474    
   61.00      0.4031    
   62.00      0.3683    
   63.00      0.3415    
   64.00      0.3213    
   65.00      0.3061    
   66.00      0.2945    
   67.00      0.2852    
   68.00      0.2770    
   69.00      0.2692    
   70.00      0.2610    
   71.00      0.2521    
   72.00      0.2422    
   73.00      0.2313    
   74.00      0.2197    
   75.00      0.2077    
   76.00      0.1955    
   77.00      0.1837    
   78.00      0.1726    
   79.00      0.1626    
   80.00      0.1539    
 END
