#  81 angles,  1 tensor ranks for 0=projectile
@subtitle   "39K(3He,d)40Ca 21 MeV DWBA ZR 8113 keV Jpi=1- l=3 n=1 j=5/2"                   
@legend ON
@legend x1 0.2
@legend y1 0.8
@g0 type LOGY
@yaxis ticklabel format power
@legend string   0 "Lab energy =   21.0000"
#legend string   0 "Partition=  2 Excit=  1 near/far= 1"
#  Theta       sigma       iT11        T20         T21         T22         Kyy for projectile
   0.000       1.831    
   1.000       1.836    
   2.000       1.850    
   3.000       1.874    
   4.000       1.906    
   5.000       1.946    
   6.000       1.993    
   7.000       2.044    
   8.000       2.099    
   9.000       2.155    
   10.00       2.210    
   11.00       2.261    
   12.00       2.306    
   13.00       2.340    
   14.00       2.363    
   15.00       2.372    
   16.00       2.364    
   17.00       2.339    
   18.00       2.296    
   19.00       2.235    
   20.00       2.155    
   21.00       2.058    
   22.00       1.945    
   23.00       1.818    
   24.00       1.681    
   25.00       1.536    
   26.00       1.389    
   27.00       1.242    
   28.00       1.099    
   29.00      0.9648    
   30.00      0.8414    
   31.00      0.7310    
   32.00      0.6350    
   33.00      0.5539    
   34.00      0.4874    
   35.00      0.4350    
   36.00      0.3952    
   37.00      0.3668    
   38.00      0.3477    
   39.00      0.3363    
   40.00      0.3304    
   41.00      0.3281    
   42.00      0.3276    
   43.00      0.3272    
   44.00      0.3256    
   45.00      0.3217    
   46.00      0.3150    
   47.00      0.3052    
   48.00      0.2923    
   49.00      0.2768    
   50.00      0.2592    
   51.00      0.2400    
   52.00      0.2200    
   53.00      0.1997    
   54.00      0.1798    
   55.00      0.1606    
   56.00      0.1426    
   57.00      0.1260    
   58.00      0.1111    
   59.00      0.9808E-01
   60.00      0.8688E-01
   61.00      0.7749E-01
   62.00      0.6981E-01
   63.00      0.6366E-01
   64.00      0.5884E-01
   65.00      0.5511E-01
   66.00      0.5223E-01
   67.00      0.4997E-01
   68.00      0.4815E-01
   69.00      0.4661E-01
   70.00      0.4523E-01
   71.00      0.4395E-01
   72.00      0.4271E-01
   73.00      0.4148E-01
   74.00      0.4026E-01
   75.00      0.3906E-01
   76.00      0.3789E-01
   77.00      0.3676E-01
   78.00      0.3570E-01
   79.00      0.3472E-01
   80.00      0.3384E-01
 END
