#  81 angles,  1 tensor ranks for 0=projectile
@subtitle   "39K(3He,d)40Ca 21 MeV DWBA ZR 8851 keV Jpi=6- l=7 n=1 j=13/2"                  
@legend ON
@legend x1 0.2
@legend y1 0.8
@g0 type LOGY
@yaxis ticklabel format power
@legend string   0 "Lab energy =   21.0000"
#legend string   0 "Partition=  2 Excit=  1 near/far= 1"
#  Theta       sigma       iT11        T20         T21         T22         Kyy for projectile
   0.000      0.5172E-01
   1.000      0.5223E-01
   2.000      0.5378E-01
   3.000      0.5631E-01
   4.000      0.5978E-01
   5.000      0.6410E-01
   6.000      0.6912E-01
   7.000      0.7466E-01
   8.000      0.8048E-01
   9.000      0.8630E-01
   10.00      0.9180E-01
   11.00      0.9668E-01
   12.00      0.1007    
   13.00      0.1036    
   14.00      0.1053    
   15.00      0.1058    
   16.00      0.1055    
   17.00      0.1044    
   18.00      0.1029    
   19.00      0.1014    
   20.00      0.1002    
   21.00      0.9955E-01
   22.00      0.9948E-01
   23.00      0.1000    
   24.00      0.1012    
   25.00      0.1028    
   26.00      0.1046    
   27.00      0.1066    
   28.00      0.1087    
   29.00      0.1108    
   30.00      0.1128    
   31.00      0.1149    
   32.00      0.1170    
   33.00      0.1192    
   34.00      0.1216    
   35.00      0.1240    
   36.00      0.1266    
   37.00      0.1292    
   38.00      0.1318    
   39.00      0.1344    
   40.00      0.1369    
   41.00      0.1392    
   42.00      0.1413    
   43.00      0.1433    
   44.00      0.1450    
   45.00      0.1466    
   46.00      0.1478    
   47.00      0.1487    
   48.00      0.1493    
   49.00      0.1493    
   50.00      0.1487    
   51.00      0.1475    
   52.00      0.1454    
   53.00      0.1426    
   54.00      0.1389    
   55.00      0.1345    
   56.00      0.1293    
   57.00      0.1236    
   58.00      0.1174    
   59.00      0.1110    
   60.00      0.1046    
   61.00      0.9820E-01
   62.00      0.9212E-01
   63.00      0.8643E-01
   64.00      0.8121E-01
   65.00      0.7652E-01
   66.00      0.7235E-01
   67.00      0.6866E-01
   68.00      0.6541E-01
   69.00      0.6252E-01
   70.00      0.5990E-01
   71.00      0.5749E-01
   72.00      0.5523E-01
   73.00      0.5309E-01
   74.00      0.5106E-01
   75.00      0.4916E-01
   76.00      0.4742E-01
   77.00      0.4586E-01
   78.00      0.4454E-01
   79.00      0.4347E-01
   80.00      0.4267E-01
 END
