#  81 angles,  1 tensor ranks for 0=projectile
@subtitle   "39K(3He,d)40Ca 21 MeV DWBA ZR 8425 keV Jpi=2+ l=2 n=1 j=3/2"                   
@legend ON
@legend x1 0.2
@legend y1 0.8
@g0 type LOGY
@yaxis ticklabel format power
@legend string   0 "Lab energy =   21.0000"
#legend string   0 "Partition=  2 Excit=  1 near/far= 1"
#  Theta       sigma       iT11        T20         T21         T22         Kyy for projectile
   0.000       7.435    
   1.000       7.452    
   2.000       7.503    
   3.000       7.582    
   4.000       7.682    
   5.000       7.795    
   6.000       7.909    
   7.000       8.011    
   8.000       8.087    
   9.000       8.125    
   10.00       8.112    
   11.00       8.036    
   12.00       7.890    
   13.00       7.669    
   14.00       7.373    
   15.00       7.006    
   16.00       6.576    
   17.00       6.095    
   18.00       5.578    
   19.00       5.042    
   20.00       4.506    
   21.00       3.984    
   22.00       3.492    
   23.00       3.043    
   24.00       2.644    
   25.00       2.301    
   26.00       2.017    
   27.00       1.789    
   28.00       1.614    
   29.00       1.484    
   30.00       1.393    
   31.00       1.331    
   32.00       1.289    
   33.00       1.260    
   34.00       1.235    
   35.00       1.209    
   36.00       1.177    
   37.00       1.137    
   38.00       1.088    
   39.00       1.029    
   40.00      0.9615    
   41.00      0.8878    
   42.00      0.8103    
   43.00      0.7316    
   44.00      0.6543    
   45.00      0.5809    
   46.00      0.5133    
   47.00      0.4530    
   48.00      0.4008    
   49.00      0.3572    
   50.00      0.3220    
   51.00      0.2945    
   52.00      0.2738    
   53.00      0.2586    
   54.00      0.2478    
   55.00      0.2399    
   56.00      0.2339    
   57.00      0.2285    
   58.00      0.2229    
   59.00      0.2165    
   60.00      0.2087    
   61.00      0.1994    
   62.00      0.1886    
   63.00      0.1764    
   64.00      0.1632    
   65.00      0.1492    
   66.00      0.1350    
   67.00      0.1210    
   68.00      0.1075    
   69.00      0.9495E-01
   70.00      0.8360E-01
   71.00      0.7367E-01
   72.00      0.6524E-01
   73.00      0.5834E-01
   74.00      0.5292E-01
   75.00      0.4886E-01
   76.00      0.4599E-01
   77.00      0.4410E-01
   78.00      0.4297E-01
   79.00      0.4237E-01
   80.00      0.4211E-01
 END
