     0.0   1.503      1
     0.0   3.006     -1
     1.0   13.53      1
     1.0   27.06     -1
     2.0   30.06      1
     2.0   60.11     -1
     3.0   42.09      1
     3.0   84.13     -1
     4.0   54.03      1
     4.0   108.0     -1
     5.0   65.96      1
     5.0   131.6     -1
     6.0   76.40      1
     6.0   153.5     -1
     7.0   86.40      1
     7.0   170.0     -1
     8.0   85.14      1
     8.0   173.7     -1
     9.0   80.95      1
     9.0   159.7     -1
    10.0   64.79      1
    10.0   129.7     -1
    11.0   43.87      1
    11.0   91.44     -1
    12.0   30.73      1
    12.0   56.38     -1
    13.0   14.20      1
    13.0   31.82     -1
    14.0   9.650      1
    14.0   17.39     -1
    15.0   4.192      1
    15.0   9.414     -1
    16.0   2.810      1
    16.0   5.068     -1
    17.0   1.210      1
    17.0   2.715     -1
    18.0  0.8027      1
    18.0   1.448     -1
    19.0  0.3425      1
    19.0  0.7688     -1
    20.0  0.2255      1
    20.0  0.4066     -1
    21.0  0.9546E-01  1
    21.0  0.2143     -1
    22.0  0.6246E-01  1
    22.0  0.1126     -1
    23.0  0.2627E-01  1
    23.0  0.5898E-01 -1
    24.0  0.1709E-01  1
    24.0  0.3081E-01 -1
    25.0  0.7149E-02  1
    25.0  0.1605E-01 -1
    26.0  0.4630E-02  1
    26.0  0.8346E-02 -1
    27.0  0.1928E-02  1
    27.0  0.4330E-02 -1
    28.0  0.1243E-02  1
    28.0  0.2241E-02 -1
    29.0  0.5158E-03  1
    29.0  0.1158E-02 -1
    30.0  0.3313E-03  1
    30.0  0.5975E-03 -1
