#  81 angles,  1 tensor ranks for 0=projectile
@subtitle   "39K(3He,d)40Ca 21 MeV DWBA ZR 9669 keV Jpi=3- l=3 n=1 j=7/2"                   
@legend ON
@legend x1 0.2
@legend y1 0.8
@g0 type LOGY
@yaxis ticklabel format power
@xaxis label "Scattering angle (degrees)"
@yaxis label "Cross section (mb/sr)"
@legend string   0 "Partition=  1 Excit=  1 near/far= 1"
#legend string   0 "Lab energy =   21.0000"
@s0 linestyle   1
#  Theta       sigma       iT11        T20         T21         T22         Kyy for projectile
  0.1000E-01   1.000    
   1.000      0.9997    
   2.000       1.001    
   3.000      0.9801    
   4.000      0.9937    
   5.000       1.036    
   6.000       1.069    
   7.000       1.070    
   8.000       1.043    
   9.000       1.001    
   10.00      0.9589    
   11.00      0.9259    
   12.00      0.9030    
   13.00      0.8865    
   14.00      0.8704    
   15.00      0.8486    
   16.00      0.8173    
   17.00      0.7752    
   18.00      0.7238    
   19.00      0.6664    
   20.00      0.6075    
   21.00      0.5518    
   22.00      0.5029    
   23.00      0.4636    
   24.00      0.4347    
   25.00      0.4158    
   26.00      0.4051    
   27.00      0.3999    
   28.00      0.3972    
   29.00      0.3941    
   30.00      0.3882    
   31.00      0.3777    
   32.00      0.3620    
   33.00      0.3412    
   34.00      0.3163    
   35.00      0.2889    
   36.00      0.2608    
   37.00      0.2340    
   38.00      0.2104    
   39.00      0.1911    
   40.00      0.1770    
   41.00      0.1682    
   42.00      0.1644    
   43.00      0.1646    
   44.00      0.1677    
   45.00      0.1721    
   46.00      0.1765    
   47.00      0.1796    
   48.00      0.1803    
   49.00      0.1779    
   50.00      0.1722    
   51.00      0.1633    
   52.00      0.1516    
   53.00      0.1378    
   54.00      0.1229    
   55.00      0.1077    
   56.00      0.9318E-01
   57.00      0.8011E-01
   58.00      0.6912E-01
   59.00      0.6059E-01
   60.00      0.5467E-01
   61.00      0.5129E-01
   62.00      0.5018E-01
   63.00      0.5093E-01
   64.00      0.5301E-01
   65.00      0.5587E-01
   66.00      0.5895E-01
   67.00      0.6177E-01
   68.00      0.6392E-01
   69.00      0.6510E-01
   70.00      0.6515E-01
   71.00      0.6402E-01
   72.00      0.6176E-01
   73.00      0.5853E-01
   74.00      0.5453E-01
   75.00      0.5000E-01
   76.00      0.4522E-01
   77.00      0.4042E-01
   78.00      0.3583E-01
   79.00      0.3163E-01
   80.00      0.2793E-01
 END
@legend string   1 "Partition=  2 Excit=  1 near/far= 1"
#legend string   0 "Lab energy =   21.0000"
@s1 linestyle   2
#  Theta       sigma       iT11        T20         T21         T22         Kyy for projectile
   0.000       4.271    
   1.000       4.274    
   2.000       4.283    
   3.000       4.298    
   4.000       4.318    
   5.000       4.341    
   6.000       4.365    
   7.000       4.390    
   8.000       4.411    
   9.000       4.428    
   10.00       4.436    
   11.00       4.433    
   12.00       4.417    
   13.00       4.387    
   14.00       4.339    
   15.00       4.272    
   16.00       4.186    
   17.00       4.080    
   18.00       3.953    
   19.00       3.806    
   20.00       3.640    
   21.00       3.457    
   22.00       3.260    
   23.00       3.052    
   24.00       2.835    
   25.00       2.615    
   26.00       2.395    
   27.00       2.179    
   28.00       1.970    
   29.00       1.773    
   30.00       1.590    
   31.00       1.424    
   32.00       1.275    
   33.00       1.145    
   34.00       1.034    
   35.00      0.9415    
   36.00      0.8661    
   37.00      0.8061    
   38.00      0.7594    
   39.00      0.7237    
   40.00      0.6967    
   41.00      0.6761    
   42.00      0.6595    
   43.00      0.6451    
   44.00      0.6311    
   45.00      0.6161    
   46.00      0.5992    
   47.00      0.5796    
   48.00      0.5570    
   49.00      0.5313    
   50.00      0.5029    
   51.00      0.4721    
   52.00      0.4397    
   53.00      0.4063    
   54.00      0.3727    
   55.00      0.3397    
   56.00      0.3078    
   57.00      0.2777    
   58.00      0.2497    
   59.00      0.2242    
   60.00      0.2012    
   61.00      0.1810    
   62.00      0.1634    
   63.00      0.1483    
   64.00      0.1355    
   65.00      0.1248    
   66.00      0.1160    
   67.00      0.1087    
   68.00      0.1026    
   69.00      0.9745E-01
   70.00      0.9298E-01
   71.00      0.8898E-01
   72.00      0.8530E-01
   73.00      0.8183E-01
   74.00      0.7849E-01
   75.00      0.7526E-01
   76.00      0.7213E-01
   77.00      0.6913E-01
   78.00      0.6629E-01
   79.00      0.6365E-01
   80.00      0.6123E-01
 END
