#  81 angles,  1 tensor ranks for 0=projectile
@subtitle   "39K(3He,d)40Ca 21 MeV DWBA ZR 9669 keV Jpi=3- l=3 n=1 j=7/2"                   
@legend ON
@legend x1 0.2
@legend y1 0.8
@g0 type LOGY
@yaxis ticklabel format power
@legend string   0 "Lab energy =   21.0000"
#legend string   0 "Partition=  2 Excit=  1 near/far= 1"
#  Theta       sigma       iT11        T20         T21         T22         Kyy for projectile
   0.000       4.271    
   1.000       4.274    
   2.000       4.283    
   3.000       4.298    
   4.000       4.318    
   5.000       4.341    
   6.000       4.365    
   7.000       4.390    
   8.000       4.411    
   9.000       4.428    
   10.00       4.436    
   11.00       4.433    
   12.00       4.417    
   13.00       4.387    
   14.00       4.339    
   15.00       4.272    
   16.00       4.186    
   17.00       4.080    
   18.00       3.953    
   19.00       3.806    
   20.00       3.640    
   21.00       3.457    
   22.00       3.260    
   23.00       3.052    
   24.00       2.835    
   25.00       2.615    
   26.00       2.395    
   27.00       2.179    
   28.00       1.970    
   29.00       1.773    
   30.00       1.590    
   31.00       1.424    
   32.00       1.275    
   33.00       1.145    
   34.00       1.034    
   35.00      0.9415    
   36.00      0.8661    
   37.00      0.8061    
   38.00      0.7594    
   39.00      0.7237    
   40.00      0.6967    
   41.00      0.6761    
   42.00      0.6595    
   43.00      0.6451    
   44.00      0.6311    
   45.00      0.6161    
   46.00      0.5992    
   47.00      0.5796    
   48.00      0.5570    
   49.00      0.5313    
   50.00      0.5029    
   51.00      0.4721    
   52.00      0.4397    
   53.00      0.4063    
   54.00      0.3727    
   55.00      0.3397    
   56.00      0.3078    
   57.00      0.2777    
   58.00      0.2497    
   59.00      0.2242    
   60.00      0.2012    
   61.00      0.1810    
   62.00      0.1634    
   63.00      0.1483    
   64.00      0.1355    
   65.00      0.1248    
   66.00      0.1160    
   67.00      0.1087    
   68.00      0.1026    
   69.00      0.9745E-01
   70.00      0.9298E-01
   71.00      0.8898E-01
   72.00      0.8530E-01
   73.00      0.8183E-01
   74.00      0.7849E-01
   75.00      0.7526E-01
   76.00      0.7213E-01
   77.00      0.6913E-01
   78.00      0.6629E-01
   79.00      0.6365E-01
   80.00      0.6123E-01
 END
