#  81 angles,  1 tensor ranks for 0=projectile
@subtitle   "39K(3He,d)40Ca 21 MeV DWBA ZR 8748 keV Jpi=2+ l=0 n=4 j=1/2"                   
@legend ON
@legend x1 0.2
@legend y1 0.8
@g0 type LOGY
@yaxis ticklabel format power
@legend string   0 "Lab energy =   21.0000"
#legend string   0 "Partition=  2 Excit=  1 near/far= 1"
#  Theta       sigma       iT11        T20         T21         T22         Kyy for projectile
   0.000       66.18    
   1.000       65.29    
   2.000       62.67    
   3.000       58.50    
   4.000       53.07    
   5.000       46.72    
   6.000       39.85    
   7.000       32.88    
   8.000       26.20    
   9.000       20.14    
   10.00       14.96    
   11.00       10.83    
   12.00       7.791    
   13.00       5.823    
   14.00       4.809    
   15.00       4.577    
   16.00       4.919    
   17.00       5.619    
   18.00       6.476    
   19.00       7.317    
   20.00       8.008    
   21.00       8.464    
   22.00       8.644    
   23.00       8.544    
   24.00       8.195    
   25.00       7.648    
   26.00       6.969    
   27.00       6.223    
   28.00       5.475    
   29.00       4.779    
   30.00       4.173    
   31.00       3.682    
   32.00       3.317    
   33.00       3.072    
   34.00       2.935    
   35.00       2.883    
   36.00       2.893    
   37.00       2.937    
   38.00       2.992    
   39.00       3.036    
   40.00       3.054    
   41.00       3.034    
   42.00       2.970    
   43.00       2.861    
   44.00       2.711    
   45.00       2.525    
   46.00       2.312    
   47.00       2.081    
   48.00       1.843    
   49.00       1.606    
   50.00       1.381    
   51.00       1.174    
   52.00      0.9897    
   53.00      0.8330    
   54.00      0.7055    
   55.00      0.6075    
   56.00      0.5380    
   57.00      0.4950    
   58.00      0.4755    
   59.00      0.4759    
   60.00      0.4924    
   61.00      0.5208    
   62.00      0.5572    
   63.00      0.5978    
   64.00      0.6392    
   65.00      0.6783    
   66.00      0.7127    
   67.00      0.7403    
   68.00      0.7596    
   69.00      0.7698    
   70.00      0.7703    
   71.00      0.7611    
   72.00      0.7426    
   73.00      0.7154    
   74.00      0.6805    
   75.00      0.6390    
   76.00      0.5922    
   77.00      0.5415    
   78.00      0.4883    
   79.00      0.4341    
   80.00      0.3802    
 END
