     0.0   1.503      1
     0.0   3.003     -1
     1.0   13.53      1
     1.0   27.04     -1
     2.0   30.04      1
     2.0   60.04     -1
     3.0   42.05      1
     3.0   83.99     -1
     4.0   53.89      1
     4.0   107.6     -1
     5.0   65.65      1
     5.0   130.8     -1
     6.0   75.86      1
     6.0   152.1     -1
     7.0   85.36      1
     7.0   167.9     -1
     8.0   84.30      1
     8.0   171.7     -1
     9.0   80.09      1
     9.0   158.2     -1
    10.0   64.50      1
    10.0   129.1     -1
    11.0   43.86      1
    11.0   91.23     -1
    12.0   30.60      1
    12.0   56.28     -1
    13.0   14.22      1
    13.0   31.78     -1
    14.0   9.626      1
    14.0   17.38     -1
    15.0   4.199      1
    15.0   9.412     -1
    16.0   2.807      1
    16.0   5.068     -1
    17.0   1.211      1
    17.0   2.715     -1
    18.0  0.8023      1
    18.0   1.448     -1
    19.0  0.3429      1
    19.0  0.7691     -1
    20.0  0.2255      1
    20.0  0.4068     -1
    21.0  0.9556E-01  1
    21.0  0.2144     -1
    22.0  0.6245E-01  1
    22.0  0.1126     -1
    23.0  0.2628E-01  1
    23.0  0.5900E-01 -1
    24.0  0.1709E-01  1
    24.0  0.3082E-01 -1
    25.0  0.7151E-02  1
    25.0  0.1606E-01 -1
    26.0  0.4629E-02  1
    26.0  0.8346E-02 -1
    27.0  0.1928E-02  1
    27.0  0.4329E-02 -1
    28.0  0.1243E-02  1
    28.0  0.2241E-02 -1
    29.0  0.5157E-03  1
    29.0  0.1158E-02 -1
    30.0  0.3311E-03  1
    30.0  0.5972E-03 -1
