#  81 angles,  1 tensor ranks for 0=projectile
@subtitle   "39K(3He,d)40Ca 21 MeV DWBA ZR 9226.69 keV Jpi=1- l=1 n=3 j=3/2"                
@legend ON
@legend x1 0.2
@legend y1 0.8
@g0 type LOGY
@yaxis ticklabel format power
@legend string   0 "Lab energy =   21.0000"
#legend string   0 "Partition=  2 Excit=  1 near/far= 1"
#  Theta       sigma       iT11        T20         T21         T22         Kyy for projectile
   0.000       17.68    
   1.000       17.64    
   2.000       17.51    
   3.000       17.29    
   4.000       16.96    
   5.000       16.53    
   6.000       15.97    
   7.000       15.29    
   8.000       14.48    
   9.000       13.56    
   10.00       12.53    
   11.00       11.44    
   12.00       10.31    
   13.00       9.174    
   14.00       8.074    
   15.00       7.044    
   16.00       6.116    
   17.00       5.311    
   18.00       4.642    
   19.00       4.112    
   20.00       3.715    
   21.00       3.438    
   22.00       3.261    
   23.00       3.160    
   24.00       3.111    
   25.00       3.090    
   26.00       3.074    
   27.00       3.047    
   28.00       2.994    
   29.00       2.907    
   30.00       2.785    
   31.00       2.627    
   32.00       2.439    
   33.00       2.229    
   34.00       2.006    
   35.00       1.781    
   36.00       1.563    
   37.00       1.360    
   38.00       1.178    
   39.00       1.023    
   40.00      0.8961    
   41.00      0.7988    
   42.00      0.7296    
   43.00      0.6858    
   44.00      0.6638    
   45.00      0.6590    
   46.00      0.6668    
   47.00      0.6824    
   48.00      0.7014    
   49.00      0.7200    
   50.00      0.7350    
   51.00      0.7441    
   52.00      0.7458    
   53.00      0.7393    
   54.00      0.7243    
   55.00      0.7014    
   56.00      0.6714    
   57.00      0.6355    
   58.00      0.5949    
   59.00      0.5512    
   60.00      0.5058    
   61.00      0.4600    
   62.00      0.4150    
   63.00      0.3719    
   64.00      0.3314    
   65.00      0.2941    
   66.00      0.2606    
   67.00      0.2308    
   68.00      0.2051    
   69.00      0.1831    
   70.00      0.1648    
   71.00      0.1499    
   72.00      0.1380    
   73.00      0.1289    
   74.00      0.1220    
   75.00      0.1170    
   76.00      0.1136    
   77.00      0.1115    
   78.00      0.1103    
   79.00      0.1098    
   80.00      0.1097    
 END
