     0.0   1.503      1
     0.0   3.005     -1
     1.0   13.52      1
     1.0   27.05     -1
     2.0   30.06      1
     2.0   60.11     -1
     3.0   42.07      1
     3.0   84.13     -1
     4.0   54.02      1
     4.0   108.1     -1
     5.0   65.92      1
     5.0   131.6     -1
     6.0   76.42      1
     6.0   153.6     -1
     7.0   86.49      1
     7.0   170.2     -1
     8.0   85.33      1
     8.0   174.2     -1
     9.0   81.29      1
     9.0   160.5     -1
    10.0   65.28      1
    10.0   130.6     -1
    11.0   44.29      1
    11.0   92.16     -1
    12.0   30.87      1
    12.0   56.76     -1
    13.0   14.31      1
    13.0   31.99     -1
    14.0   9.680      1
    14.0   17.47     -1
    15.0   4.215      1
    15.0   9.450     -1
    16.0   2.816      1
    16.0   5.084     -1
    17.0   1.214      1
    17.0   2.722     -1
    18.0  0.8039      1
    18.0   1.451     -1
    19.0  0.3433      1
    19.0  0.7702     -1
    20.0  0.2257      1
    20.0  0.4073     -1
    21.0  0.9563E-01  1
    21.0  0.2146     -1
    22.0  0.6250E-01  1
    22.0  0.1127     -1
    23.0  0.2630E-01  1
    23.0  0.5904E-01 -1
    24.0  0.1710E-01  1
    24.0  0.3083E-01 -1
    25.0  0.7154E-02  1
    25.0  0.1606E-01 -1
    26.0  0.4630E-02  1
    26.0  0.8348E-02 -1
    27.0  0.1928E-02  1
    27.0  0.4328E-02 -1
    28.0  0.1242E-02  1
    28.0  0.2239E-02 -1
    29.0  0.5148E-03  1
    29.0  0.1156E-02 -1
    30.0  0.3293E-03  1
    30.0  0.5937E-03 -1
