#  81 angles,  1 tensor ranks for 0=projectile
@subtitle   "39K(3He,d)40Ca 21 MeV DWBA ZR 5903 keV Jpi=1- l=3 n=1 j=5/2"                   
@legend ON
@legend x1 0.2
@legend y1 0.8
@g0 type LOGY
@yaxis ticklabel format power
@legend string   0 "Lab energy =   21.0000"
#legend string   0 "Partition=  2 Excit=  1 near/far= 1"
#  Theta       sigma       iT11        T20         T21         T22         Kyy for projectile
   0.000      0.6762    
   1.000      0.6789    
   2.000      0.6868    
   3.000      0.7001    
   4.000      0.7189    
   5.000      0.7435    
   6.000      0.7741    
   7.000      0.8112    
   8.000      0.8548    
   9.000      0.9053    
   10.00      0.9622    
   11.00       1.025    
   12.00       1.092    
   13.00       1.161    
   14.00       1.231    
   15.00       1.296    
   16.00       1.355    
   17.00       1.403    
   18.00       1.436    
   19.00       1.452    
   20.00       1.449    
   21.00       1.425    
   22.00       1.380    
   23.00       1.316    
   24.00       1.234    
   25.00       1.138    
   26.00       1.031    
   27.00      0.9185    
   28.00      0.8040    
   29.00      0.6920    
   30.00      0.5864    
   31.00      0.4904    
   32.00      0.4065    
   33.00      0.3363    
   34.00      0.2804    
   35.00      0.2385    
   36.00      0.2097    
   37.00      0.1924    
   38.00      0.1847    
   39.00      0.1842    
   40.00      0.1887    
   41.00      0.1960    
   42.00      0.2042    
   43.00      0.2117    
   44.00      0.2172    
   45.00      0.2198    
   46.00      0.2190    
   47.00      0.2147    
   48.00      0.2071    
   49.00      0.1966    
   50.00      0.1837    
   51.00      0.1691    
   52.00      0.1536    
   53.00      0.1379    
   54.00      0.1225    
   55.00      0.1081    
   56.00      0.9494E-01
   57.00      0.8333E-01
   58.00      0.7338E-01
   59.00      0.6510E-01
   60.00      0.5842E-01
   61.00      0.5316E-01
   62.00      0.4913E-01
   63.00      0.4611E-01
   64.00      0.4388E-01
   65.00      0.4222E-01
   66.00      0.4094E-01
   67.00      0.3990E-01
   68.00      0.3897E-01
   69.00      0.3808E-01
   70.00      0.3719E-01
   71.00      0.3628E-01
   72.00      0.3537E-01
   73.00      0.3448E-01
   74.00      0.3366E-01
   75.00      0.3292E-01
   76.00      0.3232E-01
   77.00      0.3186E-01
   78.00      0.3156E-01
   79.00      0.3142E-01
   80.00      0.3142E-01
 END
