#  81 angles,  1 tensor ranks for 0=projectile
@subtitle   "39K(3He,d)40Ca 21 MeV DWBA ZR 8188 keV Jpi=3+ l=4 n=2 j=7/2"                   
@legend ON
@legend x1 0.2
@legend y1 0.8
@g0 type LOGY
@yaxis ticklabel format power
@xaxis label "Scattering angle (degrees)"
@yaxis label "Cross section (mb/sr)"
@legend string   0 "Partition=  1 Excit=  1 near/far= 1"
#legend string   0 "Lab energy =   21.0000"
@s0 linestyle   1
#  Theta       sigma       iT11        T20         T21         T22         Kyy for projectile
  0.1000E-01   1.000    
   1.000      0.9997    
   2.000       1.001    
   3.000      0.9801    
   4.000      0.9937    
   5.000       1.036    
   6.000       1.069    
   7.000       1.070    
   8.000       1.043    
   9.000       1.001    
   10.00      0.9589    
   11.00      0.9259    
   12.00      0.9030    
   13.00      0.8865    
   14.00      0.8704    
   15.00      0.8486    
   16.00      0.8173    
   17.00      0.7752    
   18.00      0.7238    
   19.00      0.6664    
   20.00      0.6075    
   21.00      0.5518    
   22.00      0.5029    
   23.00      0.4636    
   24.00      0.4347    
   25.00      0.4158    
   26.00      0.4051    
   27.00      0.3999    
   28.00      0.3972    
   29.00      0.3941    
   30.00      0.3882    
   31.00      0.3777    
   32.00      0.3620    
   33.00      0.3412    
   34.00      0.3163    
   35.00      0.2889    
   36.00      0.2608    
   37.00      0.2340    
   38.00      0.2104    
   39.00      0.1911    
   40.00      0.1770    
   41.00      0.1682    
   42.00      0.1644    
   43.00      0.1646    
   44.00      0.1677    
   45.00      0.1721    
   46.00      0.1765    
   47.00      0.1796    
   48.00      0.1803    
   49.00      0.1779    
   50.00      0.1722    
   51.00      0.1633    
   52.00      0.1516    
   53.00      0.1378    
   54.00      0.1229    
   55.00      0.1077    
   56.00      0.9318E-01
   57.00      0.8011E-01
   58.00      0.6912E-01
   59.00      0.6059E-01
   60.00      0.5467E-01
   61.00      0.5129E-01
   62.00      0.5018E-01
   63.00      0.5093E-01
   64.00      0.5301E-01
   65.00      0.5587E-01
   66.00      0.5895E-01
   67.00      0.6177E-01
   68.00      0.6392E-01
   69.00      0.6510E-01
   70.00      0.6515E-01
   71.00      0.6402E-01
   72.00      0.6176E-01
   73.00      0.5853E-01
   74.00      0.5453E-01
   75.00      0.5000E-01
   76.00      0.4522E-01
   77.00      0.4042E-01
   78.00      0.3583E-01
   79.00      0.3163E-01
   80.00      0.2793E-01
 END
@legend string   1 "Partition=  2 Excit=  1 near/far= 1"
#legend string   0 "Lab energy =   21.0000"
@s1 linestyle   2
#  Theta       sigma       iT11        T20         T21         T22         Kyy for projectile
   0.000       3.599    
   1.000       3.607    
   2.000       3.634    
   3.000       3.677    
   4.000       3.736    
   5.000       3.810    
   6.000       3.896    
   7.000       3.993    
   8.000       4.097    
   9.000       4.207    
   10.00       4.319    
   11.00       4.432    
   12.00       4.543    
   13.00       4.652    
   14.00       4.754    
   15.00       4.851    
   16.00       4.938    
   17.00       5.015    
   18.00       5.078    
   19.00       5.125    
   20.00       5.154    
   21.00       5.160    
   22.00       5.141    
   23.00       5.094    
   24.00       5.018    
   25.00       4.911    
   26.00       4.773    
   27.00       4.604    
   28.00       4.406    
   29.00       4.182    
   30.00       3.935    
   31.00       3.669    
   32.00       3.391    
   33.00       3.104    
   34.00       2.816    
   35.00       2.531    
   36.00       2.256    
   37.00       1.995    
   38.00       1.753    
   39.00       1.532    
   40.00       1.336    
   41.00       1.165    
   42.00       1.020    
   43.00      0.9001    
   44.00      0.8038    
   45.00      0.7290    
   46.00      0.6732    
   47.00      0.6333    
   48.00      0.6061    
   49.00      0.5885    
   50.00      0.5775    
   51.00      0.5703    
   52.00      0.5644    
   53.00      0.5579    
   54.00      0.5493    
   55.00      0.5376    
   56.00      0.5223    
   57.00      0.5032    
   58.00      0.4806    
   59.00      0.4551    
   60.00      0.4272    
   61.00      0.3980    
   62.00      0.3681    
   63.00      0.3385    
   64.00      0.3099    
   65.00      0.2829    
   66.00      0.2580    
   67.00      0.2356    
   68.00      0.2158    
   69.00      0.1988    
   70.00      0.1844    
   71.00      0.1726    
   72.00      0.1631    
   73.00      0.1555    
   74.00      0.1494    
   75.00      0.1446    
   76.00      0.1405    
   77.00      0.1370    
   78.00      0.1335    
   79.00      0.1300    
   80.00      0.1263    
 END
