     0.0   1.503      1
     0.0   3.005     -1
     1.0   13.53      1
     1.0   27.05     -1
     2.0   30.04      1
     2.0   60.07     -1
     3.0   42.05      1
     3.0   84.06     -1
     4.0   53.96      1
     4.0   107.9     -1
     5.0   65.93      1
     5.0   131.5     -1
     6.0   76.35      1
     6.0   153.4     -1
     7.0   86.41      1
     7.0   169.8     -1
     8.0   85.16      1
     8.0   173.6     -1
     9.0   80.84      1
     9.0   159.5     -1
    10.0   64.70      1
    10.0   129.5     -1
    11.0   43.91      1
    11.0   91.13     -1
    12.0   30.46      1
    12.0   56.16     -1
    13.0   14.23      1
    13.0   31.71     -1
    14.0   9.589      1
    14.0   17.34     -1
    15.0   4.198      1
    15.0   9.392     -1
    16.0   2.797      1
    16.0   5.058     -1
    17.0   1.211      1
    17.0   2.710     -1
    18.0  0.8000      1
    18.0   1.445     -1
    19.0  0.3427      1
    19.0  0.7677     -1
    20.0  0.2249      1
    20.0  0.4061     -1
    21.0  0.9550E-01  1
    21.0  0.2141     -1
    22.0  0.6233E-01  1
    22.0  0.1125     -1
    23.0  0.2627E-01  1
    23.0  0.5893E-01 -1
    24.0  0.1706E-01  1
    24.0  0.3079E-01 -1
    25.0  0.7150E-02  1
    25.0  0.1604E-01 -1
    26.0  0.4624E-02  1
    26.0  0.8341E-02 -1
    27.0  0.1928E-02  1
    27.0  0.4327E-02 -1
    28.0  0.1242E-02  1
    28.0  0.2240E-02 -1
    29.0  0.5159E-03  1
    29.0  0.1158E-02 -1
    30.0  0.3311E-03  1
    30.0  0.5972E-03 -1
