#  81 angles,  1 tensor ranks for 0=projectile
@subtitle   "39K(3He,d)40Ca 21 MeV DWBA ZR 8113 keV Jpi=1- l=1 n=3 j=1/2"                   
@legend ON
@legend x1 0.2
@legend y1 0.8
@g0 type LOGY
@yaxis ticklabel format power
@legend string   0 "Lab energy =   21.0000"
#legend string   0 "Partition=  2 Excit=  1 near/far= 1"
#  Theta       sigma       iT11        T20         T21         T22         Kyy for projectile
   0.000       30.14    
   1.000       30.11    
   2.000       30.01    
   3.000       29.81    
   4.000       29.47    
   5.000       28.93    
   6.000       28.16    
   7.000       27.10    
   8.000       25.75    
   9.000       24.12    
   10.00       22.22    
   11.00       20.13    
   12.00       17.91    
   13.00       15.65    
   14.00       13.43    
   15.00       11.36    
   16.00       9.483    
   17.00       7.870    
   18.00       6.550    
   19.00       5.534    
   20.00       4.811    
   21.00       4.352    
   22.00       4.114    
   23.00       4.044    
   24.00       4.088    
   25.00       4.191    
   26.00       4.304    
   27.00       4.387    
   28.00       4.413    
   29.00       4.365    
   30.00       4.238    
   31.00       4.036    
   32.00       3.769    
   33.00       3.455    
   34.00       3.112    
   35.00       2.759    
   36.00       2.413    
   37.00       2.089    
   38.00       1.799    
   39.00       1.549    
   40.00       1.343    
   41.00       1.182    
   42.00       1.061    
   43.00      0.9763    
   44.00      0.9207    
   45.00      0.8869    
   46.00      0.8679    
   47.00      0.8568    
   48.00      0.8483    
   49.00      0.8380    
   50.00      0.8230    
   51.00      0.8017    
   52.00      0.7739    
   53.00      0.7399    
   54.00      0.7011    
   55.00      0.6590    
   56.00      0.6157    
   57.00      0.5728    
   58.00      0.5320    
   59.00      0.4947    
   60.00      0.4618    
   61.00      0.4338    
   62.00      0.4106    
   63.00      0.3921    
   64.00      0.3776    
   65.00      0.3663    
   66.00      0.3571    
   67.00      0.3490    
   68.00      0.3412    
   69.00      0.3326    
   70.00      0.3227    
   71.00      0.3109    
   72.00      0.2969    
   73.00      0.2807    
   74.00      0.2625    
   75.00      0.2425    
   76.00      0.2213    
   77.00      0.1993    
   78.00      0.1771    
   79.00      0.1554    
   80.00      0.1347    
 END
