#  81 angles,  1 tensor ranks for 0=projectile
@subtitle   "39K(3He,d)40Ca 21 MeV DWBA ZR 8113 keV Jpi=1- l=1 n=3 j=1/2"                   
@legend ON
@legend x1 0.2
@legend y1 0.8
@g0 type LOGY
@yaxis ticklabel format power
@xaxis label "Scattering angle (degrees)"
@yaxis label "Cross section (mb/sr)"
@legend string   0 "Partition=  1 Excit=  1 near/far= 1"
#legend string   0 "Lab energy =   21.0000"
@s0 linestyle   1
#  Theta       sigma       iT11        T20         T21         T22         Kyy for projectile
  0.1000E-01   1.000    
   1.000      0.9997    
   2.000       1.001    
   3.000      0.9801    
   4.000      0.9937    
   5.000       1.036    
   6.000       1.069    
   7.000       1.070    
   8.000       1.043    
   9.000       1.001    
   10.00      0.9589    
   11.00      0.9259    
   12.00      0.9030    
   13.00      0.8865    
   14.00      0.8704    
   15.00      0.8486    
   16.00      0.8173    
   17.00      0.7752    
   18.00      0.7238    
   19.00      0.6664    
   20.00      0.6075    
   21.00      0.5518    
   22.00      0.5029    
   23.00      0.4636    
   24.00      0.4347    
   25.00      0.4158    
   26.00      0.4051    
   27.00      0.3999    
   28.00      0.3972    
   29.00      0.3941    
   30.00      0.3882    
   31.00      0.3777    
   32.00      0.3620    
   33.00      0.3412    
   34.00      0.3163    
   35.00      0.2889    
   36.00      0.2608    
   37.00      0.2340    
   38.00      0.2104    
   39.00      0.1911    
   40.00      0.1770    
   41.00      0.1682    
   42.00      0.1644    
   43.00      0.1646    
   44.00      0.1677    
   45.00      0.1721    
   46.00      0.1765    
   47.00      0.1796    
   48.00      0.1803    
   49.00      0.1779    
   50.00      0.1722    
   51.00      0.1633    
   52.00      0.1516    
   53.00      0.1378    
   54.00      0.1229    
   55.00      0.1077    
   56.00      0.9318E-01
   57.00      0.8011E-01
   58.00      0.6912E-01
   59.00      0.6059E-01
   60.00      0.5467E-01
   61.00      0.5129E-01
   62.00      0.5018E-01
   63.00      0.5093E-01
   64.00      0.5301E-01
   65.00      0.5587E-01
   66.00      0.5895E-01
   67.00      0.6177E-01
   68.00      0.6392E-01
   69.00      0.6510E-01
   70.00      0.6515E-01
   71.00      0.6402E-01
   72.00      0.6176E-01
   73.00      0.5853E-01
   74.00      0.5453E-01
   75.00      0.5000E-01
   76.00      0.4522E-01
   77.00      0.4042E-01
   78.00      0.3583E-01
   79.00      0.3163E-01
   80.00      0.2793E-01
 END
@legend string   1 "Partition=  2 Excit=  1 near/far= 1"
#legend string   0 "Lab energy =   21.0000"
@s1 linestyle   2
#  Theta       sigma       iT11        T20         T21         T22         Kyy for projectile
   0.000       30.14    
   1.000       30.11    
   2.000       30.01    
   3.000       29.81    
   4.000       29.47    
   5.000       28.93    
   6.000       28.16    
   7.000       27.10    
   8.000       25.75    
   9.000       24.12    
   10.00       22.22    
   11.00       20.13    
   12.00       17.91    
   13.00       15.65    
   14.00       13.43    
   15.00       11.36    
   16.00       9.483    
   17.00       7.870    
   18.00       6.550    
   19.00       5.534    
   20.00       4.811    
   21.00       4.352    
   22.00       4.114    
   23.00       4.044    
   24.00       4.088    
   25.00       4.191    
   26.00       4.304    
   27.00       4.387    
   28.00       4.413    
   29.00       4.365    
   30.00       4.238    
   31.00       4.036    
   32.00       3.769    
   33.00       3.455    
   34.00       3.112    
   35.00       2.759    
   36.00       2.413    
   37.00       2.089    
   38.00       1.799    
   39.00       1.549    
   40.00       1.343    
   41.00       1.182    
   42.00       1.061    
   43.00      0.9763    
   44.00      0.9207    
   45.00      0.8869    
   46.00      0.8679    
   47.00      0.8568    
   48.00      0.8483    
   49.00      0.8380    
   50.00      0.8230    
   51.00      0.8017    
   52.00      0.7739    
   53.00      0.7399    
   54.00      0.7011    
   55.00      0.6590    
   56.00      0.6157    
   57.00      0.5728    
   58.00      0.5320    
   59.00      0.4947    
   60.00      0.4618    
   61.00      0.4338    
   62.00      0.4106    
   63.00      0.3921    
   64.00      0.3776    
   65.00      0.3663    
   66.00      0.3571    
   67.00      0.3490    
   68.00      0.3412    
   69.00      0.3326    
   70.00      0.3227    
   71.00      0.3109    
   72.00      0.2969    
   73.00      0.2807    
   74.00      0.2625    
   75.00      0.2425    
   76.00      0.2213    
   77.00      0.1993    
   78.00      0.1771    
   79.00      0.1554    
   80.00      0.1347    
 END
