     0.0   1.503      1
     0.0   3.005     -1
     1.0   13.52      1
     1.0   27.04     -1
     2.0   30.03      1
     2.0   60.08     -1
     3.0   42.01      1
     3.0   84.07     -1
     4.0   53.91      1
     4.0   107.9     -1
     5.0   65.70      1
     5.0   131.3     -1
     6.0   75.91      1
     6.0   152.8     -1
     7.0   85.44      1
     7.0   168.5     -1
     8.0   84.38      1
     8.0   172.0     -1
     9.0   80.19      1
     9.0   158.4     -1
    10.0   64.62      1
    10.0   129.2     -1
    11.0   43.86      1
    11.0   91.38     -1
    12.0   30.70      1
    12.0   56.38     -1
    13.0   14.21      1
    13.0   31.82     -1
    14.0   9.646      1
    14.0   17.40     -1
    15.0   4.196      1
    15.0   9.416     -1
    16.0   2.810      1
    16.0   5.069     -1
    17.0   1.210      1
    17.0   2.715     -1
    18.0  0.8027      1
    18.0   1.448     -1
    19.0  0.3427      1
    19.0  0.7690     -1
    20.0  0.2255      1
    20.0  0.4067     -1
    21.0  0.9551E-01  1
    21.0  0.2144     -1
    22.0  0.6246E-01  1
    22.0  0.1126     -1
    23.0  0.2627E-01  1
    23.0  0.5899E-01 -1
    24.0  0.1709E-01  1
    24.0  0.3081E-01 -1
    25.0  0.7150E-02  1
    25.0  0.1606E-01 -1
    26.0  0.4629E-02  1
    26.0  0.8345E-02 -1
    27.0  0.1927E-02  1
    27.0  0.4328E-02 -1
    28.0  0.1242E-02  1
    28.0  0.2240E-02 -1
    29.0  0.5153E-03  1
    29.0  0.1157E-02 -1
    30.0  0.3309E-03  1
    30.0  0.5963E-03 -1
