#  81 angles,  1 tensor ranks for 0=projectile
@subtitle   "39K(3He,d)40Ca 21 MeV DWBA ZR 8935 keV Jpi=2+ l=0 n=4 j=1/2"                   
@legend ON
@legend x1 0.2
@legend y1 0.8
@g0 type LOGY
@yaxis ticklabel format power
@xaxis label "Scattering angle (degrees)"
@yaxis label "Cross section (mb/sr)"
@legend string   0 "Partition=  1 Excit=  1 near/far= 1"
#legend string   0 "Lab energy =   21.0000"
@s0 linestyle   1
#  Theta       sigma       iT11        T20         T21         T22         Kyy for projectile
  0.1000E-01   1.000    
   1.000      0.9997    
   2.000       1.001    
   3.000      0.9801    
   4.000      0.9937    
   5.000       1.036    
   6.000       1.069    
   7.000       1.070    
   8.000       1.043    
   9.000       1.001    
   10.00      0.9589    
   11.00      0.9259    
   12.00      0.9030    
   13.00      0.8865    
   14.00      0.8704    
   15.00      0.8486    
   16.00      0.8173    
   17.00      0.7752    
   18.00      0.7238    
   19.00      0.6664    
   20.00      0.6075    
   21.00      0.5518    
   22.00      0.5029    
   23.00      0.4636    
   24.00      0.4347    
   25.00      0.4158    
   26.00      0.4051    
   27.00      0.3999    
   28.00      0.3972    
   29.00      0.3941    
   30.00      0.3882    
   31.00      0.3777    
   32.00      0.3620    
   33.00      0.3412    
   34.00      0.3163    
   35.00      0.2889    
   36.00      0.2608    
   37.00      0.2340    
   38.00      0.2104    
   39.00      0.1911    
   40.00      0.1770    
   41.00      0.1682    
   42.00      0.1644    
   43.00      0.1646    
   44.00      0.1677    
   45.00      0.1721    
   46.00      0.1765    
   47.00      0.1796    
   48.00      0.1803    
   49.00      0.1779    
   50.00      0.1722    
   51.00      0.1633    
   52.00      0.1516    
   53.00      0.1378    
   54.00      0.1229    
   55.00      0.1077    
   56.00      0.9318E-01
   57.00      0.8011E-01
   58.00      0.6912E-01
   59.00      0.6059E-01
   60.00      0.5467E-01
   61.00      0.5129E-01
   62.00      0.5018E-01
   63.00      0.5093E-01
   64.00      0.5301E-01
   65.00      0.5587E-01
   66.00      0.5895E-01
   67.00      0.6177E-01
   68.00      0.6392E-01
   69.00      0.6510E-01
   70.00      0.6515E-01
   71.00      0.6402E-01
   72.00      0.6176E-01
   73.00      0.5853E-01
   74.00      0.5453E-01
   75.00      0.5000E-01
   76.00      0.4522E-01
   77.00      0.4042E-01
   78.00      0.3583E-01
   79.00      0.3163E-01
   80.00      0.2793E-01
 END
@legend string   1 "Partition=  2 Excit=  1 near/far= 1"
#legend string   0 "Lab energy =   21.0000"
@s1 linestyle   2
#  Theta       sigma       iT11        T20         T21         T22         Kyy for projectile
   0.000       58.21    
   1.000       57.42    
   2.000       55.13    
   3.000       51.49    
   4.000       46.74    
   5.000       41.19    
   6.000       35.21    
   7.000       29.14    
   8.000       23.31    
   9.000       18.03    
   10.00       13.50    
   11.00       9.858    
   12.00       7.163    
   13.00       5.387    
   14.00       4.435    
   15.00       4.164    
   16.00       4.403    
   17.00       4.968    
   18.00       5.687    
   19.00       6.409    
   20.00       7.018    
   21.00       7.435    
   22.00       7.618    
   23.00       7.562    
   24.00       7.289    
   25.00       6.841    
   26.00       6.272    
   27.00       5.641    
   28.00       5.001    
   29.00       4.399    
   30.00       3.871    
   31.00       3.438    
   32.00       3.110    
   33.00       2.885    
   34.00       2.753    
   35.00       2.697    
   36.00       2.695    
   37.00       2.726    
   38.00       2.767    
   39.00       2.802    
   40.00       2.816    
   41.00       2.797    
   42.00       2.740    
   43.00       2.645    
   44.00       2.512    
   45.00       2.347    
   46.00       2.157    
   47.00       1.951    
   48.00       1.736    
   49.00       1.522    
   50.00       1.317    
   51.00       1.126    
   52.00      0.9551    
   53.00      0.8077    
   54.00      0.6860    
   55.00      0.5908    
   56.00      0.5216    
   57.00      0.4767    
   58.00      0.4537    
   59.00      0.4498    
   60.00      0.4614    
   61.00      0.4850    
   62.00      0.5171    
   63.00      0.5540    
   64.00      0.5928    
   65.00      0.6304    
   66.00      0.6644    
   67.00      0.6928    
   68.00      0.7141    
   69.00      0.7271    
   70.00      0.7312    
   71.00      0.7263    
   72.00      0.7123    
   73.00      0.6898    
   74.00      0.6595    
   75.00      0.6225    
   76.00      0.5800    
   77.00      0.5331    
   78.00      0.4833    
   79.00      0.4320    
   80.00      0.3805    
 END
