     0.0   1.503      1
     0.0   3.005     -1
     1.0   13.49      1
     1.0   27.00     -1
     2.0   29.97      1
     2.0   59.98     -1
     3.0   41.96      1
     3.0   83.97     -1
     4.0   53.90      1
     4.0   107.9     -1
     5.0   65.81      1
     5.0   131.4     -1
     6.0   76.23      1
     6.0   153.3     -1
     7.0   86.17      1
     7.0   169.7     -1
     8.0   84.78      1
     8.0   173.3     -1
     9.0   80.43      1
     9.0   158.8     -1
    10.0   63.98      1
    10.0   128.3     -1
    11.0   42.90      1
    11.0   89.91     -1
    12.0   30.45      1
    12.0   55.49     -1
    13.0   13.92      1
    13.0   31.42     -1
    14.0   9.601      1
    14.0   17.22     -1
    15.0   4.142      1
    15.0   9.344     -1
    16.0   2.802      1
    16.0   5.039     -1
    17.0   1.201      1
    17.0   2.703     -1
    18.0  0.8013      1
    18.0   1.443     -1
    19.0  0.3409      1
    19.0  0.7666     -1
    20.0  0.2253      1
    20.0  0.4058     -1
    21.0  0.9519E-01  1
    21.0  0.2140     -1
    22.0  0.6241E-01  1
    22.0  0.1124     -1
    23.0  0.2621E-01  1
    23.0  0.5891E-01 -1
    24.0  0.1708E-01  1
    24.0  0.3078E-01 -1
    25.0  0.7139E-02  1
    25.0  0.1604E-01 -1
    26.0  0.4628E-02  1
    26.0  0.8339E-02 -1
    27.0  0.1925E-02  1
    27.0  0.4326E-02 -1
    28.0  0.1243E-02  1
    28.0  0.2240E-02 -1
    29.0  0.5153E-03  1
    29.0  0.1157E-02 -1
    30.0  0.3311E-03  1
    30.0  0.5969E-03 -1
