#  81 angles,  1 tensor ranks for 0=projectile
@subtitle   "39K(3He,d)40Ca 21 MeV DWBA ZR 9669 keV Jpi=3- l=1 n=3 j=3/2"                   
@legend ON
@legend x1 0.2
@legend y1 0.8
@g0 type LOGY
@yaxis ticklabel format power
@legend string   0 "Lab energy =   21.0000"
#legend string   0 "Partition=  2 Excit=  1 near/far= 1"
#  Theta       sigma       iT11        T20         T21         T22         Kyy for projectile
   0.000       33.04    
   1.000       32.94    
   2.000       32.66    
   3.000       32.17    
   4.000       31.47    
   5.000       30.54    
   6.000       29.39    
   7.000       28.01    
   8.000       26.42    
   9.000       24.64    
   10.00       22.72    
   11.00       20.70    
   12.00       18.64    
   13.00       16.61    
   14.00       14.66    
   15.00       12.86    
   16.00       11.24    
   17.00       9.838    
   18.00       8.677    
   19.00       7.756    
   20.00       7.065    
   21.00       6.578    
   22.00       6.263    
   23.00       6.077    
   24.00       5.980    
   25.00       5.929    
   26.00       5.887    
   27.00       5.823    
   28.00       5.714    
   29.00       5.547    
   30.00       5.316    
   31.00       5.024    
   32.00       4.680    
   33.00       4.297    
   34.00       3.891    
   35.00       3.479    
   36.00       3.078    
   37.00       2.702    
   38.00       2.363    
   39.00       2.070    
   40.00       1.829    
   41.00       1.640    
   42.00       1.503    
   43.00       1.412    
   44.00       1.362    
   45.00       1.345    
   46.00       1.353    
   47.00       1.378    
   48.00       1.410    
   49.00       1.444    
   50.00       1.473    
   51.00       1.493    
   52.00       1.500    
   53.00       1.492    
   54.00       1.468    
   55.00       1.429    
   56.00       1.376    
   57.00       1.311    
   58.00       1.236    
   59.00       1.153    
   60.00       1.066    
   61.00      0.9761    
   62.00      0.8865    
   63.00      0.7991    
   64.00      0.7156    
   65.00      0.6375    
   66.00      0.5658    
   67.00      0.5013    
   68.00      0.4442    
   69.00      0.3948    
   70.00      0.3528    
   71.00      0.3179    
   72.00      0.2896    
   73.00      0.2674    
   74.00      0.2505    
   75.00      0.2383    
   76.00      0.2300    
   77.00      0.2250    
   78.00      0.2224    
   79.00      0.2218    
   80.00      0.2225    
 END
