     0.0   1.497      1
     0.0   2.997     -1
     1.0   13.45      1
     1.0   26.97     -1
     2.0   29.94      1
     2.0   59.96     -1
     3.0   41.89      1
     3.0   83.90     -1
     4.0   53.82      1
     4.0   107.7     -1
     5.0   65.68      1
     5.0   131.2     -1
     6.0   76.08      1
     6.0   152.9     -1
     7.0   85.85      1
     7.0   169.1     -1
     8.0   84.41      1
     8.0   172.2     -1
     9.0   79.67      1
     9.0   157.9     -1
    10.0   64.09      1
    10.0   128.0     -1
    11.0   43.42      1
    11.0   90.36     -1
    12.0   30.33      1
    12.0   55.81     -1
    13.0   14.13      1
    13.0   31.57     -1
    14.0   9.575      1
    14.0   17.29     -1
    15.0   4.185      1
    15.0   9.378     -1
    16.0   2.799      1
    16.0   5.055     -1
    17.0   1.209      1
    17.0   2.710     -1
    18.0  0.8012      1
    18.0   1.446     -1
    19.0  0.3427      1
    19.0  0.7684     -1
    20.0  0.2253      1
    20.0  0.4066     -1
    21.0  0.9553E-01  1
    21.0  0.2143     -1
    22.0  0.6244E-01  1
    22.0  0.1126     -1
    23.0  0.2628E-01  1
    23.0  0.5900E-01 -1
    24.0  0.1709E-01  1
    24.0  0.3082E-01 -1
    25.0  0.7153E-02  1
    25.0  0.1606E-01 -1
    26.0  0.4630E-02  1
    26.0  0.8348E-02 -1
    27.0  0.1929E-02  1
    27.0  0.4330E-02 -1
    28.0  0.1243E-02  1
    28.0  0.2242E-02 -1
    29.0  0.5159E-03  1
    29.0  0.1158E-02 -1
    30.0  0.3312E-03  1
    30.0  0.5973E-03 -1
