#  81 angles,  1 tensor ranks for 0=projectile
@subtitle   "39K(3He,d)40Ca 21 MeV DWBA ZR 8551 keV Jpi=5- l=3 n=2 j=7/2"                   
@legend ON
@legend x1 0.2
@legend y1 0.8
@g0 type LOGY
@yaxis ticklabel format power
@legend string   0 "Lab energy =   21.0000"
#legend string   0 "Partition=  2 Excit=  1 near/far= 1"
#  Theta       sigma       iT11        T20         T21         T22         Kyy for projectile
   0.000       20.63    
   1.000       20.67    
   2.000       20.78    
   3.000       20.96    
   4.000       21.20    
   5.000       21.48    
   6.000       21.79    
   7.000       22.10    
   8.000       22.41    
   9.000       22.69    
   10.00       22.92    
   11.00       23.08    
   12.00       23.16    
   13.00       23.14    
   14.00       23.01    
   15.00       22.75    
   16.00       22.34    
   17.00       21.80    
   18.00       21.10    
   19.00       20.27    
   20.00       19.31    
   21.00       18.23    
   22.00       17.07    
   23.00       15.84    
   24.00       14.57    
   25.00       13.28    
   26.00       12.00    
   27.00       10.76    
   28.00       9.576    
   29.00       8.472    
   30.00       7.465    
   31.00       6.568    
   32.00       5.789    
   33.00       5.129    
   34.00       4.586    
   35.00       4.153    
   36.00       3.817    
   37.00       3.565    
   38.00       3.383    
   39.00       3.253    
   40.00       3.162    
   41.00       3.094    
   42.00       3.037    
   43.00       2.980    
   44.00       2.915    
   45.00       2.833    
   46.00       2.733    
   47.00       2.611    
   48.00       2.470    
   49.00       2.311    
   50.00       2.138    
   51.00       1.957    
   52.00       1.773    
   53.00       1.590    
   54.00       1.413    
   55.00       1.248    
   56.00       1.096    
   57.00      0.9603    
   58.00      0.8428    
   59.00      0.7438    
   60.00      0.6633    
   61.00      0.6002    
   62.00      0.5529    
   63.00      0.5191    
   64.00      0.4963    
   65.00      0.4820    
   66.00      0.4737    
   67.00      0.4689    
   68.00      0.4658    
   69.00      0.4628    
   70.00      0.4585    
   71.00      0.4521    
   72.00      0.4430    
   73.00      0.4309    
   74.00      0.4160    
   75.00      0.3984    
   76.00      0.3788    
   77.00      0.3577    
   78.00      0.3361    
   79.00      0.3147    
   80.00      0.2943    
 END
