#  81 angles,  1 tensor ranks for 0=projectile
@subtitle   "39K(3He,d)40Ca 21 MeV DWBA ZR 8851 keV Jpi=8- l=9 n=1 j=19/2"                  
@legend ON
@legend x1 0.2
@legend y1 0.8
@g0 type LOGY
@yaxis ticklabel format power
@legend string   0 "Lab energy =   21.0000"
#legend string   0 "Partition=  2 Excit=  1 near/far= 1"
#  Theta       sigma       iT11        T20         T21         T22         Kyy for projectile
   0.000      0.3030E+05
   1.000      0.3018E+05
   2.000      0.2984E+05
   3.000      0.2927E+05
   4.000      0.2848E+05
   5.000      0.2748E+05
   6.000      0.2627E+05
   7.000      0.2489E+05
   8.000      0.2337E+05
   9.000      0.2173E+05
   10.00      0.2004E+05
   11.00      0.1832E+05
   12.00      0.1664E+05
   13.00      0.1502E+05
   14.00      0.1352E+05
   15.00      0.1214E+05
   16.00      0.1090E+05
   17.00       9820.    
   18.00       8881.    
   19.00       8076.    
   20.00       7391.    
   21.00       6809.    
   22.00       6316.    
   23.00       5896.    
   24.00       5539.    
   25.00       5234.    
   26.00       4976.    
   27.00       4760.    
   28.00       4580.    
   29.00       4433.    
   30.00       4315.    
   31.00       4223.    
   32.00       4154.    
   33.00       4104.    
   34.00       4069.    
   35.00       4049.    
   36.00       4039.    
   37.00       4040.    
   38.00       4049.    
   39.00       4065.    
   40.00       4086.    
   41.00       4113.    
   42.00       4141.    
   43.00       4171.    
   44.00       4200.    
   45.00       4227.    
   46.00       4249.    
   47.00       4268.    
   48.00       4280.    
   49.00       4288.    
   50.00       4290.    
   51.00       4287.    
   52.00       4281.    
   53.00       4272.    
   54.00       4261.    
   55.00       4248.    
   56.00       4233.    
   57.00       4216.    
   58.00       4197.    
   59.00       4176.    
   60.00       4153.    
   61.00       4127.    
   62.00       4100.    
   63.00       4071.    
   64.00       4042.    
   65.00       4013.    
   66.00       3986.    
   67.00       3962.    
   68.00       3941.    
   69.00       3924.    
   70.00       3911.    
   71.00       3901.    
   72.00       3894.    
   73.00       3888.    
   74.00       3882.    
   75.00       3877.    
   76.00       3870.    
   77.00       3862.    
   78.00       3852.    
   79.00       3842.    
   80.00       3831.    
 END
