#  81 angles,  1 tensor ranks for 0=projectile
@subtitle   "39K(3He,d)40Ca 21 MeV DWBA ZR 7623 keV Jpi=3- l=3 n=1 j=7/2"                   
@legend ON
@legend x1 0.2
@legend y1 0.8
@g0 type LOGY
@yaxis ticklabel format power
@xaxis label "Scattering angle (degrees)"
@yaxis label "Cross section (mb/sr)"
@legend string   0 "Partition=  1 Excit=  1 near/far= 1"
#legend string   0 "Lab energy =   21.0000"
@s0 linestyle   1
#  Theta       sigma       iT11        T20         T21         T22         Kyy for projectile
  0.1000E-01   1.000    
   1.000      0.9997    
   2.000       1.001    
   3.000      0.9801    
   4.000      0.9937    
   5.000       1.036    
   6.000       1.069    
   7.000       1.070    
   8.000       1.043    
   9.000       1.001    
   10.00      0.9589    
   11.00      0.9259    
   12.00      0.9030    
   13.00      0.8865    
   14.00      0.8704    
   15.00      0.8486    
   16.00      0.8173    
   17.00      0.7752    
   18.00      0.7238    
   19.00      0.6664    
   20.00      0.6075    
   21.00      0.5518    
   22.00      0.5029    
   23.00      0.4636    
   24.00      0.4347    
   25.00      0.4158    
   26.00      0.4051    
   27.00      0.3999    
   28.00      0.3972    
   29.00      0.3941    
   30.00      0.3882    
   31.00      0.3777    
   32.00      0.3620    
   33.00      0.3412    
   34.00      0.3163    
   35.00      0.2889    
   36.00      0.2608    
   37.00      0.2340    
   38.00      0.2104    
   39.00      0.1911    
   40.00      0.1770    
   41.00      0.1682    
   42.00      0.1644    
   43.00      0.1646    
   44.00      0.1677    
   45.00      0.1721    
   46.00      0.1765    
   47.00      0.1796    
   48.00      0.1803    
   49.00      0.1779    
   50.00      0.1722    
   51.00      0.1633    
   52.00      0.1516    
   53.00      0.1378    
   54.00      0.1229    
   55.00      0.1077    
   56.00      0.9318E-01
   57.00      0.8011E-01
   58.00      0.6912E-01
   59.00      0.6059E-01
   60.00      0.5467E-01
   61.00      0.5129E-01
   62.00      0.5018E-01
   63.00      0.5093E-01
   64.00      0.5301E-01
   65.00      0.5587E-01
   66.00      0.5895E-01
   67.00      0.6177E-01
   68.00      0.6392E-01
   69.00      0.6510E-01
   70.00      0.6515E-01
   71.00      0.6402E-01
   72.00      0.6176E-01
   73.00      0.5853E-01
   74.00      0.5453E-01
   75.00      0.5000E-01
   76.00      0.4522E-01
   77.00      0.4042E-01
   78.00      0.3583E-01
   79.00      0.3163E-01
   80.00      0.2793E-01
 END
@legend string   1 "Partition=  2 Excit=  1 near/far= 1"
#legend string   0 "Lab energy =   21.0000"
@s1 linestyle   2
#  Theta       sigma       iT11        T20         T21         T22         Kyy for projectile
   0.000       4.009    
   1.000       4.015    
   2.000       4.033    
   3.000       4.063    
   4.000       4.104    
   5.000       4.155    
   6.000       4.217    
   7.000       4.287    
   8.000       4.364    
   9.000       4.448    
   10.00       4.535    
   11.00       4.622    
   12.00       4.706    
   13.00       4.780    
   14.00       4.838    
   15.00       4.875    
   16.00       4.885    
   17.00       4.862    
   18.00       4.803    
   19.00       4.705    
   20.00       4.567    
   21.00       4.391    
   22.00       4.179    
   23.00       3.935    
   24.00       3.666    
   25.00       3.377    
   26.00       3.075    
   27.00       2.769    
   28.00       2.467    
   29.00       2.175    
   30.00       1.902    
   31.00       1.653    
   32.00       1.432    
   33.00       1.242    
   34.00       1.085    
   35.00      0.9582    
   36.00      0.8609    
   37.00      0.7891    
   38.00      0.7389    
   39.00      0.7057    
   40.00      0.6851    
   41.00      0.6731    
   42.00      0.6657    
   43.00      0.6599    
   44.00      0.6529    
   45.00      0.6428    
   46.00      0.6280    
   47.00      0.6078    
   48.00      0.5820    
   49.00      0.5508    
   50.00      0.5152    
   51.00      0.4762    
   52.00      0.4352    
   53.00      0.3937    
   54.00      0.3530    
   55.00      0.3144    
   56.00      0.2787    
   57.00      0.2467    
   58.00      0.2187    
   59.00      0.1947    
   60.00      0.1748    
   61.00      0.1586    
   62.00      0.1457    
   63.00      0.1355    
   64.00      0.1276    
   65.00      0.1214    
   66.00      0.1164    
   67.00      0.1123    
   68.00      0.1086    
   69.00      0.1050    
   70.00      0.1015    
   71.00      0.9773E-01
   72.00      0.9381E-01
   73.00      0.8973E-01
   74.00      0.8557E-01
   75.00      0.8143E-01
   76.00      0.7746E-01
   77.00      0.7379E-01
   78.00      0.7055E-01
   79.00      0.6784E-01
   80.00      0.6573E-01
 END
