#  81 angles,  1 tensor ranks for 0=projectile
@subtitle   "39K(3He,d)40Ca 21 MeV DWBA ZR 7623 keV Jpi=3- l=3 n=1 j=7/2"                   
@legend ON
@legend x1 0.2
@legend y1 0.8
@g0 type LOGY
@yaxis ticklabel format power
@legend string   0 "Lab energy =   21.0000"
#legend string   0 "Partition=  2 Excit=  1 near/far= 1"
#  Theta       sigma       iT11        T20         T21         T22         Kyy for projectile
   0.000       4.009    
   1.000       4.015    
   2.000       4.033    
   3.000       4.063    
   4.000       4.104    
   5.000       4.155    
   6.000       4.217    
   7.000       4.287    
   8.000       4.364    
   9.000       4.448    
   10.00       4.535    
   11.00       4.622    
   12.00       4.706    
   13.00       4.780    
   14.00       4.838    
   15.00       4.875    
   16.00       4.885    
   17.00       4.862    
   18.00       4.803    
   19.00       4.705    
   20.00       4.567    
   21.00       4.391    
   22.00       4.179    
   23.00       3.935    
   24.00       3.666    
   25.00       3.377    
   26.00       3.075    
   27.00       2.769    
   28.00       2.467    
   29.00       2.175    
   30.00       1.902    
   31.00       1.653    
   32.00       1.432    
   33.00       1.242    
   34.00       1.085    
   35.00      0.9582    
   36.00      0.8609    
   37.00      0.7891    
   38.00      0.7389    
   39.00      0.7057    
   40.00      0.6851    
   41.00      0.6731    
   42.00      0.6657    
   43.00      0.6599    
   44.00      0.6529    
   45.00      0.6428    
   46.00      0.6280    
   47.00      0.6078    
   48.00      0.5820    
   49.00      0.5508    
   50.00      0.5152    
   51.00      0.4762    
   52.00      0.4352    
   53.00      0.3937    
   54.00      0.3530    
   55.00      0.3144    
   56.00      0.2787    
   57.00      0.2467    
   58.00      0.2187    
   59.00      0.1947    
   60.00      0.1748    
   61.00      0.1586    
   62.00      0.1457    
   63.00      0.1355    
   64.00      0.1276    
   65.00      0.1214    
   66.00      0.1164    
   67.00      0.1123    
   68.00      0.1086    
   69.00      0.1050    
   70.00      0.1015    
   71.00      0.9773E-01
   72.00      0.9381E-01
   73.00      0.8973E-01
   74.00      0.8557E-01
   75.00      0.8143E-01
   76.00      0.7746E-01
   77.00      0.7379E-01
   78.00      0.7055E-01
   79.00      0.6784E-01
   80.00      0.6573E-01
 END
