     0.0   1.503      1
     0.0   3.006     -1
     1.0   13.52      1
     1.0   27.05     -1
     2.0   30.04      1
     2.0   60.09     -1
     3.0   42.04      1
     3.0   84.09     -1
     4.0   53.97      1
     4.0   108.0     -1
     5.0   65.86      1
     5.0   131.5     -1
     6.0   76.27      1
     6.0   153.4     -1
     7.0   86.30      1
     7.0   169.8     -1
     8.0   85.05      1
     8.0   173.7     -1
     9.0   80.80      1
     9.0   159.8     -1
    10.0   64.93      1
    10.0   129.9     -1
    11.0   44.07      1
    11.0   91.69     -1
    12.0   30.73      1
    12.0   56.51     -1
    13.0   14.26      1
    13.0   31.87     -1
    14.0   9.651      1
    14.0   17.42     -1
    15.0   4.203      1
    15.0   9.426     -1
    16.0   2.810      1
    16.0   5.073     -1
    17.0   1.212      1
    17.0   2.717     -1
    18.0  0.8027      1
    18.0   1.449     -1
    19.0  0.3429      1
    19.0  0.7691     -1
    20.0  0.2255      1
    20.0  0.4068     -1
    21.0  0.9553E-01  1
    21.0  0.2144     -1
    22.0  0.6245E-01  1
    22.0  0.1126     -1
    23.0  0.2628E-01  1
    23.0  0.5899E-01 -1
    24.0  0.1709E-01  1
    24.0  0.3081E-01 -1
    25.0  0.7146E-02  1
    25.0  0.1605E-01 -1
    26.0  0.4626E-02  1
    26.0  0.8338E-02 -1
    27.0  0.1924E-02  1
    27.0  0.4322E-02 -1
    28.0  0.1241E-02  1
    28.0  0.2236E-02 -1
    29.0  0.5141E-03  1
    29.0  0.1154E-02 -1
    30.0  0.3291E-03  1
    30.0  0.5932E-03 -1
