#  81 angles,  1 tensor ranks for 0=projectile
@subtitle   "39K(3He,d)40Ca 21 MeV DWBA ZR 9227.43 keV Jpi=1- l=1 n=3 j=1/2"                
@legend ON
@legend x1 0.2
@legend y1 0.8
@g0 type LOGY
@yaxis ticklabel format power
@xaxis label "Scattering angle (degrees)"
@yaxis label "Cross section (mb/sr)"
@legend string   0 "Partition=  1 Excit=  1 near/far= 1"
#legend string   0 "Lab energy =   21.0000"
@s0 linestyle   1
#  Theta       sigma       iT11        T20         T21         T22         Kyy for projectile
  0.1000E-01   1.000    
   1.000      0.9997    
   2.000       1.001    
   3.000      0.9801    
   4.000      0.9937    
   5.000       1.036    
   6.000       1.069    
   7.000       1.070    
   8.000       1.043    
   9.000       1.001    
   10.00      0.9589    
   11.00      0.9259    
   12.00      0.9030    
   13.00      0.8865    
   14.00      0.8704    
   15.00      0.8486    
   16.00      0.8173    
   17.00      0.7752    
   18.00      0.7238    
   19.00      0.6664    
   20.00      0.6075    
   21.00      0.5518    
   22.00      0.5029    
   23.00      0.4636    
   24.00      0.4347    
   25.00      0.4158    
   26.00      0.4051    
   27.00      0.3999    
   28.00      0.3972    
   29.00      0.3941    
   30.00      0.3882    
   31.00      0.3777    
   32.00      0.3620    
   33.00      0.3412    
   34.00      0.3163    
   35.00      0.2889    
   36.00      0.2608    
   37.00      0.2340    
   38.00      0.2104    
   39.00      0.1911    
   40.00      0.1770    
   41.00      0.1682    
   42.00      0.1644    
   43.00      0.1646    
   44.00      0.1677    
   45.00      0.1721    
   46.00      0.1765    
   47.00      0.1796    
   48.00      0.1803    
   49.00      0.1779    
   50.00      0.1722    
   51.00      0.1633    
   52.00      0.1516    
   53.00      0.1378    
   54.00      0.1229    
   55.00      0.1077    
   56.00      0.9318E-01
   57.00      0.8011E-01
   58.00      0.6912E-01
   59.00      0.6059E-01
   60.00      0.5467E-01
   61.00      0.5129E-01
   62.00      0.5018E-01
   63.00      0.5093E-01
   64.00      0.5301E-01
   65.00      0.5587E-01
   66.00      0.5895E-01
   67.00      0.6177E-01
   68.00      0.6392E-01
   69.00      0.6510E-01
   70.00      0.6515E-01
   71.00      0.6402E-01
   72.00      0.6176E-01
   73.00      0.5853E-01
   74.00      0.5453E-01
   75.00      0.5000E-01
   76.00      0.4522E-01
   77.00      0.4042E-01
   78.00      0.3583E-01
   79.00      0.3163E-01
   80.00      0.2793E-01
 END
@legend string   1 "Partition=  2 Excit=  1 near/far= 1"
#legend string   0 "Lab energy =   21.0000"
@s1 linestyle   2
#  Theta       sigma       iT11        T20         T21         T22         Kyy for projectile
   0.000       20.18    
   1.000       20.12    
   2.000       19.92    
   3.000       19.59    
   4.000       19.12    
   5.000       18.50    
   6.000       17.73    
   7.000       16.82    
   8.000       15.77    
   9.000       14.60    
   10.00       13.34    
   11.00       12.01    
   12.00       10.65    
   13.00       9.318    
   14.00       8.044    
   15.00       6.868    
   16.00       5.822    
   17.00       4.928    
   18.00       4.199    
   19.00       3.636    
   20.00       3.229    
   21.00       2.962    
   22.00       2.811    
   23.00       2.750    
   24.00       2.751    
   25.00       2.786    
   26.00       2.831    
   27.00       2.865    
   28.00       2.873    
   29.00       2.845    
   30.00       2.777    
   31.00       2.669    
   32.00       2.525    
   33.00       2.353    
   34.00       2.162    
   35.00       1.960    
   36.00       1.758    
   37.00       1.564    
   38.00       1.383    
   39.00       1.222    
   40.00       1.082    
   41.00      0.9653    
   42.00      0.8712    
   43.00      0.7978    
   44.00      0.7424    
   45.00      0.7017    
   46.00      0.6721    
   47.00      0.6503    
   48.00      0.6331    
   49.00      0.6178    
   50.00      0.6024    
   51.00      0.5856    
   52.00      0.5666    
   53.00      0.5452    
   54.00      0.5216    
   55.00      0.4962    
   56.00      0.4699    
   57.00      0.4433    
   58.00      0.4174    
   59.00      0.3928    
   60.00      0.3701    
   61.00      0.3496    
   62.00      0.3316    
   63.00      0.3160    
   64.00      0.3027    
   65.00      0.2913    
   66.00      0.2814    
   67.00      0.2726    
   68.00      0.2642    
   69.00      0.2560    
   70.00      0.2474    
   71.00      0.2381    
   72.00      0.2279    
   73.00      0.2167    
   74.00      0.2044    
   75.00      0.1912    
   76.00      0.1771    
   77.00      0.1624    
   78.00      0.1475    
   79.00      0.1326    
   80.00      0.1180    
 END
