     0.0   1.503      1
     0.0   3.005     -1
     1.0   13.52      1
     1.0   27.05     -1
     2.0   30.04      1
     2.0   60.09     -1
     3.0   42.03      1
     3.0   84.08     -1
     4.0   53.92      1
     4.0   108.0     -1
     5.0   65.72      1
     5.0   131.3     -1
     6.0   76.02      1
     6.0   152.9     -1
     7.0   85.68      1
     7.0   168.9     -1
     8.0   84.69      1
     8.0   172.8     -1
     9.0   80.68      1
     9.0   159.3     -1
    10.0   64.95      1
    10.0   129.9     -1
    11.0   44.11      1
    11.0   91.81     -1
    12.0   30.80      1
    12.0   56.60     -1
    13.0   14.28      1
    13.0   31.93     -1
    14.0   9.667      1
    14.0   17.45     -1
    15.0   4.209      1
    15.0   9.439     -1
    16.0   2.814      1
    16.0   5.079     -1
    17.0   1.213      1
    17.0   2.720     -1
    18.0  0.8036      1
    18.0   1.450     -1
    19.0  0.3432      1
    19.0  0.7699     -1
    20.0  0.2257      1
    20.0  0.4072     -1
    21.0  0.9562E-01  1
    21.0  0.2146     -1
    22.0  0.6250E-01  1
    22.0  0.1127     -1
    23.0  0.2630E-01  1
    23.0  0.5903E-01 -1
    24.0  0.1710E-01  1
    24.0  0.3083E-01 -1
    25.0  0.7155E-02  1
    25.0  0.1606E-01 -1
    26.0  0.4631E-02  1
    26.0  0.8350E-02 -1
    27.0  0.1929E-02  1
    27.0  0.4331E-02 -1
    28.0  0.1243E-02  1
    28.0  0.2242E-02 -1
    29.0  0.5160E-03  1
    29.0  0.1158E-02 -1
    30.0  0.3313E-03  1
    30.0  0.5975E-03 -1
