#  81 angles,  1 tensor ranks for 0=projectile
@subtitle   "39K(3He,d)40Ca 21 MeV DWBA ZR 8188 keV Jpi=3- l=3 n=1 j=7/2"                   
@legend ON
@legend x1 0.2
@legend y1 0.8
@g0 type LOGY
@yaxis ticklabel format power
@legend string   0 "Lab energy =   21.0000"
#legend string   0 "Partition=  2 Excit=  1 near/far= 1"
#  Theta       sigma       iT11        T20         T21         T22         Kyy for projectile
   0.000       4.905    
   1.000       4.912    
   2.000       4.931    
   3.000       4.963    
   4.000       5.008    
   5.000       5.062    
   6.000       5.126    
   7.000       5.196    
   8.000       5.269    
   9.000       5.343    
   10.00       5.413    
   11.00       5.475    
   12.00       5.526    
   13.00       5.560    
   14.00       5.573    
   15.00       5.562    
   16.00       5.521    
   17.00       5.447    
   18.00       5.337    
   19.00       5.189    
   20.00       5.002    
   21.00       4.777    
   22.00       4.519    
   23.00       4.233    
   24.00       3.924    
   25.00       3.602    
   26.00       3.273    
   27.00       2.947    
   28.00       2.631    
   29.00       2.332    
   30.00       2.054    
   31.00       1.802    
   32.00       1.579    
   33.00       1.386    
   34.00       1.224    
   35.00       1.093    
   36.00      0.9897    
   37.00      0.9117    
   38.00      0.8550    
   39.00      0.8156    
   40.00      0.7889    
   41.00      0.7706    
   42.00      0.7568    
   43.00      0.7444    
   44.00      0.7307    
   45.00      0.7139    
   46.00      0.6929    
   47.00      0.6672    
   48.00      0.6366    
   49.00      0.6017    
   50.00      0.5630    
   51.00      0.5215    
   52.00      0.4783    
   53.00      0.4345    
   54.00      0.3914    
   55.00      0.3500    
   56.00      0.3114    
   57.00      0.2762    
   58.00      0.2449    
   59.00      0.2177    
   60.00      0.1946    
   61.00      0.1754    
   62.00      0.1598    
   63.00      0.1471    
   64.00      0.1371    
   65.00      0.1291    
   66.00      0.1227    
   67.00      0.1175    
   68.00      0.1131    
   69.00      0.1091    
   70.00      0.1052    
   71.00      0.1014    
   72.00      0.9750E-01
   73.00      0.9345E-01
   74.00      0.8929E-01
   75.00      0.8510E-01
   76.00      0.8101E-01
   77.00      0.7713E-01
   78.00      0.7360E-01
   79.00      0.7054E-01
   80.00      0.6801E-01
 END
