#  81 angles,  1 tensor ranks for 0=projectile
@subtitle   "39K(3He,d)40Ca 21 MeV DWBA ZR 6931 keV Jpi=3- l=3 n=1 j=7/2"                   
@legend ON
@legend x1 0.2
@legend y1 0.8
@g0 type LOGY
@yaxis ticklabel format power
@legend string   0 "Lab energy =   21.0000"
#legend string   0 "Partition=  2 Excit=  1 near/far= 1"
#  Theta       sigma       iT11        T20         T21         T22         Kyy for projectile
   0.000       3.056    
   1.000       3.060    
   2.000       3.074    
   3.000       3.096    
   4.000       3.128    
   5.000       3.169    
   6.000       3.221    
   7.000       3.283    
   8.000       3.356    
   9.000       3.440    
   10.00       3.533    
   11.00       3.634    
   12.00       3.739    
   13.00       3.844    
   14.00       3.942    
   15.00       4.027    
   16.00       4.092    
   17.00       4.130    
   18.00       4.134    
   19.00       4.101    
   20.00       4.026    
   21.00       3.910    
   22.00       3.752    
   23.00       3.557    
   24.00       3.329    
   25.00       3.076    
   26.00       2.803    
   27.00       2.521    
   28.00       2.238    
   29.00       1.962    
   30.00       1.701    
   31.00       1.462    
   32.00       1.250    
   33.00       1.068    
   34.00      0.9176    
   35.00      0.7984    
   36.00      0.7084    
   37.00      0.6444    
   38.00      0.6024    
   39.00      0.5777    
   40.00      0.5659    
   41.00      0.5624    
   42.00      0.5632    
   43.00      0.5648    
   44.00      0.5645    
   45.00      0.5602    
   46.00      0.5505    
   47.00      0.5348    
   48.00      0.5131    
   49.00      0.4859    
   50.00      0.4542    
   51.00      0.4192    
   52.00      0.3824    
   53.00      0.3452    
   54.00      0.3090    
   55.00      0.2748    
   56.00      0.2436    
   57.00      0.2159    
   58.00      0.1921    
   59.00      0.1721    
   60.00      0.1559    
   61.00      0.1429    
   62.00      0.1329    
   63.00      0.1253    
   64.00      0.1194    
   65.00      0.1149    
   66.00      0.1112    
   67.00      0.1079    
   68.00      0.1047    
   69.00      0.1014    
   70.00      0.9786E-01
   71.00      0.9401E-01
   72.00      0.8991E-01
   73.00      0.8564E-01
   74.00      0.8135E-01
   75.00      0.7719E-01
   76.00      0.7332E-01
   77.00      0.6988E-01
   78.00      0.6701E-01
   79.00      0.6479E-01
   80.00      0.6328E-01
 END
