#  81 angles,  1 tensor ranks for 0=projectile
@subtitle   "39K(3He,d)40Ca 21 MeV DWBA ZR 9662 keV Jpi=3- l=3 n=1 j=5/2"                   
@legend ON
@legend x1 0.2
@legend y1 0.8
@g0 type LOGY
@yaxis ticklabel format power
@legend string   0 "Lab energy =   21.0000"
#legend string   0 "Partition=  2 Excit=  1 near/far= 1"
#  Theta       sigma       iT11        T20         T21         T22         Kyy for projectile
   0.000       3.951    
   1.000       3.958    
   2.000       3.977    
   3.000       4.007    
   4.000       4.048    
   5.000       4.096    
   6.000       4.150    
   7.000       4.206    
   8.000       4.262    
   9.000       4.314    
   10.00       4.357    
   11.00       4.389    
   12.00       4.406    
   13.00       4.404    
   14.00       4.381    
   15.00       4.334    
   16.00       4.263    
   17.00       4.167    
   18.00       4.046    
   19.00       3.900    
   20.00       3.730    
   21.00       3.540    
   22.00       3.332    
   23.00       3.109    
   24.00       2.877    
   25.00       2.641    
   26.00       2.405    
   27.00       2.174    
   28.00       1.952    
   29.00       1.744    
   30.00       1.553    
   31.00       1.380    
   32.00       1.227    
   33.00       1.096    
   34.00      0.9853    
   35.00      0.8954    
   36.00      0.8244    
   37.00      0.7704    
   38.00      0.7309    
   39.00      0.7031    
   40.00      0.6843    
   41.00      0.6717    
   42.00      0.6627    
   43.00      0.6552    
   44.00      0.6472    
   45.00      0.6374    
   46.00      0.6245    
   47.00      0.6079    
   48.00      0.5873    
   49.00      0.5628    
   50.00      0.5346    
   51.00      0.5034    
   52.00      0.4699    
   53.00      0.4350    
   54.00      0.3994    
   55.00      0.3641    
   56.00      0.3299    
   57.00      0.2973    
   58.00      0.2670    
   59.00      0.2393    
   60.00      0.2144    
   61.00      0.1924    
   62.00      0.1735    
   63.00      0.1573    
   64.00      0.1438    
   65.00      0.1326    
   66.00      0.1234    
   67.00      0.1159    
   68.00      0.1098    
   69.00      0.1048    
   70.00      0.1007    
   71.00      0.9712E-01
   72.00      0.9394E-01
   73.00      0.9100E-01
   74.00      0.8819E-01
   75.00      0.8543E-01
   76.00      0.8268E-01
   77.00      0.7993E-01
   78.00      0.7721E-01
   79.00      0.7454E-01
   80.00      0.7196E-01
 END
