     0.0   1.502      1
     0.0   3.005     -1
     1.0   13.51      1
     1.0   27.03     -1
     2.0   29.98      1
     2.0   60.02     -1
     3.0   41.96      1
     3.0   83.97     -1
     4.0   53.79      1
     4.0   107.8     -1
     5.0   65.62      1
     5.0   131.1     -1
     6.0   75.67      1
     6.0   152.4     -1
     7.0   85.23      1
     7.0   167.9     -1
     8.0   83.64      1
     8.0   171.1     -1
     9.0   79.89      1
     9.0   157.4     -1
    10.0   63.89      1
    10.0   128.2     -1
    11.0   43.67      1
    11.0   90.63     -1
    12.0   30.36      1
    12.0   55.95     -1
    13.0   14.17      1
    13.0   31.61     -1
    14.0   9.571      1
    14.0   17.30     -1
    15.0   4.188      1
    15.0   9.375     -1
    16.0   2.795      1
    16.0   5.051     -1
    17.0   1.209      1
    17.0   2.708     -1
    18.0  0.8000      1
    18.0   1.445     -1
    19.0  0.3424      1
    19.0  0.7675     -1
    20.0  0.2250      1
    20.0  0.4061     -1
    21.0  0.9546E-01  1
    21.0  0.2141     -1
    22.0  0.6237E-01  1
    22.0  0.1125     -1
    23.0  0.2627E-01  1
    23.0  0.5895E-01 -1
    24.0  0.1708E-01  1
    24.0  0.3080E-01 -1
    25.0  0.7150E-02  1
    25.0  0.1605E-01 -1
    26.0  0.4628E-02  1
    26.0  0.8345E-02 -1
    27.0  0.1929E-02  1
    27.0  0.4329E-02 -1
    28.0  0.1243E-02  1
    28.0  0.2242E-02 -1
    29.0  0.5160E-03  1
    29.0  0.1158E-02 -1
    30.0  0.3313E-03  1
    30.0  0.5974E-03 -1
