#  81 angles,  1 tensor ranks for 0=projectile
@subtitle   "39K(3He,d)40Ca 21 MeV DWBA ZR 8484 keV Jpi=2- l=1 n=3 j=3/2"                   
@legend ON
@legend x1 0.2
@legend y1 0.8
@g0 type LOGY
@yaxis ticklabel format power
@legend string   0 "Lab energy =   21.0000"
#legend string   0 "Partition=  2 Excit=  1 near/far= 1"
#  Theta       sigma       iT11        T20         T21         T22         Kyy for projectile
   0.000       41.28    
   1.000       41.23    
   2.000       41.07    
   3.000       40.76    
   4.000       40.27    
   5.000       39.54    
   6.000       38.51    
   7.000       37.16    
   8.000       35.45    
   9.000       33.40    
   10.00       31.03    
   11.00       28.40    
   12.00       25.61    
   13.00       22.74    
   14.00       19.91    
   15.00       17.23    
   16.00       14.78    
   17.00       12.65    
   18.00       10.87    
   19.00       9.476    
   20.00       8.442    
   21.00       7.739    
   22.00       7.310    
   23.00       7.090    
   24.00       7.009    
   25.00       7.000    
   26.00       7.003    
   27.00       6.969    
   28.00       6.864    
   29.00       6.668    
   30.00       6.375    
   31.00       5.989    
   32.00       5.526    
   33.00       5.008    
   34.00       4.460    
   35.00       3.909    
   36.00       3.379    
   37.00       2.892    
   38.00       2.464    
   39.00       2.105    
   40.00       1.820    
   41.00       1.609    
   42.00       1.468    
   43.00       1.386    
   44.00       1.355    
   45.00       1.362    
   46.00       1.395    
   47.00       1.442    
   48.00       1.492    
   49.00       1.537    
   50.00       1.569    
   51.00       1.584    
   52.00       1.579    
   53.00       1.553    
   54.00       1.508    
   55.00       1.445    
   56.00       1.367    
   57.00       1.278    
   58.00       1.181    
   59.00       1.080    
   60.00      0.9781    
   61.00      0.8787    
   62.00      0.7840    
   63.00      0.6959    
   64.00      0.6159    
   65.00      0.5447    
   66.00      0.4826    
   67.00      0.4296    
   68.00      0.3851    
   69.00      0.3485    
   70.00      0.3190    
   71.00      0.2956    
   72.00      0.2774    
   73.00      0.2636    
   74.00      0.2533    
   75.00      0.2457    
   76.00      0.2401    
   77.00      0.2359    
   78.00      0.2326    
   79.00      0.2299    
   80.00      0.2273    
 END
