     0.0   1.503      1
     0.0   3.005     -1
     1.0   13.49      1
     1.0   27.00     -1
     2.0   29.97      1
     2.0   59.97     -1
     3.0   41.95      1
     3.0   83.96     -1
     4.0   53.89      1
     4.0   107.9     -1
     5.0   65.80      1
     5.0   131.4     -1
     6.0   76.21      1
     6.0   153.3     -1
     7.0   86.14      1
     7.0   169.7     -1
     8.0   84.76      1
     8.0   173.3     -1
     9.0   80.39      1
     9.0   158.8     -1
    10.0   63.88      1
    10.0   128.2     -1
    11.0   42.79      1
    11.0   89.66     -1
    12.0   30.36      1
    12.0   55.27     -1
    13.0   13.84      1
    13.0   31.29     -1
    14.0   9.578      1
    14.0   17.16     -1
    15.0   4.121      1
    15.0   9.312     -1
    16.0   2.796      1
    16.0   5.023     -1
    17.0   1.196      1
    17.0   2.695     -1
    18.0  0.8001      1
    18.0   1.439     -1
    19.0  0.3398      1
    19.0  0.7649     -1
    20.0  0.2250      1
    20.0  0.4049     -1
    21.0  0.9493E-01  1
    21.0  0.2136     -1
    22.0  0.6235E-01  1
    22.0  0.1123     -1
    23.0  0.2616E-01  1
    23.0  0.5883E-01 -1
    24.0  0.1707E-01  1
    24.0  0.3074E-01 -1
    25.0  0.7127E-02  1
    25.0  0.1602E-01 -1
    26.0  0.4625E-02  1
    26.0  0.8330E-02 -1
    27.0  0.1923E-02  1
    27.0  0.4322E-02 -1
    28.0  0.1242E-02  1
    28.0  0.2238E-02 -1
    29.0  0.5149E-03  1
    29.0  0.1157E-02 -1
    30.0  0.3310E-03  1
    30.0  0.5966E-03 -1
