#  81 angles,  1 tensor ranks for 0=projectile
@subtitle   "39K(3He,d)40Ca 21 MeV DWBA ZR 6285 keV Jpi=3- l=1 n=3 j=3/2"                   
@legend ON
@legend x1 0.2
@legend y1 0.8
@g0 type LOGY
@yaxis ticklabel format power
@legend string   0 "Lab energy =   21.0000"
#legend string   0 "Partition=  2 Excit=  1 near/far= 1"
#  Theta       sigma       iT11        T20         T21         T22         Kyy for projectile
   0.000       51.91    
   1.000       52.51    
   2.000       54.22    
   3.000       56.80    
   4.000       59.86    
   5.000       62.95    
   6.000       65.57    
   7.000       67.29    
   8.000       67.74    
   9.000       66.69    
   10.00       64.08    
   11.00       59.99    
   12.00       54.66    
   13.00       48.43    
   14.00       41.71    
   15.00       34.93    
   16.00       28.50    
   17.00       22.76    
   18.00       17.94    
   19.00       14.20    
   20.00       11.55    
   21.00       9.936    
   22.00       9.208    
   23.00       9.167    
   24.00       9.588    
   25.00       10.24    
   26.00       10.93    
   27.00       11.49    
   28.00       11.79    
   29.00       11.78    
   30.00       11.42    
   31.00       10.75    
   32.00       9.819    
   33.00       8.702    
   34.00       7.483    
   35.00       6.247    
   36.00       5.070    
   37.00       4.013    
   38.00       3.123    
   39.00       2.424    
   40.00       1.926    
   41.00       1.620    
   42.00       1.488    
   43.00       1.498    
   44.00       1.615    
   45.00       1.801    
   46.00       2.021    
   47.00       2.242    
   48.00       2.438    
   49.00       2.591    
   50.00       2.687    
   51.00       2.721    
   52.00       2.695    
   53.00       2.611    
   54.00       2.480    
   55.00       2.311    
   56.00       2.116    
   57.00       1.907    
   58.00       1.694    
   59.00       1.486    
   60.00       1.293    
   61.00       1.118    
   62.00      0.9664    
   63.00      0.8388    
   64.00      0.7352    
   65.00      0.6542    
   66.00      0.5931    
   67.00      0.5488    
   68.00      0.5179    
   69.00      0.4970    
   70.00      0.4832    
   71.00      0.4735    
   72.00      0.4659    
   73.00      0.4586    
   74.00      0.4504    
   75.00      0.4406    
   76.00      0.4287    
   77.00      0.4149    
   78.00      0.3995    
   79.00      0.3827    
   80.00      0.3653    
 END
