#  81 angles,  1 tensor ranks for 0=projectile
@subtitle   "39K(3He,d)40Ca 21 MeV DWBA ZR 9226.69 keV Jpi=2- l=1 n=2 j=3/2"                
@legend ON
@legend x1 0.2
@legend y1 0.8
@g0 type LOGY
@yaxis ticklabel format power
@legend string   0 "Lab energy =   21.0000"
#legend string   0 "Partition=  2 Excit=  1 near/far= 1"
#  Theta       sigma       iT11        T20         T21         T22         Kyy for projectile
   0.000       16.16    
   1.000       16.13    
   2.000       16.03    
   3.000       15.85    
   4.000       15.60    
   5.000       15.24    
   6.000       14.78    
   7.000       14.20    
   8.000       13.50    
   9.000       12.70    
   10.00       11.81    
   11.00       10.85    
   12.00       9.860    
   13.00       8.865    
   14.00       7.903    
   15.00       7.006    
   16.00       6.202    
   17.00       5.511    
   18.00       4.944    
   19.00       4.504    
   20.00       4.185    
   21.00       3.973    
   22.00       3.850    
   23.00       3.791    
   24.00       3.774    
   25.00       3.775    
   26.00       3.773    
   27.00       3.750    
   28.00       3.694    
   29.00       3.598    
   30.00       3.459    
   31.00       3.280    
   32.00       3.067    
   33.00       2.826    
   34.00       2.570    
   35.00       2.307    
   36.00       2.047    
   37.00       1.799    
   38.00       1.570    
   39.00       1.365    
   40.00       1.187    
   41.00       1.038    
   42.00      0.9161    
   43.00      0.8207    
   44.00      0.7485    
   45.00      0.6957    
   46.00      0.6586    
   47.00      0.6332    
   48.00      0.6158    
   49.00      0.6032    
   50.00      0.5929    
   51.00      0.5828    
   52.00      0.5716    
   53.00      0.5584    
   54.00      0.5432    
   55.00      0.5258    
   56.00      0.5068    
   57.00      0.4867    
   58.00      0.4662    
   59.00      0.4460    
   60.00      0.4267    
   61.00      0.4087    
   62.00      0.3924    
   63.00      0.3780    
   64.00      0.3654    
   65.00      0.3546    
   66.00      0.3453    
   67.00      0.3372    
   68.00      0.3298    
   69.00      0.3229    
   70.00      0.3161    
   71.00      0.3089    
   72.00      0.3012    
   73.00      0.2927    
   74.00      0.2832    
   75.00      0.2728    
   76.00      0.2613    
   77.00      0.2490    
   78.00      0.2358    
   79.00      0.2221    
   80.00      0.2080    
 END
