#  81 angles,  1 tensor ranks for 0=projectile
@subtitle   "39K(3He,d)40Ca 21 MeV DWBA ZR 7623 keV Jpi=3- l=3 n=2 j=5/2"                   
@legend ON
@legend x1 0.2
@legend y1 0.8
@g0 type LOGY
@yaxis ticklabel format power
@xaxis label "Scattering angle (degrees)"
@yaxis label "Cross section (mb/sr)"
@legend string   0 "Partition=  1 Excit=  1 near/far= 1"
#legend string   0 "Lab energy =   21.0000"
@s0 linestyle   1
#  Theta       sigma       iT11        T20         T21         T22         Kyy for projectile
  0.1000E-01   1.000    
   1.000      0.9997    
   2.000       1.001    
   3.000      0.9801    
   4.000      0.9937    
   5.000       1.036    
   6.000       1.069    
   7.000       1.070    
   8.000       1.043    
   9.000       1.001    
   10.00      0.9589    
   11.00      0.9259    
   12.00      0.9030    
   13.00      0.8865    
   14.00      0.8704    
   15.00      0.8486    
   16.00      0.8173    
   17.00      0.7752    
   18.00      0.7238    
   19.00      0.6664    
   20.00      0.6075    
   21.00      0.5518    
   22.00      0.5029    
   23.00      0.4636    
   24.00      0.4347    
   25.00      0.4158    
   26.00      0.4051    
   27.00      0.3999    
   28.00      0.3972    
   29.00      0.3941    
   30.00      0.3882    
   31.00      0.3777    
   32.00      0.3620    
   33.00      0.3412    
   34.00      0.3163    
   35.00      0.2889    
   36.00      0.2608    
   37.00      0.2340    
   38.00      0.2104    
   39.00      0.1911    
   40.00      0.1770    
   41.00      0.1682    
   42.00      0.1644    
   43.00      0.1646    
   44.00      0.1677    
   45.00      0.1721    
   46.00      0.1765    
   47.00      0.1796    
   48.00      0.1803    
   49.00      0.1779    
   50.00      0.1722    
   51.00      0.1633    
   52.00      0.1516    
   53.00      0.1378    
   54.00      0.1229    
   55.00      0.1077    
   56.00      0.9318E-01
   57.00      0.8011E-01
   58.00      0.6912E-01
   59.00      0.6059E-01
   60.00      0.5467E-01
   61.00      0.5129E-01
   62.00      0.5018E-01
   63.00      0.5093E-01
   64.00      0.5301E-01
   65.00      0.5587E-01
   66.00      0.5895E-01
   67.00      0.6177E-01
   68.00      0.6392E-01
   69.00      0.6510E-01
   70.00      0.6515E-01
   71.00      0.6402E-01
   72.00      0.6176E-01
   73.00      0.5853E-01
   74.00      0.5453E-01
   75.00      0.5000E-01
   76.00      0.4522E-01
   77.00      0.4042E-01
   78.00      0.3583E-01
   79.00      0.3163E-01
   80.00      0.2793E-01
 END
@legend string   1 "Partition=  2 Excit=  1 near/far= 1"
#legend string   0 "Lab energy =   21.0000"
@s1 linestyle   2
#  Theta       sigma       iT11        T20         T21         T22         Kyy for projectile
   0.000       9.208    
   1.000       9.244    
   2.000       9.350    
   3.000       9.522    
   4.000       9.755    
   5.000       10.04    
   6.000       10.37    
   7.000       10.74    
   8.000       11.13    
   9.000       11.53    
   10.00       11.93    
   11.00       12.32    
   12.00       12.66    
   13.00       12.95    
   14.00       13.17    
   15.00       13.30    
   16.00       13.33    
   17.00       13.24    
   18.00       13.02    
   19.00       12.68    
   20.00       12.21    
   21.00       11.64    
   22.00       10.96    
   23.00       10.20    
   24.00       9.380    
   25.00       8.516    
   26.00       7.634    
   27.00       6.757    
   28.00       5.907    
   29.00       5.106    
   30.00       4.371    
   31.00       3.717    
   32.00       3.153    
   33.00       2.686    
   34.00       2.313    
   35.00       2.031    
   36.00       1.831    
   37.00       1.700    
   38.00       1.626    
   39.00       1.594    
   40.00       1.592    
   41.00       1.608    
   42.00       1.629    
   43.00       1.648    
   44.00       1.657    
   45.00       1.651    
   46.00       1.626    
   47.00       1.583    
   48.00       1.520    
   49.00       1.440    
   50.00       1.345    
   51.00       1.239    
   52.00       1.127    
   53.00       1.014    
   54.00      0.9025    
   55.00      0.7971    
   56.00      0.7004    
   57.00      0.6145    
   58.00      0.5402    
   59.00      0.4779    
   60.00      0.4271    
   61.00      0.3869    
   62.00      0.3559    
   63.00      0.3327    
   64.00      0.3156    
   65.00      0.3031    
   66.00      0.2936    
   67.00      0.2859    
   68.00      0.2788    
   69.00      0.2716    
   70.00      0.2636    
   71.00      0.2545    
   72.00      0.2442    
   73.00      0.2328    
   74.00      0.2206    
   75.00      0.2080    
   76.00      0.1953    
   77.00      0.1831    
   78.00      0.1717    
   79.00      0.1615    
   80.00      0.1527    
 END
