#  81 angles,  1 tensor ranks for 0=projectile
@subtitle   "39K(3He,d)40Ca 21 MeV DWBA ZR 7623 keV Jpi=3- l=3 n=2 j=5/2"                   
@legend ON
@legend x1 0.2
@legend y1 0.8
@g0 type LOGY
@yaxis ticklabel format power
@legend string   0 "Lab energy =   21.0000"
#legend string   0 "Partition=  2 Excit=  1 near/far= 1"
#  Theta       sigma       iT11        T20         T21         T22         Kyy for projectile
   0.000       9.208    
   1.000       9.244    
   2.000       9.350    
   3.000       9.522    
   4.000       9.755    
   5.000       10.04    
   6.000       10.37    
   7.000       10.74    
   8.000       11.13    
   9.000       11.53    
   10.00       11.93    
   11.00       12.32    
   12.00       12.66    
   13.00       12.95    
   14.00       13.17    
   15.00       13.30    
   16.00       13.33    
   17.00       13.24    
   18.00       13.02    
   19.00       12.68    
   20.00       12.21    
   21.00       11.64    
   22.00       10.96    
   23.00       10.20    
   24.00       9.380    
   25.00       8.516    
   26.00       7.634    
   27.00       6.757    
   28.00       5.907    
   29.00       5.106    
   30.00       4.371    
   31.00       3.717    
   32.00       3.153    
   33.00       2.686    
   34.00       2.313    
   35.00       2.031    
   36.00       1.831    
   37.00       1.700    
   38.00       1.626    
   39.00       1.594    
   40.00       1.592    
   41.00       1.608    
   42.00       1.629    
   43.00       1.648    
   44.00       1.657    
   45.00       1.651    
   46.00       1.626    
   47.00       1.583    
   48.00       1.520    
   49.00       1.440    
   50.00       1.345    
   51.00       1.239    
   52.00       1.127    
   53.00       1.014    
   54.00      0.9025    
   55.00      0.7971    
   56.00      0.7004    
   57.00      0.6145    
   58.00      0.5402    
   59.00      0.4779    
   60.00      0.4271    
   61.00      0.3869    
   62.00      0.3559    
   63.00      0.3327    
   64.00      0.3156    
   65.00      0.3031    
   66.00      0.2936    
   67.00      0.2859    
   68.00      0.2788    
   69.00      0.2716    
   70.00      0.2636    
   71.00      0.2545    
   72.00      0.2442    
   73.00      0.2328    
   74.00      0.2206    
   75.00      0.2080    
   76.00      0.1953    
   77.00      0.1831    
   78.00      0.1717    
   79.00      0.1615    
   80.00      0.1527    
 END
