     0.0   1.503      1
     0.0   3.005     -1
     1.0   13.48      1
     1.0   26.99     -1
     2.0   29.95      1
     2.0   59.95     -1
     3.0   41.93      1
     3.0   83.93     -1
     4.0   53.86      1
     4.0   107.8     -1
     5.0   65.77      1
     5.0   131.4     -1
     6.0   76.20      1
     6.0   153.3     -1
     7.0   86.14      1
     7.0   169.7     -1
     8.0   84.82      1
     8.0   173.3     -1
     9.0   80.51      1
     9.0   159.0     -1
    10.0   64.02      1
    10.0   128.5     -1
    11.0   43.00      1
    11.0   89.83     -1
    12.0   30.30      1
    12.0   55.22     -1
    13.0   13.81      1
    13.0   31.23     -1
    14.0   9.559      1
    14.0   17.12     -1
    15.0   4.110      1
    15.0   9.291     -1
    16.0   2.792      1
    16.0   5.012     -1
    17.0   1.192      1
    17.0   2.689     -1
    18.0  0.7989      1
    18.0   1.436     -1
    19.0  0.3388      1
    19.0  0.7634     -1
    20.0  0.2247      1
    20.0  0.4042     -1
    21.0  0.9470E-01  1
    21.0  0.2132     -1
    22.0  0.6229E-01  1
    22.0  0.1121     -1
    23.0  0.2610E-01  1
    23.0  0.5874E-01 -1
    24.0  0.1706E-01  1
    24.0  0.3070E-01 -1
    25.0  0.7110E-02  1
    25.0  0.1599E-01 -1
    26.0  0.4614E-02  1
    26.0  0.8306E-02 -1
    27.0  0.1910E-02  1
    27.0  0.4300E-02 -1
    28.0  0.1236E-02  1
    28.0  0.2222E-02 -1
    29.0  0.5085E-03  1
    29.0  0.1146E-02 -1
    30.0  0.3282E-03  1
    30.0  0.5899E-03 -1
