#  81 angles,  1 tensor ranks for 0=projectile
@subtitle   "39K(3He,d)40Ca 21 MeV DWBA ZR 9227.43 keV Jpi=1+ l=2 n=2 j=3/2"                
@legend ON
@legend x1 0.2
@legend y1 0.8
@g0 type LOGY
@yaxis ticklabel format power
@legend string   0 "Lab energy =   21.0000"
#legend string   0 "Partition=  2 Excit=  1 near/far= 1"
#  Theta       sigma       iT11        T20         T21         T22         Kyy for projectile
   0.000       8.372    
   1.000       8.382    
   2.000       8.409    
   3.000       8.450    
   4.000       8.499    
   5.000       8.548    
   6.000       8.590    
   7.000       8.615    
   8.000       8.612    
   9.000       8.573    
   10.00       8.489    
   11.00       8.353    
   12.00       8.159    
   13.00       7.904    
   14.00       7.588    
   15.00       7.215    
   16.00       6.792    
   17.00       6.329    
   18.00       5.838    
   19.00       5.333    
   20.00       4.827    
   21.00       4.336    
   22.00       3.869    
   23.00       3.439    
   24.00       3.051    
   25.00       2.711    
   26.00       2.421    
   27.00       2.179    
   28.00       1.982    
   29.00       1.826    
   30.00       1.705    
   31.00       1.611    
   32.00       1.537    
   33.00       1.477    
   34.00       1.423    
   35.00       1.371    
   36.00       1.318    
   37.00       1.259    
   38.00       1.194    
   39.00       1.122    
   40.00       1.045    
   41.00      0.9644    
   42.00      0.8812    
   43.00      0.7979    
   44.00      0.7169    
   45.00      0.6400    
   46.00      0.5690    
   47.00      0.5051    
   48.00      0.4493    
   49.00      0.4017    
   50.00      0.3623    
   51.00      0.3305    
   52.00      0.3055    
   53.00      0.2862    
   54.00      0.2715    
   55.00      0.2600    
   56.00      0.2507    
   57.00      0.2426    
   58.00      0.2347    
   59.00      0.2265    
   60.00      0.2174    
   61.00      0.2074    
   62.00      0.1962    
   63.00      0.1841    
   64.00      0.1714    
   65.00      0.1584    
   66.00      0.1455    
   67.00      0.1332    
   68.00      0.1218    
   69.00      0.1118    
   70.00      0.1033    
   71.00      0.9652E-01
   72.00      0.9157E-01
   73.00      0.8839E-01
   74.00      0.8687E-01
   75.00      0.8682E-01
   76.00      0.8798E-01
   77.00      0.9006E-01
   78.00      0.9273E-01
   79.00      0.9566E-01
   80.00      0.9854E-01
 END
