     0.0   1.502      1
     0.0   3.003     -1
     1.0   13.52      1
     1.0   27.04     -1
     2.0   30.04      1
     2.0   60.08     -1
     3.0   42.07      1
     3.0   84.09     -1
     4.0   54.00      1
     4.0   108.0     -1
     5.0   65.96      1
     5.0   131.5     -1
     6.0   76.30      1
     6.0   153.3     -1
     7.0   86.24      1
     7.0   169.5     -1
     8.0   84.99      1
     8.0   173.1     -1
     9.0   80.76      1
     9.0   159.4     -1
    10.0   64.85      1
    10.0   130.0     -1
    11.0   44.22      1
    11.0   91.86     -1
    12.0   30.77      1
    12.0   56.63     -1
    13.0   14.30      1
    13.0   31.94     -1
    14.0   9.662      1
    14.0   17.45     -1
    15.0   4.213      1
    15.0   9.441     -1
    16.0   2.813      1
    16.0   5.080     -1
    17.0   1.214      1
    17.0   2.720     -1
    18.0  0.8034      1
    18.0   1.450     -1
    19.0  0.3433      1
    19.0  0.7699     -1
    20.0  0.2257      1
    20.0  0.4072     -1
    21.0  0.9564E-01  1
    21.0  0.2146     -1
    22.0  0.6249E-01  1
    22.0  0.1127     -1
    23.0  0.2630E-01  1
    23.0  0.5903E-01 -1
    24.0  0.1710E-01  1
    24.0  0.3083E-01 -1
    25.0  0.7156E-02  1
    25.0  0.1607E-01 -1
    26.0  0.4631E-02  1
    26.0  0.8351E-02 -1
    27.0  0.1929E-02  1
    27.0  0.4332E-02 -1
    28.0  0.1244E-02  1
    28.0  0.2242E-02 -1
    29.0  0.5161E-03  1
    29.0  0.1159E-02 -1
    30.0  0.3313E-03  1
    30.0  0.5976E-03 -1
