#  81 angles,  1 tensor ranks for 0=projectile
@subtitle   "39K(3He,d)40Ca 21 MeV DWBA ZR 7973 keV Jpi=3- l=3 n=1 j=7/2"                   
@legend ON
@legend x1 0.2
@legend y1 0.8
@g0 type LOGY
@yaxis ticklabel format power
@legend string   0 "Lab energy =   21.0000"
#legend string   0 "Partition=  2 Excit=  1 near/far= 1"
#  Theta       sigma       iT11        T20         T21         T22         Kyy for projectile
   0.000       4.530    
   1.000       4.537    
   2.000       4.557    
   3.000       4.590    
   4.000       4.634    
   5.000       4.689    
   6.000       4.753    
   7.000       4.825    
   8.000       4.902    
   9.000       4.982    
   10.00       5.062    
   11.00       5.138    
   12.00       5.206    
   13.00       5.259    
   14.00       5.292    
   15.00       5.300    
   16.00       5.276    
   17.00       5.218    
   18.00       5.123    
   19.00       4.989    
   20.00       4.817    
   21.00       4.610    
   22.00       4.371    
   23.00       4.105    
   24.00       3.816    
   25.00       3.512    
   26.00       3.199    
   27.00       2.883    
   28.00       2.573    
   29.00       2.276    
   30.00       1.998    
   31.00       1.746    
   32.00       1.522    
   33.00       1.330    
   34.00       1.170    
   35.00       1.041    
   36.00      0.9402    
   37.00      0.8648    
   38.00      0.8103    
   39.00      0.7726    
   40.00      0.7472    
   41.00      0.7303    
   42.00      0.7183    
   43.00      0.7082    
   44.00      0.6975    
   45.00      0.6842    
   46.00      0.6667    
   47.00      0.6443    
   48.00      0.6165    
   49.00      0.5836    
   50.00      0.5462    
   51.00      0.5054    
   52.00      0.4625    
   53.00      0.4190    
   54.00      0.3763    
   55.00      0.3355    
   56.00      0.2978    
   57.00      0.2637    
   58.00      0.2336    
   59.00      0.2078    
   60.00      0.1861    
   61.00      0.1682    
   62.00      0.1537    
   63.00      0.1422    
   64.00      0.1331    
   65.00      0.1258    
   66.00      0.1201    
   67.00      0.1153    
   68.00      0.1112    
   69.00      0.1073    
   70.00      0.1036    
   71.00      0.9984E-01
   72.00      0.9594E-01
   73.00      0.9190E-01
   74.00      0.8777E-01
   75.00      0.8364E-01
   76.00      0.7962E-01
   77.00      0.7583E-01
   78.00      0.7241E-01
   79.00      0.6945E-01
   80.00      0.6704E-01
 END
