     0.0   1.503      1
     0.0   3.006     -1
     1.0   13.52      1
     1.0   27.05     -1
     2.0   30.04      1
     2.0   60.09     -1
     3.0   42.04      1
     3.0   84.09     -1
     4.0   53.97      1
     4.0   108.0     -1
     5.0   65.86      1
     5.0   131.5     -1
     6.0   76.26      1
     6.0   153.4     -1
     7.0   86.28      1
     7.0   169.8     -1
     8.0   85.02      1
     8.0   173.6     -1
     9.0   80.74      1
     9.0   159.7     -1
    10.0   64.90      1
    10.0   129.8     -1
    11.0   44.06      1
    11.0   91.65     -1
    12.0   30.73      1
    12.0   56.49     -1
    13.0   14.25      1
    13.0   31.87     -1
    14.0   9.650      1
    14.0   17.42     -1
    15.0   4.202      1
    15.0   9.424     -1
    16.0   2.810      1
    16.0   5.072     -1
    17.0   1.211      1
    17.0   2.717     -1
    18.0  0.8027      1
    18.0   1.448     -1
    19.0  0.3428      1
    19.0  0.7691     -1
    20.0  0.2255      1
    20.0  0.4068     -1
    21.0  0.9553E-01  1
    21.0  0.2144     -1
    22.0  0.6245E-01  1
    22.0  0.1126     -1
    23.0  0.2628E-01  1
    23.0  0.5899E-01 -1
    24.0  0.1709E-01  1
    24.0  0.3081E-01 -1
    25.0  0.7145E-02  1
    25.0  0.1605E-01 -1
    26.0  0.4624E-02  1
    26.0  0.8335E-02 -1
    27.0  0.1923E-02  1
    27.0  0.4320E-02 -1
    28.0  0.1240E-02  1
    28.0  0.2235E-02 -1
    29.0  0.5138E-03  1
    29.0  0.1154E-02 -1
    30.0  0.3290E-03  1
    30.0  0.5930E-03 -1
