#  81 angles,  1 tensor ranks for 0=projectile
@subtitle   "39K(3He,d)40Ca 21 MeV DWBA ZR 7973 keV Jpi=3- l=3 n=1 j=7/2"                   
@legend ON
@legend x1 0.2
@legend y1 0.8
@g0 type LOGY
@yaxis ticklabel format power
@xaxis label "Scattering angle (degrees)"
@yaxis label "Cross section (mb/sr)"
@legend string   0 "Partition=  1 Excit=  1 near/far= 1"
#legend string   0 "Lab energy =   21.0000"
@s0 linestyle   1
#  Theta       sigma       iT11        T20         T21         T22         Kyy for projectile
  0.1000E-01   1.000    
   1.000      0.9997    
   2.000       1.001    
   3.000      0.9801    
   4.000      0.9937    
   5.000       1.036    
   6.000       1.069    
   7.000       1.070    
   8.000       1.043    
   9.000       1.001    
   10.00      0.9589    
   11.00      0.9259    
   12.00      0.9030    
   13.00      0.8865    
   14.00      0.8704    
   15.00      0.8486    
   16.00      0.8173    
   17.00      0.7752    
   18.00      0.7238    
   19.00      0.6664    
   20.00      0.6075    
   21.00      0.5518    
   22.00      0.5029    
   23.00      0.4636    
   24.00      0.4347    
   25.00      0.4158    
   26.00      0.4051    
   27.00      0.3999    
   28.00      0.3972    
   29.00      0.3941    
   30.00      0.3882    
   31.00      0.3777    
   32.00      0.3620    
   33.00      0.3412    
   34.00      0.3163    
   35.00      0.2889    
   36.00      0.2608    
   37.00      0.2340    
   38.00      0.2104    
   39.00      0.1911    
   40.00      0.1770    
   41.00      0.1682    
   42.00      0.1644    
   43.00      0.1646    
   44.00      0.1677    
   45.00      0.1721    
   46.00      0.1765    
   47.00      0.1796    
   48.00      0.1803    
   49.00      0.1779    
   50.00      0.1722    
   51.00      0.1633    
   52.00      0.1516    
   53.00      0.1378    
   54.00      0.1229    
   55.00      0.1077    
   56.00      0.9318E-01
   57.00      0.8011E-01
   58.00      0.6912E-01
   59.00      0.6059E-01
   60.00      0.5467E-01
   61.00      0.5129E-01
   62.00      0.5018E-01
   63.00      0.5093E-01
   64.00      0.5301E-01
   65.00      0.5587E-01
   66.00      0.5895E-01
   67.00      0.6177E-01
   68.00      0.6392E-01
   69.00      0.6510E-01
   70.00      0.6515E-01
   71.00      0.6402E-01
   72.00      0.6176E-01
   73.00      0.5853E-01
   74.00      0.5453E-01
   75.00      0.5000E-01
   76.00      0.4522E-01
   77.00      0.4042E-01
   78.00      0.3583E-01
   79.00      0.3163E-01
   80.00      0.2793E-01
 END
@legend string   1 "Partition=  2 Excit=  1 near/far= 1"
#legend string   0 "Lab energy =   21.0000"
@s1 linestyle   2
#  Theta       sigma       iT11        T20         T21         T22         Kyy for projectile
   0.000       4.530    
   1.000       4.537    
   2.000       4.557    
   3.000       4.590    
   4.000       4.634    
   5.000       4.689    
   6.000       4.753    
   7.000       4.825    
   8.000       4.902    
   9.000       4.982    
   10.00       5.062    
   11.00       5.138    
   12.00       5.206    
   13.00       5.259    
   14.00       5.292    
   15.00       5.300    
   16.00       5.276    
   17.00       5.218    
   18.00       5.123    
   19.00       4.989    
   20.00       4.817    
   21.00       4.610    
   22.00       4.371    
   23.00       4.105    
   24.00       3.816    
   25.00       3.512    
   26.00       3.199    
   27.00       2.883    
   28.00       2.573    
   29.00       2.276    
   30.00       1.998    
   31.00       1.746    
   32.00       1.522    
   33.00       1.330    
   34.00       1.170    
   35.00       1.041    
   36.00      0.9402    
   37.00      0.8648    
   38.00      0.8103    
   39.00      0.7726    
   40.00      0.7472    
   41.00      0.7303    
   42.00      0.7183    
   43.00      0.7082    
   44.00      0.6975    
   45.00      0.6842    
   46.00      0.6667    
   47.00      0.6443    
   48.00      0.6165    
   49.00      0.5836    
   50.00      0.5462    
   51.00      0.5054    
   52.00      0.4625    
   53.00      0.4190    
   54.00      0.3763    
   55.00      0.3355    
   56.00      0.2978    
   57.00      0.2637    
   58.00      0.2336    
   59.00      0.2078    
   60.00      0.1861    
   61.00      0.1682    
   62.00      0.1537    
   63.00      0.1422    
   64.00      0.1331    
   65.00      0.1258    
   66.00      0.1201    
   67.00      0.1153    
   68.00      0.1112    
   69.00      0.1073    
   70.00      0.1036    
   71.00      0.9984E-01
   72.00      0.9594E-01
   73.00      0.9190E-01
   74.00      0.8777E-01
   75.00      0.8364E-01
   76.00      0.7962E-01
   77.00      0.7583E-01
   78.00      0.7241E-01
   79.00      0.6945E-01
   80.00      0.6704E-01
 END
