#  81 angles,  1 tensor ranks for 0=projectile
@subtitle   "39K(3He,d)40Ca 21 MeV DWBA ZR 9669 keV Jpi=3- l=3 n=2 j=7/2"                   
@legend ON
@legend x1 0.2
@legend y1 0.8
@g0 type LOGY
@yaxis ticklabel format power
@legend string   0 "Lab energy =   21.0000"
#legend string   0 "Partition=  2 Excit=  1 near/far= 1"
#  Theta       sigma       iT11        T20         T21         T22         Kyy for projectile
   0.000       11.37    
   1.000       11.38    
   2.000       11.41    
   3.000       11.46    
   4.000       11.53    
   5.000       11.61    
   6.000       11.69    
   7.000       11.77    
   8.000       11.83    
   9.000       11.87    
   10.00       11.88    
   11.00       11.85    
   12.00       11.78    
   13.00       11.65    
   14.00       11.47    
   15.00       11.23    
   16.00       10.93    
   17.00       10.58    
   18.00       10.17    
   19.00       9.712    
   20.00       9.211    
   21.00       8.673    
   22.00       8.107    
   23.00       7.523    
   24.00       6.929    
   25.00       6.338    
   26.00       5.758    
   27.00       5.200    
   28.00       4.673    
   29.00       4.185    
   30.00       3.740    
   31.00       3.344    
   32.00       2.997    
   33.00       2.701    
   34.00       2.455    
   35.00       2.254    
   36.00       2.094    
   37.00       1.971    
   38.00       1.878    
   39.00       1.808    
   40.00       1.756    
   41.00       1.714    
   42.00       1.679    
   43.00       1.644    
   44.00       1.606    
   45.00       1.562    
   46.00       1.510    
   47.00       1.450    
   48.00       1.380    
   49.00       1.302    
   50.00       1.217    
   51.00       1.127    
   52.00       1.034    
   53.00      0.9394    
   54.00      0.8467    
   55.00      0.7574    
   56.00      0.6734    
   57.00      0.5961    
   58.00      0.5264    
   59.00      0.4651    
   60.00      0.4124    
   61.00      0.3682    
   62.00      0.3320    
   63.00      0.3033    
   64.00      0.2812    
   65.00      0.2647    
   66.00      0.2529    
   67.00      0.2446    
   68.00      0.2388    
   69.00      0.2346    
   70.00      0.2311    
   71.00      0.2276    
   72.00      0.2238    
   73.00      0.2192    
   74.00      0.2136    
   75.00      0.2072    
   76.00      0.1998    
   77.00      0.1918    
   78.00      0.1832    
   79.00      0.1743    
   80.00      0.1654    
 END
