     0.0   1.503      1
     0.0   3.005     -1
     1.0   13.48      1
     1.0   27.00     -1
     2.0   29.96      1
     2.0   59.97     -1
     3.0   41.94      1
     3.0   83.95     -1
     4.0   53.88      1
     4.0   107.9     -1
     5.0   65.79      1
     5.0   131.4     -1
     6.0   76.20      1
     6.0   153.3     -1
     7.0   86.13      1
     7.0   169.7     -1
     8.0   84.75      1
     8.0   173.2     -1
     9.0   80.37      1
     9.0   158.7     -1
    10.0   63.83      1
    10.0   128.1     -1
    11.0   42.74      1
    11.0   89.53     -1
    12.0   30.30      1
    12.0   55.14     -1
    13.0   13.79      1
    13.0   31.21     -1
    14.0   9.562      1
    14.0   17.12     -1
    15.0   4.107      1
    15.0   9.290     -1
    16.0   2.793      1
    16.0   5.012     -1
    17.0   1.192      1
    17.0   2.689     -1
    18.0  0.7992      1
    18.0   1.436     -1
    19.0  0.3389      1
    19.0  0.7636     -1
    20.0  0.2248      1
    20.0  0.4043     -1
    21.0  0.9471E-01  1
    21.0  0.2133     -1
    22.0  0.6230E-01  1
    22.0  0.1121     -1
    23.0  0.2611E-01  1
    23.0  0.5875E-01 -1
    24.0  0.1706E-01  1
    24.0  0.3071E-01 -1
    25.0  0.7116E-02  1
    25.0  0.1601E-01 -1
    26.0  0.4622E-02  1
    26.0  0.8323E-02 -1
    27.0  0.1920E-02  1
    27.0  0.4318E-02 -1
    28.0  0.1242E-02  1
    28.0  0.2236E-02 -1
    29.0  0.5144E-03  1
    29.0  0.1156E-02 -1
    30.0  0.3309E-03  1
    30.0  0.5964E-03 -1
