#  81 angles,  1 tensor ranks for 0=projectile
@subtitle   "39K(3He,d)40Ca 21 MeV DWBA ZR 8113 keV Jpi=1- l=3 n=2 j=5/2"                   
@legend ON
@legend x1 0.2
@legend y1 0.8
@g0 type LOGY
@yaxis ticklabel format power
@legend string   0 "Lab energy =   21.0000"
#legend string   0 "Partition=  2 Excit=  1 near/far= 1"
#  Theta       sigma       iT11        T20         T21         T22         Kyy for projectile
   0.000       4.728    
   1.000       4.743    
   2.000       4.789    
   3.000       4.863    
   4.000       4.964    
   5.000       5.087    
   6.000       5.229    
   7.000       5.385    
   8.000       5.547    
   9.000       5.709    
   10.00       5.864    
   11.00       6.003    
   12.00       6.119    
   13.00       6.203    
   14.00       6.250    
   15.00       6.254    
   16.00       6.211    
   17.00       6.118    
   18.00       5.975    
   19.00       5.783    
   20.00       5.542    
   21.00       5.258    
   22.00       4.935    
   23.00       4.580    
   24.00       4.201    
   25.00       3.808    
   26.00       3.410    
   27.00       3.020    
   28.00       2.646    
   29.00       2.296    
   30.00       1.979    
   31.00       1.699    
   32.00       1.459    
   33.00       1.259    
   34.00       1.098    
   35.00      0.9736    
   36.00      0.8825    
   37.00      0.8201    
   38.00      0.7814    
   39.00      0.7612    
   40.00      0.7543    
   41.00      0.7555    
   42.00      0.7602    
   43.00      0.7641    
   44.00      0.7640    
   45.00      0.7573    
   46.00      0.7427    
   47.00      0.7197    
   48.00      0.6887    
   49.00      0.6507    
   50.00      0.6073    
   51.00      0.5600    
   52.00      0.5108    
   53.00      0.4612    
   54.00      0.4127    
   55.00      0.3665    
   56.00      0.3237    
   57.00      0.2850    
   58.00      0.2508    
   59.00      0.2214    
   60.00      0.1967    
   61.00      0.1766    
   62.00      0.1607    
   63.00      0.1484    
   64.00      0.1391    
   65.00      0.1321    
   66.00      0.1267    
   67.00      0.1223    
   68.00      0.1186    
   69.00      0.1150    
   70.00      0.1112    
   71.00      0.1073    
   72.00      0.1030    
   73.00      0.9840E-01
   74.00      0.9357E-01
   75.00      0.8860E-01
   76.00      0.8363E-01
   77.00      0.7879E-01
   78.00      0.7424E-01
   79.00      0.7009E-01
   80.00      0.6645E-01
 END
