     0.0   1.500      1
     0.0   2.997     -1
     1.0   13.48      1
     1.0   26.99     -1
     2.0   30.01      1
     2.0   60.04     -1
     3.0   42.02      1
     3.0   84.06     -1
     4.0   53.97      1
     4.0   108.0     -1
     5.0   65.87      1
     5.0   131.5     -1
     6.0   76.26      1
     6.0   153.4     -1
     7.0   86.20      1
     7.0   169.6     -1
     8.0   84.92      1
     8.0   173.3     -1
     9.0   80.48      1
     9.0   159.4     -1
    10.0   65.12      1
    10.0   129.9     -1
    11.0   44.01      1
    11.0   91.80     -1
    12.0   30.83      1
    12.0   56.59     -1
    13.0   14.25      1
    13.0   31.92     -1
    14.0   9.673      1
    14.0   17.44     -1
    15.0   4.202      1
    15.0   9.434     -1
    16.0   2.815      1
    16.0   5.076     -1
    17.0   1.211      1
    17.0   2.719     -1
    18.0  0.8036      1
    18.0   1.449     -1
    19.0  0.3428      1
    19.0  0.7695     -1
    20.0  0.2257      1
    20.0  0.4070     -1
    21.0  0.9553E-01  1
    21.0  0.2145     -1
    22.0  0.6249E-01  1
    22.0  0.1127     -1
    23.0  0.2628E-01  1
    23.0  0.5901E-01 -1
    24.0  0.1710E-01  1
    24.0  0.3083E-01 -1
    25.0  0.7153E-02  1
    25.0  0.1606E-01 -1
    26.0  0.4631E-02  1
    26.0  0.8349E-02 -1
    27.0  0.1928E-02  1
    27.0  0.4329E-02 -1
    28.0  0.1243E-02  1
    28.0  0.2240E-02 -1
    29.0  0.5144E-03  1
    29.0  0.1156E-02 -1
    30.0  0.3310E-03  1
    30.0  0.5960E-03 -1
