#  81 angles,  1 tensor ranks for 0=projectile
@subtitle   "39K(3He,d)40Ca 21 MeV DWBA ZR 8113 keV Jpi=1- l=3 n=2 j=5/2"                   
@legend ON
@legend x1 0.2
@legend y1 0.8
@g0 type LOGY
@yaxis ticklabel format power
@xaxis label "Scattering angle (degrees)"
@yaxis label "Cross section (mb/sr)"
@legend string   0 "Partition=  1 Excit=  1 near/far= 1"
#legend string   0 "Lab energy =   21.0000"
@s0 linestyle   1
#  Theta       sigma       iT11        T20         T21         T22         Kyy for projectile
  0.1000E-01   1.000    
   1.000      0.9997    
   2.000       1.001    
   3.000      0.9801    
   4.000      0.9937    
   5.000       1.036    
   6.000       1.069    
   7.000       1.070    
   8.000       1.043    
   9.000       1.001    
   10.00      0.9589    
   11.00      0.9259    
   12.00      0.9030    
   13.00      0.8865    
   14.00      0.8704    
   15.00      0.8486    
   16.00      0.8173    
   17.00      0.7752    
   18.00      0.7238    
   19.00      0.6664    
   20.00      0.6075    
   21.00      0.5518    
   22.00      0.5029    
   23.00      0.4636    
   24.00      0.4347    
   25.00      0.4158    
   26.00      0.4051    
   27.00      0.3999    
   28.00      0.3972    
   29.00      0.3941    
   30.00      0.3882    
   31.00      0.3777    
   32.00      0.3620    
   33.00      0.3412    
   34.00      0.3163    
   35.00      0.2889    
   36.00      0.2608    
   37.00      0.2340    
   38.00      0.2104    
   39.00      0.1911    
   40.00      0.1770    
   41.00      0.1682    
   42.00      0.1644    
   43.00      0.1646    
   44.00      0.1677    
   45.00      0.1721    
   46.00      0.1765    
   47.00      0.1796    
   48.00      0.1803    
   49.00      0.1779    
   50.00      0.1722    
   51.00      0.1633    
   52.00      0.1516    
   53.00      0.1378    
   54.00      0.1229    
   55.00      0.1077    
   56.00      0.9318E-01
   57.00      0.8011E-01
   58.00      0.6912E-01
   59.00      0.6059E-01
   60.00      0.5467E-01
   61.00      0.5129E-01
   62.00      0.5018E-01
   63.00      0.5093E-01
   64.00      0.5301E-01
   65.00      0.5587E-01
   66.00      0.5895E-01
   67.00      0.6177E-01
   68.00      0.6392E-01
   69.00      0.6510E-01
   70.00      0.6515E-01
   71.00      0.6402E-01
   72.00      0.6176E-01
   73.00      0.5853E-01
   74.00      0.5453E-01
   75.00      0.5000E-01
   76.00      0.4522E-01
   77.00      0.4042E-01
   78.00      0.3583E-01
   79.00      0.3163E-01
   80.00      0.2793E-01
 END
@legend string   1 "Partition=  2 Excit=  1 near/far= 1"
#legend string   0 "Lab energy =   21.0000"
@s1 linestyle   2
#  Theta       sigma       iT11        T20         T21         T22         Kyy for projectile
   0.000       4.728    
   1.000       4.743    
   2.000       4.789    
   3.000       4.863    
   4.000       4.964    
   5.000       5.087    
   6.000       5.229    
   7.000       5.385    
   8.000       5.547    
   9.000       5.709    
   10.00       5.864    
   11.00       6.003    
   12.00       6.119    
   13.00       6.203    
   14.00       6.250    
   15.00       6.254    
   16.00       6.211    
   17.00       6.118    
   18.00       5.975    
   19.00       5.783    
   20.00       5.542    
   21.00       5.258    
   22.00       4.935    
   23.00       4.580    
   24.00       4.201    
   25.00       3.808    
   26.00       3.410    
   27.00       3.020    
   28.00       2.646    
   29.00       2.296    
   30.00       1.979    
   31.00       1.699    
   32.00       1.459    
   33.00       1.259    
   34.00       1.098    
   35.00      0.9736    
   36.00      0.8825    
   37.00      0.8201    
   38.00      0.7814    
   39.00      0.7612    
   40.00      0.7543    
   41.00      0.7555    
   42.00      0.7602    
   43.00      0.7641    
   44.00      0.7640    
   45.00      0.7573    
   46.00      0.7427    
   47.00      0.7197    
   48.00      0.6887    
   49.00      0.6507    
   50.00      0.6073    
   51.00      0.5600    
   52.00      0.5108    
   53.00      0.4612    
   54.00      0.4127    
   55.00      0.3665    
   56.00      0.3237    
   57.00      0.2850    
   58.00      0.2508    
   59.00      0.2214    
   60.00      0.1967    
   61.00      0.1766    
   62.00      0.1607    
   63.00      0.1484    
   64.00      0.1391    
   65.00      0.1321    
   66.00      0.1267    
   67.00      0.1223    
   68.00      0.1186    
   69.00      0.1150    
   70.00      0.1112    
   71.00      0.1073    
   72.00      0.1030    
   73.00      0.9840E-01
   74.00      0.9357E-01
   75.00      0.8860E-01
   76.00      0.8363E-01
   77.00      0.7879E-01
   78.00      0.7424E-01
   79.00      0.7009E-01
   80.00      0.6645E-01
 END
