#  81 angles,  1 tensor ranks for 0=projectile
@subtitle   "39K(3He,d)40Ca 21 MeV DWBA ZR 8188 keV Jpi=3+ l=2 n=1 j=3/2"                   
@legend ON
@legend x1 0.2
@legend y1 0.8
@g0 type LOGY
@yaxis ticklabel format power
@legend string   0 "Lab energy =   21.0000"
#legend string   0 "Partition=  2 Excit=  1 near/far= 1"
#  Theta       sigma       iT11        T20         T21         T22         Kyy for projectile
   0.000       10.31    
   1.000       10.34    
   2.000       10.42    
   3.000       10.56    
   4.000       10.72    
   5.000       10.91    
   6.000       11.10    
   7.000       11.28    
   8.000       11.42    
   9.000       11.50    
   10.00       11.51    
   11.00       11.43    
   12.00       11.25    
   13.00       10.97    
   14.00       10.58    
   15.00       10.08    
   16.00       9.484    
   17.00       8.805    
   18.00       8.064    
   19.00       7.286    
   20.00       6.499    
   21.00       5.730    
   22.00       5.004    
   23.00       4.342    
   24.00       3.757    
   25.00       3.258    
   26.00       2.845    
   27.00       2.516    
   28.00       2.263    
   29.00       2.077    
   30.00       1.947    
   31.00       1.860    
   32.00       1.805    
   33.00       1.769    
   34.00       1.741    
   35.00       1.712    
   36.00       1.674    
   37.00       1.622    
   38.00       1.553    
   39.00       1.469    
   40.00       1.370    
   41.00       1.262    
   42.00       1.148    
   43.00       1.033    
   44.00      0.9207    
   45.00      0.8149    
   46.00      0.7181    
   47.00      0.6320    
   48.00      0.5578    
   49.00      0.4958    
   50.00      0.4458    
   51.00      0.4071    
   52.00      0.3784    
   53.00      0.3582    
   54.00      0.3443    
   55.00      0.3348    
   56.00      0.3276    
   57.00      0.3209    
   58.00      0.3133    
   59.00      0.3039    
   60.00      0.2923    
   61.00      0.2783    
   62.00      0.2622    
   63.00      0.2443    
   64.00      0.2252    
   65.00      0.2054    
   66.00      0.1855    
   67.00      0.1660    
   68.00      0.1474    
   69.00      0.1300    
   70.00      0.1144    
   71.00      0.1007    
   72.00      0.8920E-01
   73.00      0.7992E-01
   74.00      0.7279E-01
   75.00      0.6764E-01
   76.00      0.6419E-01
   77.00      0.6212E-01
   78.00      0.6106E-01
   79.00      0.6066E-01
   80.00      0.6060E-01
 END
