     0.0   1.503      1
     0.0   3.006     -1
     1.0   13.53      1
     1.0   27.05     -1
     2.0   30.06      1
     2.0   60.11     -1
     3.0   42.09      1
     3.0   84.12     -1
     4.0   54.02      1
     4.0   108.0     -1
     5.0   65.96      1
     5.0   131.6     -1
     6.0   76.41      1
     6.0   153.5     -1
     7.0   86.48      1
     7.0   170.1     -1
     8.0   85.23      1
     8.0   174.0     -1
     9.0   81.04      1
     9.0   159.9     -1
    10.0   64.70      1
    10.0   129.4     -1
    11.0   43.66      1
    11.0   90.61     -1
    12.0   29.98      1
    12.0   55.50     -1
    13.0   14.13      1
    13.0   31.31     -1
    14.0   9.443      1
    14.0   17.15     -1
    15.0   4.177      1
    15.0   9.304     -1
    16.0   2.767      1
    16.0   5.018     -1
    17.0   1.206      1
    17.0   2.692     -1
    18.0  0.7940      1
    18.0   1.437     -1
    19.0  0.3417      1
    19.0  0.7641     -1
    20.0  0.2237      1
    20.0  0.4045     -1
    21.0  0.9531E-01  1
    21.0  0.2134     -1
    22.0  0.6209E-01  1
    22.0  0.1122     -1
    23.0  0.2623E-01  1
    23.0  0.5878E-01 -1
    24.0  0.1701E-01  1
    24.0  0.3072E-01 -1
    25.0  0.7144E-02  1
    25.0  0.1602E-01 -1
    26.0  0.4617E-02  1
    26.0  0.8332E-02 -1
    27.0  0.1927E-02  1
    27.0  0.4323E-02 -1
    28.0  0.1241E-02  1
    28.0  0.2239E-02 -1
    29.0  0.5157E-03  1
    29.0  0.1157E-02 -1
    30.0  0.3310E-03  1
    30.0  0.5967E-03 -1
