     0.0   1.495      1
     0.0   2.996     -1
     1.0   13.48      1
     1.0   26.98     -1
     2.0   29.94      1
     2.0   59.97     -1
     3.0   41.94      1
     3.0   83.96     -1
     4.0   53.78      1
     4.0   107.8     -1
     5.0   65.64      1
     5.0   131.1     -1
     6.0   75.90      1
     6.0   152.8     -1
     7.0   85.76      1
     7.0   168.9     -1
     8.0   84.31      1
     8.0   172.3     -1
     9.0   79.83      1
     9.0   157.6     -1
    10.0   63.53      1
    10.0   127.0     -1
    11.0   42.82      1
    11.0   88.65     -1
    12.0   29.35      1
    12.0   54.46     -1
    13.0   13.95      1
    13.0   30.85     -1
    14.0   9.323      1
    14.0   16.95     -1
    15.0   4.143      1
    15.0   9.220     -1
    16.0   2.746      1
    16.0   4.982     -1
    17.0   1.200      1
    17.0   2.677     -1
    18.0  0.7904      1
    18.0   1.431     -1
    19.0  0.3406      1
    19.0  0.7615     -1
    20.0  0.2231      1
    20.0  0.4035     -1
    21.0  0.9511E-01  1
    21.0  0.2129     -1
    22.0  0.6200E-01  1
    22.0  0.1120     -1
    23.0  0.2620E-01  1
    23.0  0.5871E-01 -1
    24.0  0.1700E-01  1
    24.0  0.3069E-01 -1
    25.0  0.7136E-02  1
    25.0  0.1600E-01 -1
    26.0  0.4612E-02  1
    26.0  0.8323E-02 -1
    27.0  0.1926E-02  1
    27.0  0.4320E-02 -1
    28.0  0.1240E-02  1
    28.0  0.2237E-02 -1
    29.0  0.5147E-03  1
    29.0  0.1155E-02 -1
    30.0  0.3300E-03  1
    30.0  0.5951E-03 -1
