#  81 angles,  1 tensor ranks for 0=projectile
@subtitle   "39K(3He,d)40Ca 21 MeV DWBA ZR 6025 keV Jpi=2- l=1 n=3 j=1/2"                   
@legend ON
@legend x1 0.2
@legend y1 0.8
@g0 type LOGY
@yaxis ticklabel format power
@legend string   0 "Lab energy =   21.0000"
#legend string   0 "Partition=  2 Excit=  1 near/far= 1"
#  Theta       sigma       iT11        T20         T21         T22         Kyy for projectile
   0.000       40.19    
   1.000       40.61    
   2.000       41.80    
   3.000       43.58    
   4.000       45.67    
   5.000       47.72    
   6.000       49.39    
   7.000       50.35    
   8.000       50.35    
   9.000       49.21    
   10.00       46.92    
   11.00       43.54    
   12.00       39.27    
   13.00       34.37    
   14.00       29.17    
   15.00       23.99    
   16.00       19.14    
   17.00       14.86    
   18.00       11.33    
   19.00       8.644    
   20.00       6.814    
   21.00       5.778    
   22.00       5.414    
   23.00       5.565    
   24.00       6.056    
   25.00       6.713    
   26.00       7.381    
   27.00       7.937    
   28.00       8.292    
   29.00       8.397    
   30.00       8.240    
   31.00       7.840    
   32.00       7.236    
   33.00       6.485    
   34.00       5.650    
   35.00       4.793    
   36.00       3.967    
   37.00       3.217    
   38.00       2.575    
   39.00       2.059    
   40.00       1.674    
   41.00       1.414    
   42.00       1.264    
   43.00       1.205    
   44.00       1.213    
   45.00       1.262    
   46.00       1.332    
   47.00       1.403    
   48.00       1.460    
   49.00       1.493    
   50.00       1.498    
   51.00       1.472    
   52.00       1.419    
   53.00       1.343    
   54.00       1.252    
   55.00       1.151    
   56.00       1.048    
   57.00      0.9500    
   58.00      0.8610    
   59.00      0.7850    
   60.00      0.7239    
   61.00      0.6782    
   62.00      0.6469    
   63.00      0.6281    
   64.00      0.6187    
   65.00      0.6157    
   66.00      0.6155    
   67.00      0.6151    
   68.00      0.6116    
   69.00      0.6031    
   70.00      0.5880    
   71.00      0.5658    
   72.00      0.5364    
   73.00      0.5004    
   74.00      0.4589    
   75.00      0.4134    
   76.00      0.3656    
   77.00      0.3174    
   78.00      0.2704    
   79.00      0.2265    
   80.00      0.1870    
 END
