#  81 angles,  1 tensor ranks for 0=projectile
@subtitle   "39K(3He,d)40Ca 21 MeV DWBA ZR 6025 keV Jpi=2- l=1 n=3 j=1/2"                   
@legend ON
@legend x1 0.2
@legend y1 0.8
@g0 type LOGY
@yaxis ticklabel format power
@xaxis label "Scattering angle (degrees)"
@yaxis label "Cross section (mb/sr)"
@legend string   0 "Partition=  1 Excit=  1 near/far= 1"
#legend string   0 "Lab energy =   21.0000"
@s0 linestyle   1
#  Theta       sigma       iT11        T20         T21         T22         Kyy for projectile
  0.1000E-01   1.000    
   1.000      0.9997    
   2.000       1.001    
   3.000      0.9801    
   4.000      0.9937    
   5.000       1.036    
   6.000       1.069    
   7.000       1.070    
   8.000       1.043    
   9.000       1.001    
   10.00      0.9589    
   11.00      0.9259    
   12.00      0.9030    
   13.00      0.8865    
   14.00      0.8704    
   15.00      0.8486    
   16.00      0.8173    
   17.00      0.7752    
   18.00      0.7238    
   19.00      0.6664    
   20.00      0.6075    
   21.00      0.5518    
   22.00      0.5029    
   23.00      0.4636    
   24.00      0.4347    
   25.00      0.4158    
   26.00      0.4051    
   27.00      0.3999    
   28.00      0.3972    
   29.00      0.3941    
   30.00      0.3882    
   31.00      0.3777    
   32.00      0.3620    
   33.00      0.3412    
   34.00      0.3163    
   35.00      0.2889    
   36.00      0.2608    
   37.00      0.2340    
   38.00      0.2104    
   39.00      0.1911    
   40.00      0.1770    
   41.00      0.1682    
   42.00      0.1644    
   43.00      0.1646    
   44.00      0.1677    
   45.00      0.1721    
   46.00      0.1765    
   47.00      0.1796    
   48.00      0.1803    
   49.00      0.1779    
   50.00      0.1722    
   51.00      0.1633    
   52.00      0.1516    
   53.00      0.1378    
   54.00      0.1229    
   55.00      0.1077    
   56.00      0.9318E-01
   57.00      0.8011E-01
   58.00      0.6912E-01
   59.00      0.6059E-01
   60.00      0.5467E-01
   61.00      0.5129E-01
   62.00      0.5018E-01
   63.00      0.5093E-01
   64.00      0.5301E-01
   65.00      0.5587E-01
   66.00      0.5895E-01
   67.00      0.6177E-01
   68.00      0.6392E-01
   69.00      0.6510E-01
   70.00      0.6515E-01
   71.00      0.6402E-01
   72.00      0.6176E-01
   73.00      0.5853E-01
   74.00      0.5453E-01
   75.00      0.5000E-01
   76.00      0.4522E-01
   77.00      0.4042E-01
   78.00      0.3583E-01
   79.00      0.3163E-01
   80.00      0.2793E-01
 END
@legend string   1 "Partition=  2 Excit=  1 near/far= 1"
#legend string   0 "Lab energy =   21.0000"
@s1 linestyle   2
#  Theta       sigma       iT11        T20         T21         T22         Kyy for projectile
   0.000       40.19    
   1.000       40.61    
   2.000       41.80    
   3.000       43.58    
   4.000       45.67    
   5.000       47.72    
   6.000       49.39    
   7.000       50.35    
   8.000       50.35    
   9.000       49.21    
   10.00       46.92    
   11.00       43.54    
   12.00       39.27    
   13.00       34.37    
   14.00       29.17    
   15.00       23.99    
   16.00       19.14    
   17.00       14.86    
   18.00       11.33    
   19.00       8.644    
   20.00       6.814    
   21.00       5.778    
   22.00       5.414    
   23.00       5.565    
   24.00       6.056    
   25.00       6.713    
   26.00       7.381    
   27.00       7.937    
   28.00       8.292    
   29.00       8.397    
   30.00       8.240    
   31.00       7.840    
   32.00       7.236    
   33.00       6.485    
   34.00       5.650    
   35.00       4.793    
   36.00       3.967    
   37.00       3.217    
   38.00       2.575    
   39.00       2.059    
   40.00       1.674    
   41.00       1.414    
   42.00       1.264    
   43.00       1.205    
   44.00       1.213    
   45.00       1.262    
   46.00       1.332    
   47.00       1.403    
   48.00       1.460    
   49.00       1.493    
   50.00       1.498    
   51.00       1.472    
   52.00       1.419    
   53.00       1.343    
   54.00       1.252    
   55.00       1.151    
   56.00       1.048    
   57.00      0.9500    
   58.00      0.8610    
   59.00      0.7850    
   60.00      0.7239    
   61.00      0.6782    
   62.00      0.6469    
   63.00      0.6281    
   64.00      0.6187    
   65.00      0.6157    
   66.00      0.6155    
   67.00      0.6151    
   68.00      0.6116    
   69.00      0.6031    
   70.00      0.5880    
   71.00      0.5658    
   72.00      0.5364    
   73.00      0.5004    
   74.00      0.4589    
   75.00      0.4134    
   76.00      0.3656    
   77.00      0.3174    
   78.00      0.2704    
   79.00      0.2265    
   80.00      0.1870    
 END
