#  81 angles,  1 tensor ranks for 0=projectile
@subtitle   "39K(3He,d)40Ca 21 MeV DWBA ZR 9538 keV Jpi=1- l=3 n=1 j=5/2"                   
@legend ON
@legend x1 0.2
@legend y1 0.8
@g0 type LOGY
@yaxis ticklabel format power
@legend string   0 "Lab energy =   21.0000"
#legend string   0 "Partition=  2 Excit=  1 near/far= 1"
#  Theta       sigma       iT11        T20         T21         T22         Kyy for projectile
   0.000       1.726    
   1.000       1.729    
   2.000       1.738    
   3.000       1.753    
   4.000       1.772    
   5.000       1.795    
   6.000       1.820    
   7.000       1.847    
   8.000       1.873    
   9.000       1.897    
   10.00       1.918    
   11.00       1.933    
   12.00       1.942    
   13.00       1.944    
   14.00       1.935    
   15.00       1.917    
   16.00       1.887    
   17.00       1.846    
   18.00       1.794    
   19.00       1.729    
   20.00       1.655    
   21.00       1.571    
   22.00       1.478    
   23.00       1.380    
   24.00       1.277    
   25.00       1.171    
   26.00       1.066    
   27.00      0.9631    
   28.00      0.8641    
   29.00      0.7710    
   30.00      0.6852    
   31.00      0.6079    
   32.00      0.5397    
   33.00      0.4811    
   34.00      0.4320    
   35.00      0.3920    
   36.00      0.3606    
   37.00      0.3368    
   38.00      0.3195    
   39.00      0.3074    
   40.00      0.2992    
   41.00      0.2938    
   42.00      0.2900    
   43.00      0.2868    
   44.00      0.2833    
   45.00      0.2790    
   46.00      0.2733    
   47.00      0.2659    
   48.00      0.2568    
   49.00      0.2459    
   50.00      0.2334    
   51.00      0.2195    
   52.00      0.2045    
   53.00      0.1889    
   54.00      0.1731    
   55.00      0.1575    
   56.00      0.1424    
   57.00      0.1281    
   58.00      0.1149    
   59.00      0.1029    
   60.00      0.9209E-01
   61.00      0.8261E-01
   62.00      0.7441E-01
   63.00      0.6743E-01
   64.00      0.6159E-01
   65.00      0.5678E-01
   66.00      0.5287E-01
   67.00      0.4972E-01
   68.00      0.4718E-01
   69.00      0.4512E-01
   70.00      0.4339E-01
   71.00      0.4189E-01
   72.00      0.4054E-01
   73.00      0.3927E-01
   74.00      0.3804E-01
   75.00      0.3683E-01
   76.00      0.3564E-01
   77.00      0.3446E-01
   78.00      0.3330E-01
   79.00      0.3218E-01
   80.00      0.3109E-01
 END
