#  81 angles,  1 tensor ranks for 0=projectile
@subtitle   "39K(3He,d)40Ca 21 MeV DWBA ZR 7694 keV Jpi=3- l=3 n=2 j=5/2"                   
@legend ON
@legend x1 0.2
@legend y1 0.8
@g0 type LOGY
@yaxis ticklabel format power
@legend string   0 "Lab energy =   21.0000"
#legend string   0 "Partition=  2 Excit=  1 near/far= 1"
#  Theta       sigma       iT11        T20         T21         T22         Kyy for projectile
   0.000       9.432    
   1.000       9.468    
   2.000       9.574    
   3.000       9.747    
   4.000       9.980    
   5.000       10.27    
   6.000       10.60    
   7.000       10.96    
   8.000       11.35    
   9.000       11.75    
   10.00       12.15    
   11.00       12.52    
   12.00       12.86    
   13.00       13.14    
   14.00       13.35    
   15.00       13.46    
   16.00       13.47    
   17.00       13.36    
   18.00       13.13    
   19.00       12.77    
   20.00       12.29    
   21.00       11.70    
   22.00       11.01    
   23.00       10.25    
   24.00       9.418    
   25.00       8.551    
   26.00       7.666    
   27.00       6.787    
   28.00       5.937    
   29.00       5.135    
   30.00       4.401    
   31.00       3.747    
   32.00       3.184    
   33.00       2.716    
   34.00       2.344    
   35.00       2.061    
   36.00       1.859    
   37.00       1.727    
   38.00       1.651    
   39.00       1.617    
   40.00       1.613    
   41.00       1.626    
   42.00       1.645    
   43.00       1.662    
   44.00       1.670    
   45.00       1.662    
   46.00       1.638    
   47.00       1.593    
   48.00       1.530    
   49.00       1.449    
   50.00       1.354    
   51.00       1.249    
   52.00       1.136    
   53.00       1.022    
   54.00      0.9106    
   55.00      0.8045    
   56.00      0.7072    
   57.00      0.6205    
   58.00      0.5454    
   59.00      0.4822    
   60.00      0.4306    
   61.00      0.3896    
   62.00      0.3579    
   63.00      0.3340    
   64.00      0.3163    
   65.00      0.3032    
   66.00      0.2933    
   67.00      0.2853    
   68.00      0.2781    
   69.00      0.2708    
   70.00      0.2628    
   71.00      0.2537    
   72.00      0.2435    
   73.00      0.2323    
   74.00      0.2202    
   75.00      0.2077    
   76.00      0.1952    
   77.00      0.1831    
   78.00      0.1717    
   79.00      0.1616    
   80.00      0.1528    
 END
