#  81 angles,  1 tensor ranks for 0=projectile
@subtitle   "39K(3He,d)40Ca 21 MeV DWBA ZR 9405 keV Jpi=2- l=1 n=3 j=1/2"                   
@legend ON
@legend x1 0.2
@legend y1 0.8
@g0 type LOGY
@yaxis ticklabel format power
@legend string   0 "Lab energy =   21.0000"
#legend string   0 "Partition=  2 Excit=  1 near/far= 1"
#  Theta       sigma       iT11        T20         T21         T22         Kyy for projectile
   0.000       30.87    
   1.000       30.76    
   2.000       30.45    
   3.000       29.93    
   4.000       29.18    
   5.000       28.20    
   6.000       27.00    
   7.000       25.57    
   8.000       23.94    
   9.000       22.12    
   10.00       20.18    
   11.00       18.15    
   12.00       16.09    
   13.00       14.08    
   14.00       12.16    
   15.00       10.40    
   16.00       8.834    
   17.00       7.498    
   18.00       6.406    
   19.00       5.561    
   20.00       4.950    
   21.00       4.547    
   22.00       4.319    
   23.00       4.226    
   24.00       4.225    
   25.00       4.276    
   26.00       4.343    
   27.00       4.394    
   28.00       4.408    
   29.00       4.368    
   30.00       4.268    
   31.00       4.109    
   32.00       3.896    
   33.00       3.641    
   34.00       3.355    
   35.00       3.053    
   36.00       2.749    
   37.00       2.454    
   38.00       2.179    
   39.00       1.932    
   40.00       1.716    
   41.00       1.535    
   42.00       1.387    
   43.00       1.270    
   44.00       1.181    
   45.00       1.114    
   46.00       1.064    
   47.00       1.027    
   48.00      0.9973    
   49.00      0.9715    
   50.00      0.9462    
   51.00      0.9195    
   52.00      0.8898    
   53.00      0.8569    
   54.00      0.8208    
   55.00      0.7822    
   56.00      0.7421    
   57.00      0.7017    
   58.00      0.6620    
   59.00      0.6242    
   60.00      0.5890    
   61.00      0.5572    
   62.00      0.5289    
   63.00      0.5041    
   64.00      0.4828    
   65.00      0.4643    
   66.00      0.4481    
   67.00      0.4335    
   68.00      0.4198    
   69.00      0.4063    
   70.00      0.3924    
   71.00      0.3775    
   72.00      0.3614    
   73.00      0.3438    
   74.00      0.3247    
   75.00      0.3041    
   76.00      0.2823    
   77.00      0.2596    
   78.00      0.2365    
   79.00      0.2133    
   80.00      0.1906    
 END
