     0.0   1.503      1
     0.0   3.003     -1
     1.0   13.53      1
     1.0   27.04     -1
     2.0   30.05      1
     2.0   60.04     -1
     3.0   42.06      1
     3.0   83.99     -1
     4.0   53.90      1
     4.0   107.6     -1
     5.0   65.65      1
     5.0   130.8     -1
     6.0   75.81      1
     6.0   151.9     -1
     7.0   85.20      1
     7.0   167.6     -1
     8.0   84.10      1
     8.0   171.3     -1
     9.0   79.81      1
     9.0   157.7     -1
    10.0   64.31      1
    10.0   128.6     -1
    11.0   43.71      1
    11.0   90.95     -1
    12.0   30.52      1
    12.0   56.13     -1
    13.0   14.18      1
    13.0   31.70     -1
    14.0   9.607      1
    14.0   17.34     -1
    15.0   4.191      1
    15.0   9.395     -1
    16.0   2.803      1
    16.0   5.061     -1
    17.0   1.210      1
    17.0   2.712     -1
    18.0  0.8016      1
    18.0   1.447     -1
    19.0  0.3426      1
    19.0  0.7685     -1
    20.0  0.2253      1
    20.0  0.4066     -1
    21.0  0.9551E-01  1
    21.0  0.2143     -1
    22.0  0.6243E-01  1
    22.0  0.1126     -1
    23.0  0.2628E-01  1
    23.0  0.5898E-01 -1
    24.0  0.1709E-01  1
    24.0  0.3081E-01 -1
    25.0  0.7151E-02  1
    25.0  0.1606E-01 -1
    26.0  0.4629E-02  1
    26.0  0.8346E-02 -1
    27.0  0.1928E-02  1
    27.0  0.4329E-02 -1
    28.0  0.1243E-02  1
    28.0  0.2241E-02 -1
    29.0  0.5158E-03  1
    29.0  0.1158E-02 -1
    30.0  0.3311E-03  1
    30.0  0.5971E-03 -1
