#  81 angles,  1 tensor ranks for 0=projectile
@subtitle   "39K(3He,d)40Ca 21 MeV DWBA ZR 5903 keV Jpi=1- l=1 n=2 j=3/2"                   
@legend ON
@legend x1 0.2
@legend y1 0.8
@g0 type LOGY
@yaxis ticklabel format power
@xaxis label "Scattering angle (degrees)"
@yaxis label "Cross section (mb/sr)"
@legend string   0 "Partition=  1 Excit=  1 near/far= 1"
#legend string   0 "Lab energy =   21.0000"
@s0 linestyle   1
#  Theta       sigma       iT11        T20         T21         T22         Kyy for projectile
  0.1000E-01   1.000    
   1.000      0.9997    
   2.000       1.001    
   3.000      0.9801    
   4.000      0.9937    
   5.000       1.036    
   6.000       1.069    
   7.000       1.070    
   8.000       1.043    
   9.000       1.001    
   10.00      0.9589    
   11.00      0.9259    
   12.00      0.9030    
   13.00      0.8865    
   14.00      0.8704    
   15.00      0.8486    
   16.00      0.8173    
   17.00      0.7752    
   18.00      0.7238    
   19.00      0.6664    
   20.00      0.6075    
   21.00      0.5518    
   22.00      0.5029    
   23.00      0.4636    
   24.00      0.4347    
   25.00      0.4158    
   26.00      0.4051    
   27.00      0.3999    
   28.00      0.3972    
   29.00      0.3941    
   30.00      0.3882    
   31.00      0.3777    
   32.00      0.3620    
   33.00      0.3412    
   34.00      0.3163    
   35.00      0.2889    
   36.00      0.2608    
   37.00      0.2340    
   38.00      0.2104    
   39.00      0.1911    
   40.00      0.1770    
   41.00      0.1682    
   42.00      0.1644    
   43.00      0.1646    
   44.00      0.1677    
   45.00      0.1721    
   46.00      0.1765    
   47.00      0.1796    
   48.00      0.1803    
   49.00      0.1779    
   50.00      0.1722    
   51.00      0.1633    
   52.00      0.1516    
   53.00      0.1378    
   54.00      0.1229    
   55.00      0.1077    
   56.00      0.9318E-01
   57.00      0.8011E-01
   58.00      0.6912E-01
   59.00      0.6059E-01
   60.00      0.5467E-01
   61.00      0.5129E-01
   62.00      0.5018E-01
   63.00      0.5093E-01
   64.00      0.5301E-01
   65.00      0.5587E-01
   66.00      0.5895E-01
   67.00      0.6177E-01
   68.00      0.6392E-01
   69.00      0.6510E-01
   70.00      0.6515E-01
   71.00      0.6402E-01
   72.00      0.6176E-01
   73.00      0.5853E-01
   74.00      0.5453E-01
   75.00      0.5000E-01
   76.00      0.4522E-01
   77.00      0.4042E-01
   78.00      0.3583E-01
   79.00      0.3163E-01
   80.00      0.2793E-01
 END
@legend string   1 "Partition=  2 Excit=  1 near/far= 1"
#legend string   0 "Lab energy =   21.0000"
@s1 linestyle   2
#  Theta       sigma       iT11        T20         T21         T22         Kyy for projectile
   0.000       11.47    
   1.000       11.64    
   2.000       12.14    
   3.000       12.89    
   4.000       13.79    
   5.000       14.72    
   6.000       15.55    
   7.000       16.15    
   8.000       16.42    
   9.000       16.31    
   10.00       15.78    
   11.00       14.85    
   12.00       13.58    
   13.00       12.07    
   14.00       10.40    
   15.00       8.705    
   16.00       7.081    
   17.00       5.619    
   18.00       4.385    
   19.00       3.419    
   20.00       2.729    
   21.00       2.302    
   22.00       2.102    
   23.00       2.081    
   24.00       2.183    
   25.00       2.351    
   26.00       2.534    
   27.00       2.691    
   28.00       2.791    
   29.00       2.816    
   30.00       2.761    
   31.00       2.629    
   32.00       2.434    
   33.00       2.193    
   34.00       1.924    
   35.00       1.649    
   36.00       1.384    
   37.00       1.145    
   38.00      0.9402    
   39.00      0.7766    
   40.00      0.6556    
   41.00      0.5751    
   42.00      0.5304    
   43.00      0.5146    
   44.00      0.5197    
   45.00      0.5376    
   46.00      0.5608    
   47.00      0.5827    
   48.00      0.5986    
   49.00      0.6049    
   50.00      0.6000    
   51.00      0.5839    
   52.00      0.5574    
   53.00      0.5224    
   54.00      0.4816    
   55.00      0.4376    
   56.00      0.3932    
   57.00      0.3508    
   58.00      0.3125    
   59.00      0.2800    
   60.00      0.2541    
   61.00      0.2352    
   62.00      0.2233    
   63.00      0.2177    
   64.00      0.2174    
   65.00      0.2212    
   66.00      0.2278    
   67.00      0.2358    
   68.00      0.2439    
   69.00      0.2511    
   70.00      0.2565    
   71.00      0.2593    
   72.00      0.2592    
   73.00      0.2560    
   74.00      0.2497    
   75.00      0.2405    
   76.00      0.2288    
   77.00      0.2149    
   78.00      0.1995    
   79.00      0.1830    
   80.00      0.1661    
 END
