#  81 angles,  1 tensor ranks for 0=projectile
@subtitle   "39K(3He,d)40Ca 21 MeV DWBA ZR 8764 keV Jpi=3- l=1 n=2 j=3/2"                   
@legend ON
@legend x1 0.2
@legend y1 0.8
@g0 type LOGY
@yaxis ticklabel format power
@legend string   0 "Lab energy =   21.0000"
#legend string   0 "Partition=  2 Excit=  1 near/far= 1"
#  Theta       sigma       iT11        T20         T21         T22         Kyy for projectile
   0.000       28.84    
   1.000       28.80    
   2.000       28.67    
   3.000       28.42    
   4.000       28.05    
   5.000       27.50    
   6.000       26.77    
   7.000       25.82    
   8.000       24.65    
   9.000       23.26    
   10.00       21.67    
   11.00       19.93    
   12.00       18.09    
   13.00       16.21    
   14.00       14.37    
   15.00       12.63    
   16.00       11.05    
   17.00       9.686    
   18.00       8.560    
   19.00       7.681    
   20.00       7.042    
   21.00       6.616    
   22.00       6.366    
   23.00       6.248    
   24.00       6.213    
   25.00       6.218    
   26.00       6.221    
   27.00       6.190    
   28.00       6.102    
   29.00       5.942    
   30.00       5.707    
   31.00       5.401    
   32.00       5.033    
   33.00       4.618    
   34.00       4.176    
   35.00       3.724    
   36.00       3.280    
   37.00       2.861    
   38.00       2.478    
   39.00       2.141    
   40.00       1.852    
   41.00       1.615    
   42.00       1.427    
   43.00       1.284    
   44.00       1.180    
   45.00       1.108    
   46.00       1.060    
   47.00       1.029    
   48.00       1.009    
   49.00      0.9947    
   50.00      0.9807    
   51.00      0.9644    
   52.00      0.9437    
   53.00      0.9179    
   54.00      0.8872    
   55.00      0.8522    
   56.00      0.8143    
   57.00      0.7749    
   58.00      0.7354    
   59.00      0.6972    
   60.00      0.6615    
   61.00      0.6291    
   62.00      0.6008    
   63.00      0.5766    
   64.00      0.5566    
   65.00      0.5403    
   66.00      0.5273    
   67.00      0.5166    
   68.00      0.5075    
   69.00      0.4991    
   70.00      0.4907    
   71.00      0.4815    
   72.00      0.4710    
   73.00      0.4590    
   74.00      0.4450    
   75.00      0.4291    
   76.00      0.4114    
   77.00      0.3918    
   78.00      0.3708    
   79.00      0.3486    
   80.00      0.3257    
 END
