     0.0   1.497      1
     0.0   2.993     -1
     1.0   13.43      1
     1.0   26.93     -1
     2.0   29.90      1
     2.0   59.88     -1
     3.0   41.83      1
     3.0   83.80     -1
     4.0   53.75      1
     4.0   107.7     -1
     5.0   65.57      1
     5.0   131.1     -1
     6.0   76.02      1
     6.0   153.0     -1
     7.0   85.91      1
     7.0   169.3     -1
     8.0   84.55      1
     8.0   172.7     -1
     9.0   79.94      1
     9.0   158.3     -1
    10.0   64.23      1
    10.0   128.2     -1
    11.0   43.37      1
    11.0   90.32     -1
    12.0   30.29      1
    12.0   55.71     -1
    13.0   14.10      1
    13.0   31.49     -1
    14.0   9.552      1
    14.0   17.25     -1
    15.0   4.174      1
    15.0   9.354     -1
    16.0   2.792      1
    16.0   5.042     -1
    17.0   1.206      1
    17.0   2.704     -1
    18.0  0.7995      1
    18.0   1.443     -1
    19.0  0.3420      1
    19.0  0.7670     -1
    20.0  0.2250      1
    20.0  0.4059     -1
    21.0  0.9539E-01  1
    21.0  0.2140     -1
    22.0  0.6236E-01  1
    22.0  0.1125     -1
    23.0  0.2625E-01  1
    23.0  0.5893E-01 -1
    24.0  0.1707E-01  1
    24.0  0.3079E-01 -1
    25.0  0.7148E-02  1
    25.0  0.1605E-01 -1
    26.0  0.4627E-02  1
    26.0  0.8344E-02 -1
    27.0  0.1928E-02  1
    27.0  0.4329E-02 -1
    28.0  0.1243E-02  1
    28.0  0.2242E-02 -1
    29.0  0.5160E-03  1
    29.0  0.1158E-02 -1
    30.0  0.3313E-03  1
    30.0  0.5975E-03 -1
