#  81 angles,  1 tensor ranks for 0=projectile
@subtitle   "39K(3He,d)40Ca 21 MeV DWBA ZR 8748 keV Jpi=2+ l=4 n=2 j=7/2"                   
@legend ON
@legend x1 0.2
@legend y1 0.8
@g0 type LOGY
@yaxis ticklabel format power
@legend string   0 "Lab energy =   21.0000"
#legend string   0 "Partition=  2 Excit=  1 near/far= 1"
#  Theta       sigma       iT11        T20         T21         T22         Kyy for projectile
   0.000       2.878    
   1.000       2.884    
   2.000       2.901    
   3.000       2.928    
   4.000       2.965    
   5.000       3.011    
   6.000       3.063    
   7.000       3.121    
   8.000       3.183    
   9.000       3.247    
   10.00       3.311    
   11.00       3.374    
   12.00       3.435    
   13.00       3.492    
   14.00       3.544    
   15.00       3.590    
   16.00       3.628    
   17.00       3.656    
   18.00       3.675    
   19.00       3.681    
   20.00       3.674    
   21.00       3.653    
   22.00       3.617    
   23.00       3.563    
   24.00       3.492    
   25.00       3.403    
   26.00       3.296    
   27.00       3.170    
   28.00       3.027    
   29.00       2.868    
   30.00       2.696    
   31.00       2.514    
   32.00       2.324    
   33.00       2.131    
   34.00       1.939    
   35.00       1.751    
   36.00       1.569    
   37.00       1.398    
   38.00       1.239    
   39.00       1.094    
   40.00      0.9643    
   41.00      0.8505    
   42.00      0.7527    
   43.00      0.6707    
   44.00      0.6037    
   45.00      0.5504    
   46.00      0.5094    
   47.00      0.4788    
   48.00      0.4566    
   49.00      0.4409    
   50.00      0.4297    
   51.00      0.4213    
   52.00      0.4141    
   53.00      0.4069    
   54.00      0.3988    
   55.00      0.3890    
   56.00      0.3773    
   57.00      0.3635    
   58.00      0.3476    
   59.00      0.3299    
   60.00      0.3107    
   61.00      0.2904    
   62.00      0.2696    
   63.00      0.2487    
   64.00      0.2283    
   65.00      0.2087    
   66.00      0.1904    
   67.00      0.1737    
   68.00      0.1588    
   69.00      0.1457    
   70.00      0.1345    
   71.00      0.1251    
   72.00      0.1174    
   73.00      0.1111    
   74.00      0.1060    
   75.00      0.1019    
   76.00      0.9856E-01
   77.00      0.9570E-01
   78.00      0.9312E-01
   79.00      0.9063E-01
   80.00      0.8809E-01
 END
