#  81 angles,  1 tensor ranks for 0=projectile
@subtitle   "39K(3He,d)40Ca 21 MeV DWBA ZR 8748 keV Jpi=2+ l=4 n=1 j=7/2"                   
@legend ON
@legend x1 0.2
@legend y1 0.8
@g0 type LOGY
@yaxis ticklabel format power
@xaxis label "Scattering angle (degrees)"
@yaxis label "Cross section (mb/sr)"
@legend string   0 "Partition=  1 Excit=  1 near/far= 1"
#legend string   0 "Lab energy =   21.0000"
@s0 linestyle   1
#  Theta       sigma       iT11        T20         T21         T22         Kyy for projectile
  0.1000E-01   1.000    
   1.000      0.9997    
   2.000       1.001    
   3.000      0.9801    
   4.000      0.9937    
   5.000       1.036    
   6.000       1.069    
   7.000       1.070    
   8.000       1.043    
   9.000       1.001    
   10.00      0.9589    
   11.00      0.9259    
   12.00      0.9030    
   13.00      0.8865    
   14.00      0.8704    
   15.00      0.8486    
   16.00      0.8173    
   17.00      0.7752    
   18.00      0.7238    
   19.00      0.6664    
   20.00      0.6075    
   21.00      0.5518    
   22.00      0.5029    
   23.00      0.4636    
   24.00      0.4347    
   25.00      0.4158    
   26.00      0.4051    
   27.00      0.3999    
   28.00      0.3972    
   29.00      0.3941    
   30.00      0.3882    
   31.00      0.3777    
   32.00      0.3620    
   33.00      0.3412    
   34.00      0.3163    
   35.00      0.2889    
   36.00      0.2608    
   37.00      0.2340    
   38.00      0.2104    
   39.00      0.1911    
   40.00      0.1770    
   41.00      0.1682    
   42.00      0.1644    
   43.00      0.1646    
   44.00      0.1677    
   45.00      0.1721    
   46.00      0.1765    
   47.00      0.1796    
   48.00      0.1803    
   49.00      0.1779    
   50.00      0.1722    
   51.00      0.1633    
   52.00      0.1516    
   53.00      0.1378    
   54.00      0.1229    
   55.00      0.1077    
   56.00      0.9318E-01
   57.00      0.8011E-01
   58.00      0.6912E-01
   59.00      0.6059E-01
   60.00      0.5467E-01
   61.00      0.5129E-01
   62.00      0.5018E-01
   63.00      0.5093E-01
   64.00      0.5301E-01
   65.00      0.5587E-01
   66.00      0.5895E-01
   67.00      0.6177E-01
   68.00      0.6392E-01
   69.00      0.6510E-01
   70.00      0.6515E-01
   71.00      0.6402E-01
   72.00      0.6176E-01
   73.00      0.5853E-01
   74.00      0.5453E-01
   75.00      0.5000E-01
   76.00      0.4522E-01
   77.00      0.4042E-01
   78.00      0.3583E-01
   79.00      0.3163E-01
   80.00      0.2793E-01
 END
@legend string   1 "Partition=  2 Excit=  1 near/far= 1"
#legend string   0 "Lab energy =   21.0000"
@s1 linestyle   2
#  Theta       sigma       iT11        T20         T21         T22         Kyy for projectile
   0.000       1.211    
   1.000       1.210    
   2.000       1.208    
   3.000       1.205    
   4.000       1.201    
   5.000       1.197    
   6.000       1.193    
   7.000       1.189    
   8.000       1.186    
   9.000       1.184    
   10.00       1.183    
   11.00       1.185    
   12.00       1.188    
   13.00       1.194    
   14.00       1.201    
   15.00       1.209    
   16.00       1.219    
   17.00       1.228    
   18.00       1.237    
   19.00       1.245    
   20.00       1.249    
   21.00       1.251    
   22.00       1.247    
   23.00       1.238    
   24.00       1.223    
   25.00       1.201    
   26.00       1.172    
   27.00       1.135    
   28.00       1.091    
   29.00       1.040    
   30.00      0.9829    
   31.00      0.9211    
   32.00      0.8556    
   33.00      0.7880    
   34.00      0.7195    
   35.00      0.6516    
   36.00      0.5855    
   37.00      0.5226    
   38.00      0.4636    
   39.00      0.4095    
   40.00      0.3606    
   41.00      0.3175    
   42.00      0.2802    
   43.00      0.2486    
   44.00      0.2227    
   45.00      0.2019    
   46.00      0.1858    
   47.00      0.1736    
   48.00      0.1648    
   49.00      0.1585    
   50.00      0.1540    
   51.00      0.1508    
   52.00      0.1481    
   53.00      0.1455    
   54.00      0.1428    
   55.00      0.1395    
   56.00      0.1356    
   57.00      0.1310    
   58.00      0.1257    
   59.00      0.1197    
   60.00      0.1131    
   61.00      0.1060    
   62.00      0.9868E-01
   63.00      0.9121E-01
   64.00      0.8380E-01
   65.00      0.7660E-01
   66.00      0.6977E-01
   67.00      0.6341E-01
   68.00      0.5763E-01
   69.00      0.5247E-01
   70.00      0.4795E-01
   71.00      0.4408E-01
   72.00      0.4081E-01
   73.00      0.3809E-01
   74.00      0.3585E-01
   75.00      0.3402E-01
   76.00      0.3252E-01
   77.00      0.3128E-01
   78.00      0.3024E-01
   79.00      0.2933E-01
   80.00      0.2851E-01
 END
