#  81 angles,  1 tensor ranks for 0=projectile
@subtitle   "39K(3He,d)40Ca 21 MeV DWBA ZR 8748 keV Jpi=2+ l=4 n=1 j=7/2"                   
@legend ON
@legend x1 0.2
@legend y1 0.8
@g0 type LOGY
@yaxis ticklabel format power
@legend string   0 "Lab energy =   21.0000"
#legend string   0 "Partition=  2 Excit=  1 near/far= 1"
#  Theta       sigma       iT11        T20         T21         T22         Kyy for projectile
   0.000       1.211    
   1.000       1.210    
   2.000       1.208    
   3.000       1.205    
   4.000       1.201    
   5.000       1.197    
   6.000       1.193    
   7.000       1.189    
   8.000       1.186    
   9.000       1.184    
   10.00       1.183    
   11.00       1.185    
   12.00       1.188    
   13.00       1.194    
   14.00       1.201    
   15.00       1.209    
   16.00       1.219    
   17.00       1.228    
   18.00       1.237    
   19.00       1.245    
   20.00       1.249    
   21.00       1.251    
   22.00       1.247    
   23.00       1.238    
   24.00       1.223    
   25.00       1.201    
   26.00       1.172    
   27.00       1.135    
   28.00       1.091    
   29.00       1.040    
   30.00      0.9829    
   31.00      0.9211    
   32.00      0.8556    
   33.00      0.7880    
   34.00      0.7195    
   35.00      0.6516    
   36.00      0.5855    
   37.00      0.5226    
   38.00      0.4636    
   39.00      0.4095    
   40.00      0.3606    
   41.00      0.3175    
   42.00      0.2802    
   43.00      0.2486    
   44.00      0.2227    
   45.00      0.2019    
   46.00      0.1858    
   47.00      0.1736    
   48.00      0.1648    
   49.00      0.1585    
   50.00      0.1540    
   51.00      0.1508    
   52.00      0.1481    
   53.00      0.1455    
   54.00      0.1428    
   55.00      0.1395    
   56.00      0.1356    
   57.00      0.1310    
   58.00      0.1257    
   59.00      0.1197    
   60.00      0.1131    
   61.00      0.1060    
   62.00      0.9868E-01
   63.00      0.9121E-01
   64.00      0.8380E-01
   65.00      0.7660E-01
   66.00      0.6977E-01
   67.00      0.6341E-01
   68.00      0.5763E-01
   69.00      0.5247E-01
   70.00      0.4795E-01
   71.00      0.4408E-01
   72.00      0.4081E-01
   73.00      0.3809E-01
   74.00      0.3585E-01
   75.00      0.3402E-01
   76.00      0.3252E-01
   77.00      0.3128E-01
   78.00      0.3024E-01
   79.00      0.2933E-01
   80.00      0.2851E-01
 END
