#  81 angles,  1 tensor ranks for 0=projectile
@subtitle   "39K(3He,d)40Ca 21 MeV DWBA ZR 9226.69 keV Jpi=1- l=1 n=2 j=3/2"                
@legend ON
@legend x1 0.2
@legend y1 0.8
@g0 type LOGY
@yaxis ticklabel format power
@legend string   0 "Lab energy =   21.0000"
#legend string   0 "Partition=  2 Excit=  1 near/far= 1"
#  Theta       sigma       iT11        T20         T21         T22         Kyy for projectile
   0.000       9.693    
   1.000       9.674    
   2.000       9.615    
   3.000       9.512    
   4.000       9.357    
   5.000       9.144    
   6.000       8.866    
   7.000       8.518    
   8.000       8.102    
   9.000       7.621    
   10.00       7.086    
   11.00       6.512    
   12.00       5.916    
   13.00       5.319    
   14.00       4.742    
   15.00       4.204    
   16.00       3.721    
   17.00       3.307    
   18.00       2.967    
   19.00       2.703    
   20.00       2.511    
   21.00       2.384    
   22.00       2.310    
   23.00       2.275    
   24.00       2.265    
   25.00       2.265    
   26.00       2.264    
   27.00       2.250    
   28.00       2.216    
   29.00       2.159    
   30.00       2.076    
   31.00       1.968    
   32.00       1.840    
   33.00       1.696    
   34.00       1.542    
   35.00       1.384    
   36.00       1.228    
   37.00       1.079    
   38.00      0.9419    
   39.00      0.8189    
   40.00      0.7122    
   41.00      0.6226    
   42.00      0.5497    
   43.00      0.4924    
   44.00      0.4491    
   45.00      0.4175    
   46.00      0.3952    
   47.00      0.3799    
   48.00      0.3695    
   49.00      0.3619    
   50.00      0.3557    
   51.00      0.3496    
   52.00      0.3429    
   53.00      0.3350    
   54.00      0.3259    
   55.00      0.3155    
   56.00      0.3041    
   57.00      0.2920    
   58.00      0.2797    
   59.00      0.2676    
   60.00      0.2560    
   61.00      0.2452    
   62.00      0.2354    
   63.00      0.2268    
   64.00      0.2193    
   65.00      0.2128    
   66.00      0.2072    
   67.00      0.2023    
   68.00      0.1979    
   69.00      0.1938    
   70.00      0.1896    
   71.00      0.1854    
   72.00      0.1807    
   73.00      0.1756    
   74.00      0.1700    
   75.00      0.1637    
   76.00      0.1568    
   77.00      0.1494    
   78.00      0.1415    
   79.00      0.1333    
   80.00      0.1248    
 END
