#  81 angles,  1 tensor ranks for 0=projectile
@subtitle   "39K(3He,d)40Ca 21 MeV DWBA ZR 9226.69 keV Jpi=1- l=1 n=2 j=3/2"                
@legend ON
@legend x1 0.2
@legend y1 0.8
@g0 type LOGY
@yaxis ticklabel format power
@xaxis label "Scattering angle (degrees)"
@yaxis label "Cross section (mb/sr)"
@legend string   0 "Partition=  1 Excit=  1 near/far= 1"
#legend string   0 "Lab energy =   21.0000"
@s0 linestyle   1
#  Theta       sigma       iT11        T20         T21         T22         Kyy for projectile
  0.1000E-01   1.000    
   1.000      0.9997    
   2.000       1.001    
   3.000      0.9801    
   4.000      0.9937    
   5.000       1.036    
   6.000       1.069    
   7.000       1.070    
   8.000       1.043    
   9.000       1.001    
   10.00      0.9589    
   11.00      0.9259    
   12.00      0.9030    
   13.00      0.8865    
   14.00      0.8704    
   15.00      0.8486    
   16.00      0.8173    
   17.00      0.7752    
   18.00      0.7238    
   19.00      0.6664    
   20.00      0.6075    
   21.00      0.5518    
   22.00      0.5029    
   23.00      0.4636    
   24.00      0.4347    
   25.00      0.4158    
   26.00      0.4051    
   27.00      0.3999    
   28.00      0.3972    
   29.00      0.3941    
   30.00      0.3882    
   31.00      0.3777    
   32.00      0.3620    
   33.00      0.3412    
   34.00      0.3163    
   35.00      0.2889    
   36.00      0.2608    
   37.00      0.2340    
   38.00      0.2104    
   39.00      0.1911    
   40.00      0.1770    
   41.00      0.1682    
   42.00      0.1644    
   43.00      0.1646    
   44.00      0.1677    
   45.00      0.1721    
   46.00      0.1765    
   47.00      0.1796    
   48.00      0.1803    
   49.00      0.1779    
   50.00      0.1722    
   51.00      0.1633    
   52.00      0.1516    
   53.00      0.1378    
   54.00      0.1229    
   55.00      0.1077    
   56.00      0.9318E-01
   57.00      0.8011E-01
   58.00      0.6912E-01
   59.00      0.6059E-01
   60.00      0.5467E-01
   61.00      0.5129E-01
   62.00      0.5018E-01
   63.00      0.5093E-01
   64.00      0.5301E-01
   65.00      0.5587E-01
   66.00      0.5895E-01
   67.00      0.6177E-01
   68.00      0.6392E-01
   69.00      0.6510E-01
   70.00      0.6515E-01
   71.00      0.6402E-01
   72.00      0.6176E-01
   73.00      0.5853E-01
   74.00      0.5453E-01
   75.00      0.5000E-01
   76.00      0.4522E-01
   77.00      0.4042E-01
   78.00      0.3583E-01
   79.00      0.3163E-01
   80.00      0.2793E-01
 END
@legend string   1 "Partition=  2 Excit=  1 near/far= 1"
#legend string   0 "Lab energy =   21.0000"
@s1 linestyle   2
#  Theta       sigma       iT11        T20         T21         T22         Kyy for projectile
   0.000       9.693    
   1.000       9.674    
   2.000       9.615    
   3.000       9.512    
   4.000       9.357    
   5.000       9.144    
   6.000       8.866    
   7.000       8.518    
   8.000       8.102    
   9.000       7.621    
   10.00       7.086    
   11.00       6.512    
   12.00       5.916    
   13.00       5.319    
   14.00       4.742    
   15.00       4.204    
   16.00       3.721    
   17.00       3.307    
   18.00       2.967    
   19.00       2.703    
   20.00       2.511    
   21.00       2.384    
   22.00       2.310    
   23.00       2.275    
   24.00       2.265    
   25.00       2.265    
   26.00       2.264    
   27.00       2.250    
   28.00       2.216    
   29.00       2.159    
   30.00       2.076    
   31.00       1.968    
   32.00       1.840    
   33.00       1.696    
   34.00       1.542    
   35.00       1.384    
   36.00       1.228    
   37.00       1.079    
   38.00      0.9419    
   39.00      0.8189    
   40.00      0.7122    
   41.00      0.6226    
   42.00      0.5497    
   43.00      0.4924    
   44.00      0.4491    
   45.00      0.4175    
   46.00      0.3952    
   47.00      0.3799    
   48.00      0.3695    
   49.00      0.3619    
   50.00      0.3557    
   51.00      0.3496    
   52.00      0.3429    
   53.00      0.3350    
   54.00      0.3259    
   55.00      0.3155    
   56.00      0.3041    
   57.00      0.2920    
   58.00      0.2797    
   59.00      0.2676    
   60.00      0.2560    
   61.00      0.2452    
   62.00      0.2354    
   63.00      0.2268    
   64.00      0.2193    
   65.00      0.2128    
   66.00      0.2072    
   67.00      0.2023    
   68.00      0.1979    
   69.00      0.1938    
   70.00      0.1896    
   71.00      0.1854    
   72.00      0.1807    
   73.00      0.1756    
   74.00      0.1700    
   75.00      0.1637    
   76.00      0.1568    
   77.00      0.1494    
   78.00      0.1415    
   79.00      0.1333    
   80.00      0.1248    
 END
