#  81 angles,  1 tensor ranks for 0=projectile
@subtitle   "39K(3He,d)40Ca 21 MeV DWBA ZR 6285 keV Jpi=3- l=1 n=2 j=3/2"                   
@legend ON
@legend x1 0.2
@legend y1 0.8
@g0 type LOGY
@yaxis ticklabel format power
@legend string   0 "Lab energy =   21.0000"
#legend string   0 "Partition=  2 Excit=  1 near/far= 1"
#  Theta       sigma       iT11        T20         T21         T22         Kyy for projectile
   0.000       29.30    
   1.000       29.64    
   2.000       30.60    
   3.000       32.05    
   4.000       33.77    
   5.000       35.51    
   6.000       37.01    
   7.000       38.00    
   8.000       38.29    
   9.000       37.76    
   10.00       36.34    
   11.00       34.11    
   12.00       31.17    
   13.00       27.72    
   14.00       23.98    
   15.00       20.19    
   16.00       16.58    
   17.00       13.33    
   18.00       10.59    
   19.00       8.438    
   20.00       6.890    
   21.00       5.916    
   22.00       5.440    
   23.00       5.355    
   24.00       5.540    
   25.00       5.872    
   26.00       6.240    
   27.00       6.551    
   28.00       6.739    
   29.00       6.764    
   30.00       6.612    
   31.00       6.294    
   32.00       5.834    
   33.00       5.271    
   34.00       4.648    
   35.00       4.007    
   36.00       3.388    
   37.00       2.822    
   38.00       2.334    
   39.00       1.936    
   40.00       1.633    
   41.00       1.423    
   42.00       1.295    
   43.00       1.235    
   44.00       1.226    
   45.00       1.250    
   46.00       1.290    
   47.00       1.332    
   48.00       1.364    
   49.00       1.378    
   50.00       1.369    
   51.00       1.337    
   52.00       1.283    
   53.00       1.211    
   54.00       1.125    
   55.00       1.031    
   56.00      0.9348    
   57.00      0.8419    
   58.00      0.7568    
   59.00      0.6831    
   60.00      0.6232    
   61.00      0.5782    
   62.00      0.5480    
   63.00      0.5316    
   64.00      0.5269    
   65.00      0.5315    
   66.00      0.5425    
   67.00      0.5570    
   68.00      0.5724    
   69.00      0.5862    
   70.00      0.5965    
   71.00      0.6018    
   72.00      0.6010    
   73.00      0.5936    
   74.00      0.5796    
   75.00      0.5593    
   76.00      0.5334    
   77.00      0.5027    
   78.00      0.4685    
   79.00      0.4318    
   80.00      0.3939    
 END
