     0.0   1.503      1
     0.0   3.006     -1
     1.0   13.53      1
     1.0   27.06     -1
     2.0   30.05      1
     2.0   60.11     -1
     3.0   42.08      1
     3.0   84.13     -1
     4.0   54.01      1
     4.0   108.0     -1
     5.0   65.93      1
     5.0   131.6     -1
     6.0   76.35      1
     6.0   153.5     -1
     7.0   86.45      1
     7.0   170.1     -1
     8.0   85.19      1
     8.0   174.1     -1
     9.0   81.20      1
     9.0   160.3     -1
    10.0   65.03      1
    10.0   130.3     -1
    11.0   44.04      1
    11.0   91.60     -1
    12.0   30.51      1
    12.0   56.18     -1
    13.0   14.19      1
    13.0   31.55     -1
    14.0   9.499      1
    14.0   17.24     -1
    15.0   4.189      1
    15.0   9.342     -1
    16.0   2.779      1
    16.0   5.035     -1
    17.0   1.209      1
    17.0   2.700     -1
    18.0  0.7965      1
    18.0   1.441     -1
    19.0  0.3423      1
    19.0  0.7659     -1
    20.0  0.2243      1
    20.0  0.4053     -1
    21.0  0.9543E-01  1
    21.0  0.2137     -1
    22.0  0.6220E-01  1
    22.0  0.1123     -1
    23.0  0.2626E-01  1
    23.0  0.5886E-01 -1
    24.0  0.1704E-01  1
    24.0  0.3075E-01 -1
    25.0  0.7146E-02  1
    25.0  0.1603E-01 -1
    26.0  0.4618E-02  1
    26.0  0.8333E-02 -1
    27.0  0.1927E-02  1
    27.0  0.4323E-02 -1
    28.0  0.1240E-02  1
    28.0  0.2238E-02 -1
    29.0  0.5151E-03  1
    29.0  0.1156E-02 -1
    30.0  0.3302E-03  1
    30.0  0.5958E-03 -1
