#  81 angles,  1 tensor ranks for 0=projectile
@subtitle   "39K(3He,d)40Ca 21 MeV DWBA ZR 6025 keV Jpi=2- l=3 n=2 j=7/2"                   
@legend ON
@legend x1 0.2
@legend y1 0.8
@g0 type LOGY
@yaxis ticklabel format power
@legend string   0 "Lab energy =   21.0000"
#legend string   0 "Partition=  2 Excit=  1 near/far= 1"
#  Theta       sigma       iT11        T20         T21         T22         Kyy for projectile
   0.000       1.490    
   1.000       1.492    
   2.000       1.498    
   3.000       1.508    
   4.000       1.524    
   5.000       1.544    
   6.000       1.572    
   7.000       1.608    
   8.000       1.653    
   9.000       1.707    
   10.00       1.772    
   11.00       1.847    
   12.00       1.931    
   13.00       2.021    
   14.00       2.113    
   15.00       2.202    
   16.00       2.283    
   17.00       2.349    
   18.00       2.397    
   19.00       2.419    
   20.00       2.412    
   21.00       2.375    
   22.00       2.306    
   23.00       2.206    
   24.00       2.079    
   25.00       1.929    
   26.00       1.762    
   27.00       1.582    
   28.00       1.399    
   29.00       1.217    
   30.00       1.044    
   31.00      0.8846    
   32.00      0.7426    
   33.00      0.6210    
   34.00      0.5213    
   35.00      0.4433    
   36.00      0.3860    
   37.00      0.3472    
   38.00      0.3239    
   39.00      0.3130    
   40.00      0.3109    
   41.00      0.3145    
   42.00      0.3208    
   43.00      0.3271    
   44.00      0.3316    
   45.00      0.3326    
   46.00      0.3295    
   47.00      0.3217    
   48.00      0.3096    
   49.00      0.2935    
   50.00      0.2743    
   51.00      0.2529    
   52.00      0.2305    
   53.00      0.2079    
   54.00      0.1861    
   55.00      0.1659    
   56.00      0.1477    
   57.00      0.1319    
   58.00      0.1187    
   59.00      0.1079    
   60.00      0.9941E-01
   61.00      0.9292E-01
   62.00      0.8806E-01
   63.00      0.8445E-01
   64.00      0.8170E-01
   65.00      0.7945E-01
   66.00      0.7741E-01
   67.00      0.7533E-01
   68.00      0.7306E-01
   69.00      0.7051E-01
   70.00      0.6767E-01
   71.00      0.6456E-01
   72.00      0.6129E-01
   73.00      0.5797E-01
   74.00      0.5472E-01
   75.00      0.5170E-01
   76.00      0.4902E-01
   77.00      0.4679E-01
   78.00      0.4508E-01
   79.00      0.4394E-01
   80.00      0.4339E-01
 END
