     0.0   1.501      1
     0.0   3.004     -1
     1.0   13.52      1
     1.0   27.05     -1
     2.0   30.04      1
     2.0   60.09     -1
     3.0   42.06      1
     3.0   84.11     -1
     4.0   53.97      1
     4.0   108.0     -1
     5.0   65.92      1
     5.0   131.6     -1
     6.0   76.32      1
     6.0   153.5     -1
     7.0   86.44      1
     7.0   170.0     -1
     8.0   85.12      1
     8.0   174.0     -1
     9.0   81.23      1
     9.0   160.2     -1
    10.0   65.17      1
    10.0   130.5     -1
    11.0   44.28      1
    11.0   92.09     -1
    12.0   30.84      1
    12.0   56.72     -1
    13.0   14.31      1
    13.0   31.98     -1
    14.0   9.673      1
    14.0   17.46     -1
    15.0   4.214      1
    15.0   9.447     -1
    16.0   2.815      1
    16.0   5.082     -1
    17.0   1.214      1
    17.0   2.721     -1
    18.0  0.8037      1
    18.0   1.451     -1
    19.0  0.3433      1
    19.0  0.7701     -1
    20.0  0.2257      1
    20.0  0.4072     -1
    21.0  0.9563E-01  1
    21.0  0.2146     -1
    22.0  0.6249E-01  1
    22.0  0.1127     -1
    23.0  0.2630E-01  1
    23.0  0.5903E-01 -1
    24.0  0.1710E-01  1
    24.0  0.3083E-01 -1
    25.0  0.7154E-02  1
    25.0  0.1606E-01 -1
    26.0  0.4630E-02  1
    26.0  0.8347E-02 -1
    27.0  0.1927E-02  1
    27.0  0.4328E-02 -1
    28.0  0.1242E-02  1
    28.0  0.2239E-02 -1
    29.0  0.5148E-03  1
    29.0  0.1156E-02 -1
    30.0  0.3293E-03  1
    30.0  0.5937E-03 -1
