     0.0   1.493      1
     0.0   2.990     -1
     1.0   13.42      1
     1.0   26.92     -1
     2.0   29.89      1
     2.0   59.88     -1
     3.0   41.83      1
     3.0   83.83     -1
     4.0   53.71      1
     4.0   107.6     -1
     5.0   65.50      1
     5.0   131.0     -1
     6.0   75.84      1
     6.0   152.5     -1
     7.0   85.40      1
     7.0   168.4     -1
     8.0   83.82      1
     8.0   171.3     -1
     9.0   78.49      1
     9.0   155.8     -1
    10.0   62.94      1
    10.0   124.9     -1
    11.0   41.73      1
    11.0   87.37     -1
    12.0   29.33      1
    12.0   53.86     -1
    13.0   13.67      1
    13.0   30.57     -1
    14.0   9.316      1
    14.0   16.82     -1
    15.0   4.085      1
    15.0   9.158     -1
    16.0   2.744      1
    16.0   4.954     -1
    17.0   1.188      1
    17.0   2.664     -1
    18.0  0.7897      1
    18.0   1.425     -1
    19.0  0.3383      1
    19.0  0.7588     -1
    20.0  0.2229      1
    20.0  0.4022     -1
    21.0  0.9464E-01  1
    21.0  0.2124     -1
    22.0  0.6195E-01  1
    22.0  0.1117     -1
    23.0  0.2610E-01  1
    23.0  0.5860E-01 -1
    24.0  0.1699E-01  1
    24.0  0.3064E-01 -1
    25.0  0.7120E-02  1
    25.0  0.1598E-01 -1
    26.0  0.4612E-02  1
    26.0  0.8316E-02 -1
    27.0  0.1923E-02  1
    27.0  0.4317E-02 -1
    28.0  0.1240E-02  1
    28.0  0.2237E-02 -1
    29.0  0.5156E-03  1
    29.0  0.1157E-02 -1
    30.0  0.3311E-03  1
    30.0  0.5972E-03 -1
