#  81 angles,  1 tensor ranks for 0=projectile
@subtitle   "39K(3He,d)40Ca 21 MeV DWBA ZR 6931 keV Jpi=3- l=1 n=3 j=3/2"                   
@legend ON
@legend x1 0.2
@legend y1 0.8
@g0 type LOGY
@yaxis ticklabel format power
@legend string   0 "Lab energy =   21.0000"
#legend string   0 "Partition=  2 Excit=  1 near/far= 1"
#  Theta       sigma       iT11        T20         T21         T22         Kyy for projectile
   0.000       58.50    
   1.000       58.87    
   2.000       59.91    
   3.000       61.44    
   4.000       63.17    
   5.000       64.79    
   6.000       65.92    
   7.000       66.27    
   8.000       65.59    
   9.000       63.72    
   10.00       60.63    
   11.00       56.43    
   12.00       51.30    
   13.00       45.52    
   14.00       39.43    
   15.00       33.36    
   16.00       27.64    
   17.00       22.54    
   18.00       18.26    
   19.00       14.91    
   20.00       12.51    
   21.00       10.98    
   22.00       10.21    
   23.00       10.03    
   24.00       10.24    
   25.00       10.65    
   26.00       11.10    
   27.00       11.44    
   28.00       11.59    
   29.00       11.48    
   30.00       11.09    
   31.00       10.44    
   32.00       9.579    
   33.00       8.556    
   34.00       7.443    
   35.00       6.312    
   36.00       5.227    
   37.00       4.244    
   38.00       3.404    
   39.00       2.730    
   40.00       2.233    
   41.00       1.907    
   42.00       1.735    
   43.00       1.693    
   44.00       1.751    
   45.00       1.879    
   46.00       2.045    
   47.00       2.222    
   48.00       2.386    
   49.00       2.519    
   50.00       2.609    
   51.00       2.648    
   52.00       2.633    
   53.00       2.568    
   54.00       2.459    
   55.00       2.312    
   56.00       2.139    
   57.00       1.950    
   58.00       1.753    
   59.00       1.559    
   60.00       1.373    
   61.00       1.201    
   62.00       1.048    
   63.00      0.9138    
   64.00      0.8008    
   65.00      0.7079    
   66.00      0.6339    
   67.00      0.5767    
   68.00      0.5338    
   69.00      0.5025    
   70.00      0.4800    
   71.00      0.4638    
   72.00      0.4517    
   73.00      0.4417    
   74.00      0.4326    
   75.00      0.4234    
   76.00      0.4135    
   77.00      0.4027    
   78.00      0.3910    
   79.00      0.3785    
   80.00      0.3655    
 END
