#  81 angles,  1 tensor ranks for 0=projectile
@subtitle   "39K(3He,d)40Ca 21 MeV DWBA ZR 9227.43 keV Jpi=2+ l=4 n=2 j=7/2"                
@legend ON
@legend x1 0.2
@legend y1 0.8
@g0 type LOGY
@yaxis ticklabel format power
@legend string   0 "Lab energy =   21.0000"
#legend string   0 "Partition=  2 Excit=  1 near/far= 1"
#  Theta       sigma       iT11        T20         T21         T22         Kyy for projectile
   0.000       3.010    
   1.000       3.014    
   2.000       3.026    
   3.000       3.045    
   4.000       3.072    
   5.000       3.105    
   6.000       3.144    
   7.000       3.187    
   8.000       3.232    
   9.000       3.279    
   10.00       3.326    
   11.00       3.371    
   12.00       3.412    
   13.00       3.449    
   14.00       3.480    
   15.00       3.506    
   16.00       3.523    
   17.00       3.533    
   18.00       3.534    
   19.00       3.524    
   20.00       3.503    
   21.00       3.468    
   22.00       3.419    
   23.00       3.355    
   24.00       3.275    
   25.00       3.180    
   26.00       3.069    
   27.00       2.944    
   28.00       2.806    
   29.00       2.657    
   30.00       2.498    
   31.00       2.333    
   32.00       2.163    
   33.00       1.990    
   34.00       1.819    
   35.00       1.650    
   36.00       1.487    
   37.00       1.333    
   38.00       1.189    
   39.00       1.057    
   40.00      0.9387    
   41.00      0.8346    
   42.00      0.7448    
   43.00      0.6689    
   44.00      0.6062    
   45.00      0.5554    
   46.00      0.5152    
   47.00      0.4841    
   48.00      0.4604    
   49.00      0.4428    
   50.00      0.4296    
   51.00      0.4194    
   52.00      0.4110    
   53.00      0.4030    
   54.00      0.3946    
   55.00      0.3849    
   56.00      0.3736    
   57.00      0.3602    
   58.00      0.3448    
   59.00      0.3276    
   60.00      0.3089    
   61.00      0.2892    
   62.00      0.2690    
   63.00      0.2487    
   64.00      0.2289    
   65.00      0.2099    
   66.00      0.1920    
   67.00      0.1755    
   68.00      0.1606    
   69.00      0.1473    
   70.00      0.1356    
   71.00      0.1256    
   72.00      0.1172    
   73.00      0.1102    
   74.00      0.1045    
   75.00      0.9977E-01
   76.00      0.9590E-01
   77.00      0.9265E-01
   78.00      0.8979E-01
   79.00      0.8717E-01
   80.00      0.8462E-01
 END
