#  81 angles,  1 tensor ranks for 0=projectile
@subtitle   "39K(3He,d)40Ca 21 MeV DWBA ZR 9227.43 keV Jpi=2+ l=4 n=2 j=7/2"                
@legend ON
@legend x1 0.2
@legend y1 0.8
@g0 type LOGY
@yaxis ticklabel format power
@xaxis label "Scattering angle (degrees)"
@yaxis label "Cross section (mb/sr)"
@legend string   0 "Partition=  1 Excit=  1 near/far= 1"
#legend string   0 "Lab energy =   21.0000"
@s0 linestyle   1
#  Theta       sigma       iT11        T20         T21         T22         Kyy for projectile
  0.1000E-01   1.000    
   1.000      0.9997    
   2.000       1.001    
   3.000      0.9801    
   4.000      0.9937    
   5.000       1.036    
   6.000       1.069    
   7.000       1.070    
   8.000       1.043    
   9.000       1.001    
   10.00      0.9589    
   11.00      0.9259    
   12.00      0.9030    
   13.00      0.8865    
   14.00      0.8704    
   15.00      0.8486    
   16.00      0.8173    
   17.00      0.7752    
   18.00      0.7238    
   19.00      0.6664    
   20.00      0.6075    
   21.00      0.5518    
   22.00      0.5029    
   23.00      0.4636    
   24.00      0.4347    
   25.00      0.4158    
   26.00      0.4051    
   27.00      0.3999    
   28.00      0.3972    
   29.00      0.3941    
   30.00      0.3882    
   31.00      0.3777    
   32.00      0.3620    
   33.00      0.3412    
   34.00      0.3163    
   35.00      0.2889    
   36.00      0.2608    
   37.00      0.2340    
   38.00      0.2104    
   39.00      0.1911    
   40.00      0.1770    
   41.00      0.1682    
   42.00      0.1644    
   43.00      0.1646    
   44.00      0.1677    
   45.00      0.1721    
   46.00      0.1765    
   47.00      0.1796    
   48.00      0.1803    
   49.00      0.1779    
   50.00      0.1722    
   51.00      0.1633    
   52.00      0.1516    
   53.00      0.1378    
   54.00      0.1229    
   55.00      0.1077    
   56.00      0.9318E-01
   57.00      0.8011E-01
   58.00      0.6912E-01
   59.00      0.6059E-01
   60.00      0.5467E-01
   61.00      0.5129E-01
   62.00      0.5018E-01
   63.00      0.5093E-01
   64.00      0.5301E-01
   65.00      0.5587E-01
   66.00      0.5895E-01
   67.00      0.6177E-01
   68.00      0.6392E-01
   69.00      0.6510E-01
   70.00      0.6515E-01
   71.00      0.6402E-01
   72.00      0.6176E-01
   73.00      0.5853E-01
   74.00      0.5453E-01
   75.00      0.5000E-01
   76.00      0.4522E-01
   77.00      0.4042E-01
   78.00      0.3583E-01
   79.00      0.3163E-01
   80.00      0.2793E-01
 END
@legend string   1 "Partition=  2 Excit=  1 near/far= 1"
#legend string   0 "Lab energy =   21.0000"
@s1 linestyle   2
#  Theta       sigma       iT11        T20         T21         T22         Kyy for projectile
   0.000       3.010    
   1.000       3.014    
   2.000       3.026    
   3.000       3.045    
   4.000       3.072    
   5.000       3.105    
   6.000       3.144    
   7.000       3.187    
   8.000       3.232    
   9.000       3.279    
   10.00       3.326    
   11.00       3.371    
   12.00       3.412    
   13.00       3.449    
   14.00       3.480    
   15.00       3.506    
   16.00       3.523    
   17.00       3.533    
   18.00       3.534    
   19.00       3.524    
   20.00       3.503    
   21.00       3.468    
   22.00       3.419    
   23.00       3.355    
   24.00       3.275    
   25.00       3.180    
   26.00       3.069    
   27.00       2.944    
   28.00       2.806    
   29.00       2.657    
   30.00       2.498    
   31.00       2.333    
   32.00       2.163    
   33.00       1.990    
   34.00       1.819    
   35.00       1.650    
   36.00       1.487    
   37.00       1.333    
   38.00       1.189    
   39.00       1.057    
   40.00      0.9387    
   41.00      0.8346    
   42.00      0.7448    
   43.00      0.6689    
   44.00      0.6062    
   45.00      0.5554    
   46.00      0.5152    
   47.00      0.4841    
   48.00      0.4604    
   49.00      0.4428    
   50.00      0.4296    
   51.00      0.4194    
   52.00      0.4110    
   53.00      0.4030    
   54.00      0.3946    
   55.00      0.3849    
   56.00      0.3736    
   57.00      0.3602    
   58.00      0.3448    
   59.00      0.3276    
   60.00      0.3089    
   61.00      0.2892    
   62.00      0.2690    
   63.00      0.2487    
   64.00      0.2289    
   65.00      0.2099    
   66.00      0.1920    
   67.00      0.1755    
   68.00      0.1606    
   69.00      0.1473    
   70.00      0.1356    
   71.00      0.1256    
   72.00      0.1172    
   73.00      0.1102    
   74.00      0.1045    
   75.00      0.9977E-01
   76.00      0.9590E-01
   77.00      0.9265E-01
   78.00      0.8979E-01
   79.00      0.8717E-01
   80.00      0.8462E-01
 END
