     0.0   1.499      1
     0.0   2.997     -1
     1.0   13.50      1
     1.0   27.01     -1
     2.0   30.01      1
     2.0   60.00     -1
     3.0   42.05      1
     3.0   84.02     -1
     4.0   53.93      1
     4.0   107.8     -1
     5.0   65.80      1
     5.0   131.2     -1
     6.0   75.78      1
     6.0   152.4     -1
     7.0   85.22      1
     7.0   167.6     -1
     8.0   84.04      1
     8.0   170.7     -1
     9.0   79.45      1
     9.0   157.2     -1
    10.0   64.24      1
    10.0   128.4     -1
    11.0   43.68      1
    11.0   91.01     -1
    12.0   30.63      1
    12.0   56.23     -1
    13.0   14.19      1
    13.0   31.77     -1
    14.0   9.635      1
    14.0   17.38     -1
    15.0   4.193      1
    15.0   9.410     -1
    16.0   2.808      1
    16.0   5.067     -1
    17.0   1.210      1
    17.0   2.715     -1
    18.0  0.8025      1
    18.0   1.448     -1
    19.0  0.3427      1
    19.0  0.7690     -1
    20.0  0.2255      1
    20.0  0.4068     -1
    21.0  0.9552E-01  1
    21.0  0.2144     -1
    22.0  0.6246E-01  1
    22.0  0.1126     -1
    23.0  0.2628E-01  1
    23.0  0.5900E-01 -1
    24.0  0.1709E-01  1
    24.0  0.3082E-01 -1
    25.0  0.7152E-02  1
    25.0  0.1606E-01 -1
    26.0  0.4630E-02  1
    26.0  0.8348E-02 -1
    27.0  0.1929E-02  1
    27.0  0.4330E-02 -1
    28.0  0.1243E-02  1
    28.0  0.2242E-02 -1
    29.0  0.5160E-03  1
    29.0  0.1158E-02 -1
    30.0  0.3313E-03  1
    30.0  0.5975E-03 -1
