#  81 angles,  1 tensor ranks for 0=projectile
@subtitle   "39K(3He,d)40Ca 21 MeV DWBA ZR 9227.43 keV Jpi=2+ l=2 n=3 j=5/2"                
@legend ON
@legend x1 0.2
@legend y1 0.8
@g0 type LOGY
@yaxis ticklabel format power
@legend string   0 "Lab energy =   21.0000"
#legend string   0 "Partition=  2 Excit=  1 near/far= 1"
#  Theta       sigma       iT11        T20         T21         T22         Kyy for projectile
   0.000       22.25    
   1.000       22.28    
   2.000       22.37    
   3.000       22.52    
   4.000       22.69    
   5.000       22.89    
   6.000       23.08    
   7.000       23.25    
   8.000       23.35    
   9.000       23.36    
   10.00       23.25    
   11.00       23.00    
   12.00       22.59    
   13.00       22.01    
   14.00       21.25    
   15.00       20.33    
   16.00       19.26    
   17.00       18.06    
   18.00       16.77    
   19.00       15.42    
   20.00       14.05    
   21.00       12.70    
   22.00       11.39    
   23.00       10.17    
   24.00       9.040    
   25.00       8.032    
   26.00       7.150    
   27.00       6.396    
   28.00       5.764    
   29.00       5.245    
   30.00       4.824    
   31.00       4.485    
   32.00       4.209    
   33.00       3.980    
   34.00       3.780    
   35.00       3.597    
   36.00       3.418    
   37.00       3.238    
   38.00       3.050    
   39.00       2.854    
   40.00       2.650    
   41.00       2.440    
   42.00       2.230    
   43.00       2.022    
   44.00       1.824    
   45.00       1.638    
   46.00       1.470    
   47.00       1.322    
   48.00       1.196    
   49.00       1.092    
   50.00       1.010    
   51.00      0.9481    
   52.00      0.9042    
   53.00      0.8752    
   54.00      0.8575    
   55.00      0.8476    
   56.00      0.8422    
   57.00      0.8381    
   58.00      0.8327    
   59.00      0.8238    
   60.00      0.8098    
   61.00      0.7898    
   62.00      0.7634    
   63.00      0.7309    
   64.00      0.6928    
   65.00      0.6501    
   66.00      0.6040    
   67.00      0.5560    
   68.00      0.5073    
   69.00      0.4593    
   70.00      0.4133    
   71.00      0.3702    
   72.00      0.3309    
   73.00      0.2960    
   74.00      0.2658    
   75.00      0.2403    
   76.00      0.2196    
   77.00      0.2033    
   78.00      0.1910    
   79.00      0.1821    
   80.00      0.1761    
 END
