#  81 angles,  1 tensor ranks for 0=projectile
@subtitle   "39K(3He,d)40Ca 21 MeV DWBA ZR 9227.43 keV Jpi=2+ l=2 n=3 j=5/2"                
@legend ON
@legend x1 0.2
@legend y1 0.8
@g0 type LOGY
@yaxis ticklabel format power
@xaxis label "Scattering angle (degrees)"
@yaxis label "Cross section (mb/sr)"
@legend string   0 "Partition=  1 Excit=  1 near/far= 1"
#legend string   0 "Lab energy =   21.0000"
@s0 linestyle   1
#  Theta       sigma       iT11        T20         T21         T22         Kyy for projectile
  0.1000E-01   1.000    
   1.000      0.9997    
   2.000       1.001    
   3.000      0.9801    
   4.000      0.9937    
   5.000       1.036    
   6.000       1.069    
   7.000       1.070    
   8.000       1.043    
   9.000       1.001    
   10.00      0.9589    
   11.00      0.9259    
   12.00      0.9030    
   13.00      0.8865    
   14.00      0.8704    
   15.00      0.8486    
   16.00      0.8173    
   17.00      0.7752    
   18.00      0.7238    
   19.00      0.6664    
   20.00      0.6075    
   21.00      0.5518    
   22.00      0.5029    
   23.00      0.4636    
   24.00      0.4347    
   25.00      0.4158    
   26.00      0.4051    
   27.00      0.3999    
   28.00      0.3972    
   29.00      0.3941    
   30.00      0.3882    
   31.00      0.3777    
   32.00      0.3620    
   33.00      0.3412    
   34.00      0.3163    
   35.00      0.2889    
   36.00      0.2608    
   37.00      0.2340    
   38.00      0.2104    
   39.00      0.1911    
   40.00      0.1770    
   41.00      0.1682    
   42.00      0.1644    
   43.00      0.1646    
   44.00      0.1677    
   45.00      0.1721    
   46.00      0.1765    
   47.00      0.1796    
   48.00      0.1803    
   49.00      0.1779    
   50.00      0.1722    
   51.00      0.1633    
   52.00      0.1516    
   53.00      0.1378    
   54.00      0.1229    
   55.00      0.1077    
   56.00      0.9318E-01
   57.00      0.8011E-01
   58.00      0.6912E-01
   59.00      0.6059E-01
   60.00      0.5467E-01
   61.00      0.5129E-01
   62.00      0.5018E-01
   63.00      0.5093E-01
   64.00      0.5301E-01
   65.00      0.5587E-01
   66.00      0.5895E-01
   67.00      0.6177E-01
   68.00      0.6392E-01
   69.00      0.6510E-01
   70.00      0.6515E-01
   71.00      0.6402E-01
   72.00      0.6176E-01
   73.00      0.5853E-01
   74.00      0.5453E-01
   75.00      0.5000E-01
   76.00      0.4522E-01
   77.00      0.4042E-01
   78.00      0.3583E-01
   79.00      0.3163E-01
   80.00      0.2793E-01
 END
@legend string   1 "Partition=  2 Excit=  1 near/far= 1"
#legend string   0 "Lab energy =   21.0000"
@s1 linestyle   2
#  Theta       sigma       iT11        T20         T21         T22         Kyy for projectile
   0.000       22.25    
   1.000       22.28    
   2.000       22.37    
   3.000       22.52    
   4.000       22.69    
   5.000       22.89    
   6.000       23.08    
   7.000       23.25    
   8.000       23.35    
   9.000       23.36    
   10.00       23.25    
   11.00       23.00    
   12.00       22.59    
   13.00       22.01    
   14.00       21.25    
   15.00       20.33    
   16.00       19.26    
   17.00       18.06    
   18.00       16.77    
   19.00       15.42    
   20.00       14.05    
   21.00       12.70    
   22.00       11.39    
   23.00       10.17    
   24.00       9.040    
   25.00       8.032    
   26.00       7.150    
   27.00       6.396    
   28.00       5.764    
   29.00       5.245    
   30.00       4.824    
   31.00       4.485    
   32.00       4.209    
   33.00       3.980    
   34.00       3.780    
   35.00       3.597    
   36.00       3.418    
   37.00       3.238    
   38.00       3.050    
   39.00       2.854    
   40.00       2.650    
   41.00       2.440    
   42.00       2.230    
   43.00       2.022    
   44.00       1.824    
   45.00       1.638    
   46.00       1.470    
   47.00       1.322    
   48.00       1.196    
   49.00       1.092    
   50.00       1.010    
   51.00      0.9481    
   52.00      0.9042    
   53.00      0.8752    
   54.00      0.8575    
   55.00      0.8476    
   56.00      0.8422    
   57.00      0.8381    
   58.00      0.8327    
   59.00      0.8238    
   60.00      0.8098    
   61.00      0.7898    
   62.00      0.7634    
   63.00      0.7309    
   64.00      0.6928    
   65.00      0.6501    
   66.00      0.6040    
   67.00      0.5560    
   68.00      0.5073    
   69.00      0.4593    
   70.00      0.4133    
   71.00      0.3702    
   72.00      0.3309    
   73.00      0.2960    
   74.00      0.2658    
   75.00      0.2403    
   76.00      0.2196    
   77.00      0.2033    
   78.00      0.1910    
   79.00      0.1821    
   80.00      0.1761    
 END
