#  81 angles,  1 tensor ranks for 0=projectile
@subtitle   "39K(3He,d)40Ca 21 MeV DWBA ZR 9405 keV Jpi=0+ l=2 n=2 j=3/2"                   
@legend ON
@legend x1 0.2
@legend y1 0.8
@g0 type LOGY
@yaxis ticklabel format power
@legend string   0 "Lab energy =   21.0000"
#legend string   0 "Partition=  2 Excit=  1 near/far= 1"
#  Theta       sigma       iT11        T20         T21         T22         Kyy for projectile
   0.000       2.621    
   1.000       2.624    
   2.000       2.631    
   3.000       2.642    
   4.000       2.655    
   5.000       2.668    
   6.000       2.678    
   7.000       2.683    
   8.000       2.680    
   9.000       2.665    
   10.00       2.637    
   11.00       2.593    
   12.00       2.531    
   13.00       2.451    
   14.00       2.353    
   15.00       2.238    
   16.00       2.108    
   17.00       1.965    
   18.00       1.815    
   19.00       1.661    
   20.00       1.506    
   21.00       1.356    
   22.00       1.213    
   23.00       1.082    
   24.00      0.9627    
   25.00      0.8581    
   26.00      0.7685    
   27.00      0.6935    
   28.00      0.6323    
   29.00      0.5834    
   30.00      0.5451    
   31.00      0.5151    
   32.00      0.4914    
   33.00      0.4718    
   34.00      0.4544    
   35.00      0.4377    
   36.00      0.4203    
   37.00      0.4016    
   38.00      0.3810    
   39.00      0.3585    
   40.00      0.3343    
   41.00      0.3089    
   42.00      0.2828    
   43.00      0.2566    
   44.00      0.2310    
   45.00      0.2067    
   46.00      0.1842    
   47.00      0.1638    
   48.00      0.1459    
   49.00      0.1305    
   50.00      0.1176    
   51.00      0.1071    
   52.00      0.9881E-01
   53.00      0.9230E-01
   54.00      0.8725E-01
   55.00      0.8330E-01
   56.00      0.8010E-01
   57.00      0.7732E-01
   58.00      0.7470E-01
   59.00      0.7204E-01
   60.00      0.6918E-01
   61.00      0.6604E-01
   62.00      0.6260E-01
   63.00      0.5889E-01
   64.00      0.5499E-01
   65.00      0.5099E-01
   66.00      0.4702E-01
   67.00      0.4321E-01
   68.00      0.3968E-01
   69.00      0.3654E-01
   70.00      0.3386E-01
   71.00      0.3171E-01
   72.00      0.3011E-01
   73.00      0.2904E-01
   74.00      0.2849E-01
   75.00      0.2840E-01
   76.00      0.2868E-01
   77.00      0.2927E-01
   78.00      0.3004E-01
   79.00      0.3092E-01
   80.00      0.3179E-01
 END
