#  81 angles,  1 tensor ranks for 0=projectile
@subtitle   "39K(3He,d)40Ca 21 MeV DWBA ZR 8113 keV Jpi=1- l=1 n=2 j=1/2"                   
@legend ON
@legend x1 0.2
@legend y1 0.8
@g0 type LOGY
@yaxis ticklabel format power
@legend string   0 "Lab energy =   21.0000"
#legend string   0 "Partition=  2 Excit=  1 near/far= 1"
#  Theta       sigma       iT11        T20         T21         T22         Kyy for projectile
   0.000       17.27    
   1.000       17.25    
   2.000       17.20    
   3.000       17.08    
   4.000       16.88    
   5.000       16.56    
   6.000       16.11    
   7.000       15.50    
   8.000       14.73    
   9.000       13.79    
   10.00       12.71    
   11.00       11.52    
   12.00       10.27    
   13.00       9.000    
   14.00       7.768    
   15.00       6.620    
   16.00       5.599    
   17.00       4.732    
   18.00       4.040    
   19.00       3.525    
   20.00       3.179    
   21.00       2.985    
   22.00       2.914    
   23.00       2.934    
   24.00       3.012    
   25.00       3.114    
   26.00       3.211    
   27.00       3.279    
   28.00       3.303    
   29.00       3.271    
   30.00       3.183    
   31.00       3.040    
   32.00       2.850    
   33.00       2.625    
   34.00       2.376    
   35.00       2.116    
   36.00       1.856    
   37.00       1.606    
   38.00       1.375    
   39.00       1.168    
   40.00      0.9875    
   41.00      0.8351    
   42.00      0.7100    
   43.00      0.6100    
   44.00      0.5320    
   45.00      0.4724    
   46.00      0.4273    
   47.00      0.3932    
   48.00      0.3670    
   49.00      0.3463    
   50.00      0.3290    
   51.00      0.3142    
   52.00      0.3011    
   53.00      0.2895    
   54.00      0.2795    
   55.00      0.2715    
   56.00      0.2658    
   57.00      0.2628    
   58.00      0.2626    
   59.00      0.2653    
   60.00      0.2705    
   61.00      0.2781    
   62.00      0.2873    
   63.00      0.2975    
   64.00      0.3078    
   65.00      0.3174    
   66.00      0.3254    
   67.00      0.3312    
   68.00      0.3340    
   69.00      0.3335    
   70.00      0.3293    
   71.00      0.3214    
   72.00      0.3097    
   73.00      0.2948    
   74.00      0.2768    
   75.00      0.2564    
   76.00      0.2342    
   77.00      0.2110    
   78.00      0.1873    
   79.00      0.1638    
   80.00      0.1412    
 END
