     0.0   1.500      1
     0.0   2.997     -1
     1.0   13.47      1
     1.0   26.98     -1
     2.0   29.96      1
     2.0   59.95     -1
     3.0   41.93      1
     3.0   83.95     -1
     4.0   53.88      1
     4.0   107.9     -1
     5.0   65.75      1
     5.0   131.4     -1
     6.0   76.12      1
     6.0   153.1     -1
     7.0   85.91      1
     7.0   169.3     -1
     8.0   84.83      1
     8.0   173.0     -1
     9.0   80.72      1
     9.0   159.4     -1
    10.0   64.92      1
    10.0   129.9     -1
    11.0   44.07      1
    11.0   91.75     -1
    12.0   30.78      1
    12.0   56.56     -1
    13.0   14.26      1
    13.0   31.90     -1
    14.0   9.661      1
    14.0   17.43     -1
    15.0   4.205      1
    15.0   9.432     -1
    16.0   2.813      1
    16.0   5.076     -1
    17.0   1.212      1
    17.0   2.718     -1
    18.0  0.8032      1
    18.0   1.449     -1
    19.0  0.3430      1
    19.0  0.7695     -1
    20.0  0.2256      1
    20.0  0.4070     -1
    21.0  0.9557E-01  1
    21.0  0.2145     -1
    22.0  0.6248E-01  1
    22.0  0.1127     -1
    23.0  0.2629E-01  1
    23.0  0.5901E-01 -1
    24.0  0.1710E-01  1
    24.0  0.3082E-01 -1
    25.0  0.7153E-02  1
    25.0  0.1606E-01 -1
    26.0  0.4630E-02  1
    26.0  0.8348E-02 -1
    27.0  0.1928E-02  1
    27.0  0.4330E-02 -1
    28.0  0.1243E-02  1
    28.0  0.2241E-02 -1
    29.0  0.5156E-03  1
    29.0  0.1158E-02 -1
    30.0  0.3311E-03  1
    30.0  0.5969E-03 -1
