#  81 angles,  1 tensor ranks for 0=projectile
@subtitle   "39K(3He,d)40Ca 21 MeV DWBA ZR 8188 keV Jpi=4- l=3 n=2 j=7/2"                   
@legend ON
@legend x1 0.2
@legend y1 0.8
@g0 type LOGY
@yaxis ticklabel format power
@legend string   0 "Lab energy =   21.0000"
#legend string   0 "Partition=  2 Excit=  1 near/far= 1"
#  Theta       sigma       iT11        T20         T21         T22         Kyy for projectile
   0.000       16.46    
   1.000       16.49    
   2.000       16.59    
   3.000       16.75    
   4.000       16.96    
   5.000       17.21    
   6.000       17.50    
   7.000       17.80    
   8.000       18.11    
   9.000       18.41    
   10.00       18.68    
   11.00       18.89    
   12.00       19.03    
   13.00       19.09    
   14.00       19.05    
   15.00       18.90    
   16.00       18.63    
   17.00       18.24    
   18.00       17.72    
   19.00       17.08    
   20.00       16.33    
   21.00       15.48    
   22.00       14.54    
   23.00       13.52    
   24.00       12.44    
   25.00       11.34    
   26.00       10.23    
   27.00       9.144    
   28.00       8.106    
   29.00       7.138    
   30.00       6.256    
   31.00       5.474    
   32.00       4.796    
   33.00       4.225    
   34.00       3.756    
   35.00       3.382    
   36.00       3.094    
   37.00       2.881    
   38.00       2.729    
   39.00       2.626    
   40.00       2.559    
   41.00       2.513    
   42.00       2.477    
   43.00       2.440    
   44.00       2.394    
   45.00       2.332    
   46.00       2.251    
   47.00       2.149    
   48.00       2.029    
   49.00       1.893    
   50.00       1.745    
   51.00       1.591    
   52.00       1.435    
   53.00       1.282    
   54.00       1.136    
   55.00      0.9997    
   56.00      0.8763    
   57.00      0.7674    
   58.00      0.6740    
   59.00      0.5964    
   60.00      0.5344    
   61.00      0.4869    
   62.00      0.4524    
   63.00      0.4290    
   64.00      0.4145    
   65.00      0.4065    
   66.00      0.4028    
   67.00      0.4012    
   68.00      0.4001    
   69.00      0.3980    
   70.00      0.3940    
   71.00      0.3875    
   72.00      0.3782    
   73.00      0.3661    
   74.00      0.3517    
   75.00      0.3352    
   76.00      0.3173    
   77.00      0.2985    
   78.00      0.2795    
   79.00      0.2609    
   80.00      0.2433    
 END
