     0.0   1.498      1
     0.0   3.001     -1
     1.0   13.47      1
     1.0   26.96     -1
     2.0   29.88      1
     2.0   59.87     -1
     3.0   41.89      1
     3.0   83.86     -1
     4.0   53.80      1
     4.0   107.8     -1
     5.0   65.73      1
     5.0   131.3     -1
     6.0   76.12      1
     6.0   153.2     -1
     7.0   86.01      1
     7.0   169.3     -1
     8.0   84.54      1
     8.0   172.7     -1
     9.0   80.12      1
     9.0   157.8     -1
    10.0   62.98      1
    10.0   127.1     -1
    11.0   42.93      1
    11.0   89.05     -1
    12.0   29.87      1
    12.0   54.87     -1
    13.0   13.87      1
    13.0   31.05     -1
    14.0   9.450      1
    14.0   17.04     -1
    15.0   4.121      1
    15.0   9.252     -1
    16.0   2.769      1
    16.0   4.994     -1
    17.0   1.195      1
    17.0   2.681     -1
    18.0  0.7942      1
    18.0   1.432     -1
    19.0  0.3394      1
    19.0  0.7618     -1
    20.0  0.2238      1
    20.0  0.4035     -1
    21.0  0.9482E-01  1
    21.0  0.2129     -1
    22.0  0.6212E-01  1
    22.0  0.1120     -1
    23.0  0.2614E-01  1
    23.0  0.5871E-01 -1
    24.0  0.1702E-01  1
    24.0  0.3069E-01 -1
    25.0  0.7125E-02  1
    25.0  0.1600E-01 -1
    26.0  0.4620E-02  1
    26.0  0.8327E-02 -1
    27.0  0.1924E-02  1
    27.0  0.4321E-02 -1
    28.0  0.1239E-02  1
    28.0  0.2235E-02 -1
    29.0  0.5129E-03  1
    29.0  0.1151E-02 -1
    30.0  0.3272E-03  1
    30.0  0.5905E-03 -1
