#  81 angles,  1 tensor ranks for 0=projectile
@subtitle   "39K(3He,d)40Ca 21 MeV DWBA ZR 8935 keV Jpi=2+ l=2 n=2 j=3/2"                   
@legend ON
@legend x1 0.2
@legend y1 0.8
@g0 type LOGY
@yaxis ticklabel format power
@legend string   0 "Lab energy =   21.0000"
#legend string   0 "Partition=  2 Excit=  1 near/far= 1"
#  Theta       sigma       iT11        T20         T21         T22         Kyy for projectile
   0.000       15.39    
   1.000       15.41    
   2.000       15.47    
   3.000       15.56    
   4.000       15.67    
   5.000       15.79    
   6.000       15.89    
   7.000       15.97    
   8.000       15.99    
   9.000       15.95    
   10.00       15.82    
   11.00       15.58    
   12.00       15.24    
   13.00       14.77    
   14.00       14.18    
   15.00       13.48    
   16.00       12.69    
   17.00       11.81    
   18.00       10.87    
   19.00       9.904    
   20.00       8.938    
   21.00       7.997    
   22.00       7.106    
   23.00       6.284    
   24.00       5.547    
   25.00       4.903    
   26.00       4.356    
   27.00       3.903    
   28.00       3.539    
   29.00       3.253    
   30.00       3.034    
   31.00       2.867    
   32.00       2.737    
   33.00       2.633    
   34.00       2.540    
   35.00       2.450    
   36.00       2.355    
   37.00       2.250    
   38.00       2.132    
   39.00       2.002    
   40.00       1.861    
   41.00       1.712    
   42.00       1.560    
   43.00       1.407    
   44.00       1.260    
   45.00       1.120    
   46.00      0.9926    
   47.00      0.8788    
   48.00      0.7802    
   49.00      0.6973    
   50.00      0.6297    
   51.00      0.5762    
   52.00      0.5350    
   53.00      0.5039    
   54.00      0.4806    
   55.00      0.4628    
   56.00      0.4483    
   57.00      0.4351    
   58.00      0.4218    
   59.00      0.4072    
   60.00      0.3906    
   61.00      0.3717    
   62.00      0.3506    
   63.00      0.3276    
   64.00      0.3034    
   65.00      0.2787    
   66.00      0.2544    
   67.00      0.2312    
   68.00      0.2101    
   69.00      0.1917    
   70.00      0.1763    
   71.00      0.1643    
   72.00      0.1559    
   73.00      0.1507    
   74.00      0.1487    
   75.00      0.1494    
   76.00      0.1523    
   77.00      0.1567    
   78.00      0.1622    
   79.00      0.1679    
   80.00      0.1735    
 END
