     0.0   1.503      1
     0.0   3.006     -1
     1.0   13.53      1
     1.0   27.05     -1
     2.0   30.05      1
     2.0   60.08     -1
     3.0   42.05      1
     3.0   84.06     -1
     4.0   53.98      1
     4.0   107.9     -1
     5.0   65.88      1
     5.0   131.4     -1
     6.0   76.33      1
     6.0   153.2     -1
     7.0   86.25      1
     7.0   169.5     -1
     8.0   84.85      1
     8.0   172.9     -1
     9.0   80.52      1
     9.0   158.6     -1
    10.0   64.27      1
    10.0   128.5     -1
    11.0   43.41      1
    11.0   90.71     -1
    12.0   30.61      1
    12.0   56.03     -1
    13.0   14.10      1
    13.0   31.67     -1
    14.0   9.629      1
    14.0   17.33     -1
    15.0   4.176      1
    15.0   9.389     -1
    16.0   2.807      1
    16.0   5.057     -1
    17.0   1.207      1
    17.0   2.711     -1
    18.0  0.8022      1
    18.0   1.446     -1
    19.0  0.3420      1
    19.0  0.7681     -1
    20.0  0.2254      1
    20.0  0.4064     -1
    21.0  0.9540E-01  1
    21.0  0.2142     -1
    22.0  0.6245E-01  1
    22.0  0.1126     -1
    23.0  0.2626E-01  1
    23.0  0.5897E-01 -1
    24.0  0.1709E-01  1
    24.0  0.3081E-01 -1
    25.0  0.7148E-02  1
    25.0  0.1605E-01 -1
    26.0  0.4630E-02  1
    26.0  0.8346E-02 -1
    27.0  0.1928E-02  1
    27.0  0.4330E-02 -1
    28.0  0.1243E-02  1
    28.0  0.2242E-02 -1
    29.0  0.5159E-03  1
    29.0  0.1158E-02 -1
    30.0  0.3313E-03  1
    30.0  0.5975E-03 -1
