     0.0   1.500      1
     0.0   3.002     -1
     1.0   13.52      1
     1.0   27.03     -1
     2.0   30.05      1
     2.0   60.09     -1
     3.0   42.09      1
     3.0   84.12     -1
     4.0   54.03      1
     4.0   108.1     -1
     5.0   65.98      1
     5.0   131.6     -1
     6.0   76.37      1
     6.0   153.5     -1
     7.0   86.52      1
     7.0   170.0     -1
     8.0   85.13      1
     8.0   173.9     -1
     9.0   81.25      1
     9.0   160.2     -1
    10.0   65.14      1
    10.0   130.4     -1
    11.0   44.26      1
    11.0   92.05     -1
    12.0   30.83      1
    12.0   56.71     -1
    13.0   14.31      1
    13.0   31.97     -1
    14.0   9.671      1
    14.0   17.46     -1
    15.0   4.213      1
    15.0   9.445     -1
    16.0   2.814      1
    16.0   5.081     -1
    17.0   1.214      1
    17.0   2.721     -1
    18.0  0.8035      1
    18.0   1.450     -1
    19.0  0.3433      1
    19.0  0.7699     -1
    20.0  0.2257      1
    20.0  0.4072     -1
    21.0  0.9562E-01  1
    21.0  0.2146     -1
    22.0  0.6249E-01  1
    22.0  0.1127     -1
    23.0  0.2630E-01  1
    23.0  0.5903E-01 -1
    24.0  0.1710E-01  1
    24.0  0.3083E-01 -1
    25.0  0.7155E-02  1
    25.0  0.1606E-01 -1
    26.0  0.4631E-02  1
    26.0  0.8350E-02 -1
    27.0  0.1929E-02  1
    27.0  0.4331E-02 -1
    28.0  0.1243E-02  1
    28.0  0.2242E-02 -1
    29.0  0.5161E-03  1
    29.0  0.1158E-02 -1
    30.0  0.3313E-03  1
    30.0  0.5975E-03 -1
