#  81 angles,  1 tensor ranks for 0=projectile
@subtitle   "39K(3He,d)40Ca 21 MeV DWBA ZR 8995 keV Jpi=1- l=1 n=2 j=1/2"                   
@legend ON
@legend x1 0.2
@legend y1 0.8
@g0 type LOGY
@yaxis ticklabel format power
@legend string   0 "Lab energy =   21.0000"
#legend string   0 "Partition=  2 Excit=  1 near/far= 1"
#  Theta       sigma       iT11        T20         T21         T22         Kyy for projectile
   0.000       12.47    
   1.000       12.43    
   2.000       12.32    
   3.000       12.13    
   4.000       11.86    
   5.000       11.49    
   6.000       11.04    
   7.000       10.49    
   8.000       9.848    
   9.000       9.135    
   10.00       8.363    
   11.00       7.554    
   12.00       6.733    
   13.00       5.928    
   14.00       5.164    
   15.00       4.467    
   16.00       3.857    
   17.00       3.347    
   18.00       2.947    
   19.00       2.657    
   20.00       2.469    
   21.00       2.370    
   22.00       2.344    
   23.00       2.369    
   24.00       2.424    
   25.00       2.490    
   26.00       2.549    
   27.00       2.587    
   28.00       2.594    
   29.00       2.565    
   30.00       2.499    
   31.00       2.397    
   32.00       2.262    
   33.00       2.102    
   34.00       1.924    
   35.00       1.735    
   36.00       1.543    
   37.00       1.354    
   38.00       1.176    
   39.00       1.011    
   40.00      0.8639    
   41.00      0.7351    
   42.00      0.6252    
   43.00      0.5334    
   44.00      0.4585    
   45.00      0.3984    
   46.00      0.3511    
   47.00      0.3144    
   48.00      0.2863    
   49.00      0.2649    
   50.00      0.2488    
   51.00      0.2368    
   52.00      0.2280    
   53.00      0.2217    
   54.00      0.2177    
   55.00      0.2156    
   56.00      0.2155    
   57.00      0.2172    
   58.00      0.2208    
   59.00      0.2259    
   60.00      0.2325    
   61.00      0.2401    
   62.00      0.2483    
   63.00      0.2567    
   64.00      0.2646    
   65.00      0.2716    
   66.00      0.2772    
   67.00      0.2809    
   68.00      0.2823    
   69.00      0.2812    
   70.00      0.2774    
   71.00      0.2708    
   72.00      0.2615    
   73.00      0.2496    
   74.00      0.2353    
   75.00      0.2192    
   76.00      0.2015    
   77.00      0.1828    
   78.00      0.1636    
   79.00      0.1444    
   80.00      0.1257    
 END
