#  81 angles,  1 tensor ranks for 0=projectile
@subtitle   "39K(3He,d)40Ca 21 MeV DWBA ZR 8113 keV Jpi=1- l=1 n=2 j=3/2"                   
@legend ON
@legend x1 0.2
@legend y1 0.8
@g0 type LOGY
@yaxis ticklabel format power
@legend string   0 "Lab energy =   21.0000"
#legend string   0 "Partition=  2 Excit=  1 near/far= 1"
#  Theta       sigma       iT11        T20         T21         T22         Kyy for projectile
   0.000       15.21    
   1.000       15.22    
   2.000       15.23    
   3.000       15.24    
   4.000       15.20    
   5.000       15.09    
   6.000       14.86    
   7.000       14.50    
   8.000       13.97    
   9.000       13.28    
   10.00       12.43    
   11.00       11.46    
   12.00       10.39    
   13.00       9.267    
   14.00       8.149    
   15.00       7.079    
   16.00       6.098    
   17.00       5.239    
   18.00       4.524    
   19.00       3.963    
   20.00       3.553    
   21.00       3.280    
   22.00       3.123    
   23.00       3.055    
   24.00       3.047    
   25.00       3.068    
   26.00       3.092    
   27.00       3.098    
   28.00       3.071    
   29.00       3.000    
   30.00       2.883    
   31.00       2.724    
   32.00       2.529    
   33.00       2.307    
   34.00       2.069    
   35.00       1.828    
   36.00       1.593    
   37.00       1.374    
   38.00       1.176    
   39.00       1.005    
   40.00      0.8635    
   41.00      0.7506    
   42.00      0.6650    
   43.00      0.6037    
   44.00      0.5626    
   45.00      0.5373    
   46.00      0.5232    
   47.00      0.5160    
   48.00      0.5121    
   49.00      0.5085    
   50.00      0.5031    
   51.00      0.4944    
   52.00      0.4819    
   53.00      0.4655    
   54.00      0.4458    
   55.00      0.4234    
   56.00      0.3995    
   57.00      0.3751    
   58.00      0.3513    
   59.00      0.3289    
   60.00      0.3086    
   61.00      0.2911    
   62.00      0.2764    
   63.00      0.2648    
   64.00      0.2559    
   65.00      0.2495    
   66.00      0.2450    
   67.00      0.2420    
   68.00      0.2398    
   69.00      0.2379    
   70.00      0.2358    
   71.00      0.2331    
   72.00      0.2294    
   73.00      0.2245    
   74.00      0.2183    
   75.00      0.2107    
   76.00      0.2019    
   77.00      0.1920    
   78.00      0.1812    
   79.00      0.1697    
   80.00      0.1578    
 END
