     0.0   1.497      1
     0.0   2.994     -1
     1.0   13.45      1
     1.0   26.95     -1
     2.0   29.92      1
     2.0   59.91     -1
     3.0   41.93      1
     3.0   83.94     -1
     4.0   53.86      1
     4.0   107.8     -1
     5.0   65.79      1
     5.0   131.4     -1
     6.0   76.07      1
     6.0   153.1     -1
     7.0   85.95      1
     7.0   169.1     -1
     8.0   84.46      1
     8.0   172.1     -1
     9.0   79.59      1
     9.0   157.9     -1
    10.0   64.22      1
    10.0   128.4     -1
    11.0   43.62      1
    11.0   90.81     -1
    12.0   30.53      1
    12.0   56.10     -1
    13.0   14.16      1
    13.0   31.69     -1
    14.0   9.614      1
    14.0   17.34     -1
    15.0   4.185      1
    15.0   9.392     -1
    16.0   2.803      1
    16.0   5.058     -1
    17.0   1.208      1
    17.0   2.711     -1
    18.0  0.8014      1
    18.0   1.446     -1
    19.0  0.3422      1
    19.0  0.7680     -1
    20.0  0.2253      1
    20.0  0.4063     -1
    21.0  0.9541E-01  1
    21.0  0.2142     -1
    22.0  0.6241E-01  1
    22.0  0.1125     -1
    23.0  0.2626E-01  1
    23.0  0.5895E-01 -1
    24.0  0.1708E-01  1
    24.0  0.3080E-01 -1
    25.0  0.7146E-02  1
    25.0  0.1605E-01 -1
    26.0  0.4627E-02  1
    26.0  0.8342E-02 -1
    27.0  0.1927E-02  1
    27.0  0.4328E-02 -1
    28.0  0.1243E-02  1
    28.0  0.2240E-02 -1
    29.0  0.5155E-03  1
    29.0  0.1158E-02 -1
    30.0  0.3311E-03  1
    30.0  0.5971E-03 -1
