#  81 angles,  1 tensor ranks for 0=projectile
@subtitle   "39K(3He,d)40Ca 21 MeV DWBA ZR 8764 keV Jpi=3- l=3 n=2 j=7/2"                   
@legend ON
@legend x1 0.2
@legend y1 0.8
@g0 type LOGY
@yaxis ticklabel format power
@legend string   0 "Lab energy =   21.0000"
#legend string   0 "Partition=  2 Excit=  1 near/far= 1"
#  Theta       sigma       iT11        T20         T21         T22         Kyy for projectile
   0.000       12.86    
   1.000       12.88    
   2.000       12.95    
   3.000       13.05    
   4.000       13.18    
   5.000       13.34    
   6.000       13.51    
   7.000       13.68    
   8.000       13.85    
   9.000       14.00    
   10.00       14.11    
   11.00       14.19    
   12.00       14.21    
   13.00       14.17    
   14.00       14.05    
   15.00       13.87    
   16.00       13.59    
   17.00       13.24    
   18.00       12.80    
   19.00       12.28    
   20.00       11.68    
   21.00       11.03    
   22.00       10.32    
   23.00       9.576    
   24.00       8.811    
   25.00       8.038    
   26.00       7.274    
   27.00       6.532    
   28.00       5.826    
   29.00       5.167    
   30.00       4.566    
   31.00       4.030    
   32.00       3.563    
   33.00       3.167    
   34.00       2.841    
   35.00       2.579    
   36.00       2.375    
   37.00       2.221    
   38.00       2.108    
   39.00       2.027    
   40.00       1.969    
   41.00       1.926    
   42.00       1.889    
   43.00       1.852    
   44.00       1.811    
   45.00       1.760    
   46.00       1.699    
   47.00       1.625    
   48.00       1.539    
   49.00       1.442    
   50.00       1.337    
   51.00       1.226    
   52.00       1.113    
   53.00       1.001    
   54.00      0.8919    
   55.00      0.7893    
   56.00      0.6948    
   57.00      0.6100    
   58.00      0.5358    
   59.00      0.4727    
   60.00      0.4207    
   61.00      0.3792    
   62.00      0.3475    
   63.00      0.3243    
   64.00      0.3081    
   65.00      0.2975    
   66.00      0.2910    
   67.00      0.2870    
   68.00      0.2844    
   69.00      0.2821    
   70.00      0.2793    
   71.00      0.2755    
   72.00      0.2702    
   73.00      0.2634    
   74.00      0.2549    
   75.00      0.2449    
   76.00      0.2337    
   77.00      0.2216    
   78.00      0.2089    
   79.00      0.1962    
   80.00      0.1839    
 END
