#  81 angles,  1 tensor ranks for 0=projectile
@subtitle   "39K(3He,d)40Ca 21 MeV DWBA ZR 9419 keV Jpi=3- l=3 n=2 j=5/2"                   
@legend ON
@legend x1 0.2
@legend y1 0.8
@g0 type LOGY
@yaxis ticklabel format power
@xaxis label "Scattering angle (degrees)"
@yaxis label "Cross section (mb/sr)"
@legend string   0 "Partition=  1 Excit=  1 near/far= 1"
#legend string   0 "Lab energy =   21.0000"
@s0 linestyle   1
#  Theta       sigma       iT11        T20         T21         T22         Kyy for projectile
  0.1000E-01   1.000    
   1.000      0.9997    
   2.000       1.001    
   3.000      0.9801    
   4.000      0.9937    
   5.000       1.036    
   6.000       1.069    
   7.000       1.070    
   8.000       1.043    
   9.000       1.001    
   10.00      0.9589    
   11.00      0.9259    
   12.00      0.9030    
   13.00      0.8865    
   14.00      0.8704    
   15.00      0.8486    
   16.00      0.8173    
   17.00      0.7752    
   18.00      0.7238    
   19.00      0.6664    
   20.00      0.6075    
   21.00      0.5518    
   22.00      0.5029    
   23.00      0.4636    
   24.00      0.4347    
   25.00      0.4158    
   26.00      0.4051    
   27.00      0.3999    
   28.00      0.3972    
   29.00      0.3941    
   30.00      0.3882    
   31.00      0.3777    
   32.00      0.3620    
   33.00      0.3412    
   34.00      0.3163    
   35.00      0.2889    
   36.00      0.2608    
   37.00      0.2340    
   38.00      0.2104    
   39.00      0.1911    
   40.00      0.1770    
   41.00      0.1682    
   42.00      0.1644    
   43.00      0.1646    
   44.00      0.1677    
   45.00      0.1721    
   46.00      0.1765    
   47.00      0.1796    
   48.00      0.1803    
   49.00      0.1779    
   50.00      0.1722    
   51.00      0.1633    
   52.00      0.1516    
   53.00      0.1378    
   54.00      0.1229    
   55.00      0.1077    
   56.00      0.9318E-01
   57.00      0.8011E-01
   58.00      0.6912E-01
   59.00      0.6059E-01
   60.00      0.5467E-01
   61.00      0.5129E-01
   62.00      0.5018E-01
   63.00      0.5093E-01
   64.00      0.5301E-01
   65.00      0.5587E-01
   66.00      0.5895E-01
   67.00      0.6177E-01
   68.00      0.6392E-01
   69.00      0.6510E-01
   70.00      0.6515E-01
   71.00      0.6402E-01
   72.00      0.6176E-01
   73.00      0.5853E-01
   74.00      0.5453E-01
   75.00      0.5000E-01
   76.00      0.4522E-01
   77.00      0.4042E-01
   78.00      0.3583E-01
   79.00      0.3163E-01
   80.00      0.2793E-01
 END
@legend string   1 "Partition=  2 Excit=  1 near/far= 1"
#legend string   0 "Lab energy =   21.0000"
@s1 linestyle   2
#  Theta       sigma       iT11        T20         T21         T22         Kyy for projectile
   0.000       10.62    
   1.000       10.65    
   2.000       10.71    
   3.000       10.82    
   4.000       10.97    
   5.000       11.14    
   6.000       11.33    
   7.000       11.52    
   8.000       11.72    
   9.000       11.90    
   10.00       12.05    
   11.00       12.16    
   12.00       12.23    
   13.00       12.23    
   14.00       12.17    
   15.00       12.03    
   16.00       11.82    
   17.00       11.52    
   18.00       11.15    
   19.00       10.71    
   20.00       10.19    
   21.00       9.619    
   22.00       8.996    
   23.00       8.335    
   24.00       7.651    
   25.00       6.960    
   26.00       6.275    
   27.00       5.610    
   28.00       4.979    
   29.00       4.392    
   30.00       3.857    
   31.00       3.380    
   32.00       2.966    
   33.00       2.615    
   34.00       2.326    
   35.00       2.097    
   36.00       1.922    
   37.00       1.794    
   38.00       1.706    
   39.00       1.650    
   40.00       1.617    
   41.00       1.599    
   42.00       1.589    
   43.00       1.580    
   44.00       1.568    
   45.00       1.549    
   46.00       1.520    
   47.00       1.479    
   48.00       1.426    
   49.00       1.362    
   50.00       1.287    
   51.00       1.204    
   52.00       1.114    
   53.00       1.022    
   54.00      0.9284    
   55.00      0.8368    
   56.00      0.7491    
   57.00      0.6669    
   58.00      0.5915    
   59.00      0.5238    
   60.00      0.4642    
   61.00      0.4126    
   62.00      0.3688    
   63.00      0.3323    
   64.00      0.3024    
   65.00      0.2783    
   66.00      0.2590    
   67.00      0.2435    
   68.00      0.2308    
   69.00      0.2202    
   70.00      0.2109    
   71.00      0.2023    
   72.00      0.1940    
   73.00      0.1858    
   74.00      0.1776    
   75.00      0.1695    
   76.00      0.1613    
   77.00      0.1534    
   78.00      0.1458    
   79.00      0.1388    
   80.00      0.1323    
 END
