#  81 angles,  1 tensor ranks for 0=projectile
@subtitle   "39K(3He,d)40Ca 21 MeV DWBA ZR 5614 keV Jpi=4- l=5 n=1 j=11/2"                  
@legend ON
@legend x1 0.2
@legend y1 0.8
@g0 type LOGY
@yaxis ticklabel format power
@legend string   0 "Lab energy =   21.0000"
#legend string   0 "Partition=  2 Excit=  1 near/far= 1"
#  Theta       sigma       iT11        T20         T21         T22         Kyy for projectile
   0.000      0.1039    
   1.000      0.1039    
   2.000      0.1038    
   3.000      0.1038    
   4.000      0.1040    
   5.000      0.1043    
   6.000      0.1049    
   7.000      0.1061    
   8.000      0.1078    
   9.000      0.1103    
   10.00      0.1138    
   11.00      0.1183    
   12.00      0.1242    
   13.00      0.1314    
   14.00      0.1401    
   15.00      0.1506    
   16.00      0.1630    
   17.00      0.1773    
   18.00      0.1937    
   19.00      0.2123    
   20.00      0.2330    
   21.00      0.2559    
   22.00      0.2806    
   23.00      0.3070    
   24.00      0.3346    
   25.00      0.3629    
   26.00      0.3913    
   27.00      0.4191    
   28.00      0.4455    
   29.00      0.4696    
   30.00      0.4907    
   31.00      0.5078    
   32.00      0.5204    
   33.00      0.5280    
   34.00      0.5300    
   35.00      0.5264    
   36.00      0.5171    
   37.00      0.5024    
   38.00      0.4828    
   39.00      0.4589    
   40.00      0.4314    
   41.00      0.4011    
   42.00      0.3691    
   43.00      0.3362    
   44.00      0.3034    
   45.00      0.2716    
   46.00      0.2414    
   47.00      0.2135    
   48.00      0.1883    
   49.00      0.1663    
   50.00      0.1476    
   51.00      0.1323    
   52.00      0.1201    
   53.00      0.1110    
   54.00      0.1045    
   55.00      0.1004    
   56.00      0.9828E-01
   57.00      0.9764E-01
   58.00      0.9811E-01
   59.00      0.9930E-01
   60.00      0.1009    
   61.00      0.1025    
   62.00      0.1040    
   63.00      0.1051    
   64.00      0.1058    
   65.00      0.1060    
   66.00      0.1055    
   67.00      0.1046    
   68.00      0.1031    
   69.00      0.1012    
   70.00      0.9897E-01
   71.00      0.9648E-01
   72.00      0.9382E-01
   73.00      0.9107E-01
   74.00      0.8829E-01
   75.00      0.8554E-01
   76.00      0.8285E-01
   77.00      0.8024E-01
   78.00      0.7771E-01
   79.00      0.7528E-01
   80.00      0.7293E-01
 END
