     0.0   1.503      1
     0.0   3.006     -1
     1.0   13.53      1
     1.0   27.06     -1
     2.0   30.07      1
     2.0   60.13     -1
     3.0   42.09      1
     3.0   84.16     -1
     4.0   54.03      1
     4.0   108.1     -1
     5.0   65.95      1
     5.0   131.6     -1
     6.0   76.46      1
     6.0   153.6     -1
     7.0   86.57      1
     7.0   170.3     -1
     8.0   85.45      1
     8.0   174.4     -1
     9.0   81.36      1
     9.0   160.7     -1
    10.0   65.35      1
    10.0   127.4     -1
    11.0   40.31      1
    11.0   86.98     -1
    12.0   25.65      1
    12.0  -39.50     -1
    13.0  -17.87      1
    13.0  -13.98     -1
    14.0  -81.48      1
    14.0  -95.45     -1
    15.0  -236.9      1
    15.0  -416.1     -1
    16.0  -53.66      1
    16.0  -174.6     -1
    17.0  -24.37      1
    17.0  -104.6     -1
    18.0  -178.7      1
    18.0  -603.6     -1
    19.0  -109.8      1
    19.0  -152.4     -1
    20.0  -60.11      1
    20.0  -164.0     -1
    21.0  -35.02      1
    21.0  -60.16     -1
    22.0 -0.8771      1
    22.0  -19.62     -1
    23.0 -0.5407      1
    23.0  -10.64     -1
    24.0  -1.114      1
    24.0  -1.846     -1
    25.0 -0.2086      1
    25.0 -0.5732     -1
    26.0 -0.4477E-01  1
    26.0 -0.7966E-01 -1
    27.0  0.1501E-02  1
    27.0  0.3236E-02 -1
    28.0  0.1975E-04  1
    28.0  0.1010E-02 -1
    29.0  0.5112E-03  1
    29.0  0.1080E-02 -1
    30.0  0.3253E-03  1
    30.0  0.5900E-03 -1
    31.0  0.1370E-03  1
    31.0  0.3071E-03 -1
    32.0  0.8755E-04  1
    32.0  0.1579E-03 -1
    33.0  0.3603E-04  1
    33.0  0.8084E-04 -1
    34.0  0.2279E-04  1
    34.0  0.4107E-04 -1
    35.0  0.9121E-05  1
    35.0  0.2057E-04 -1
