#  81 angles,  1 tensor ranks for 0=projectile
@subtitle   "39K(3He,d)40Ca 21 MeV DWBA ZR 8764 keV Jpi=3- l=5 n=1 j=9/2"                   
@legend ON
@legend x1 0.2
@legend y1 0.8
@g0 type LOGY
@yaxis ticklabel format power
@legend string   0 "Lab energy =   21.0000"
#legend string   0 "Partition=  2 Excit=  1 near/far= 1"
#  Theta       sigma       iT11        T20         T21         T22         Kyy for projectile
   0.000      0.4751    
   1.000      0.4742    
   2.000      0.4714    
   3.000      0.4669    
   4.000      0.4609    
   5.000      0.4536    
   6.000      0.4454    
   7.000      0.4367    
   8.000      0.4280    
   9.000      0.4197    
   10.00      0.4124    
   11.00      0.4064    
   12.00      0.4023    
   13.00      0.4004    
   14.00      0.4009    
   15.00      0.4041    
   16.00      0.4100    
   17.00      0.4186    
   18.00      0.4298    
   19.00      0.4433    
   20.00      0.4587    
   21.00      0.4756    
   22.00      0.4935    
   23.00      0.5118    
   24.00      0.5298    
   25.00      0.5471    
   26.00      0.5629    
   27.00      0.5766    
   28.00      0.5878    
   29.00      0.5958    
   30.00      0.6003    
   31.00      0.6010    
   32.00      0.5975    
   33.00      0.5898    
   34.00      0.5779    
   35.00      0.5620    
   36.00      0.5423    
   37.00      0.5192    
   38.00      0.4933    
   39.00      0.4651    
   40.00      0.4351    
   41.00      0.4042    
   42.00      0.3728    
   43.00      0.3416    
   44.00      0.3111    
   45.00      0.2820    
   46.00      0.2545    
   47.00      0.2291    
   48.00      0.2060    
   49.00      0.1853    
   50.00      0.1673    
   51.00      0.1519    
   52.00      0.1390    
   53.00      0.1286    
   54.00      0.1203    
   55.00      0.1140    
   56.00      0.1093    
   57.00      0.1061    
   58.00      0.1039    
   59.00      0.1025    
   60.00      0.1016    
   61.00      0.1009    
   62.00      0.1003    
   63.00      0.9964E-01
   64.00      0.9868E-01
   65.00      0.9738E-01
   66.00      0.9567E-01
   67.00      0.9352E-01
   68.00      0.9094E-01
   69.00      0.8797E-01
   70.00      0.8464E-01
   71.00      0.8104E-01
   72.00      0.7722E-01
   73.00      0.7327E-01
   74.00      0.6928E-01
   75.00      0.6531E-01
   76.00      0.6144E-01
   77.00      0.5774E-01
   78.00      0.5424E-01
   79.00      0.5098E-01
   80.00      0.4800E-01
 END
