     0.0   1.503      1
     0.0   3.005     -1
     1.0   13.52      1
     1.0   27.05     -1
     2.0   30.04      1
     2.0   60.09     -1
     3.0   42.03      1
     3.0   84.08     -1
     4.0   53.93      1
     4.0   108.0     -1
     5.0   65.73      1
     5.0   131.3     -1
     6.0   76.05      1
     6.0   153.0     -1
     7.0   85.77      1
     7.0   169.1     -1
     8.0   84.78      1
     8.0   173.0     -1
     9.0   80.80      1
     9.0   159.5     -1
    10.0   65.02      1
    10.0   130.1     -1
    11.0   44.16      1
    11.0   91.90     -1
    12.0   30.82      1
    12.0   56.65     -1
    13.0   14.29      1
    13.0   31.95     -1
    14.0   9.671      1
    14.0   17.45     -1
    15.0   4.211      1
    15.0   9.443     -1
    16.0   2.815      1
    16.0   5.081     -1
    17.0   1.214      1
    17.0   2.721     -1
    18.0  0.8037      1
    18.0   1.451     -1
    19.0  0.3433      1
    19.0  0.7701     -1
    20.0  0.2257      1
    20.0  0.4072     -1
    21.0  0.9564E-01  1
    21.0  0.2146     -1
    22.0  0.6250E-01  1
    22.0  0.1127     -1
    23.0  0.2630E-01  1
    23.0  0.5904E-01 -1
    24.0  0.1710E-01  1
    24.0  0.3084E-01 -1
    25.0  0.7156E-02  1
    25.0  0.1607E-01 -1
    26.0  0.4631E-02  1
    26.0  0.8351E-02 -1
    27.0  0.1929E-02  1
    27.0  0.4331E-02 -1
    28.0  0.1244E-02  1
    28.0  0.2242E-02 -1
    29.0  0.5160E-03  1
    29.0  0.1159E-02 -1
    30.0  0.3313E-03  1
    30.0  0.5975E-03 -1
