#  81 angles,  1 tensor ranks for 0=projectile
@subtitle   "39K(3He,d)40Ca 21 MeV DWBA ZR 9538 keV Jpi=1- l=1 n=3 j=1/2"                   
@legend ON
@legend x1 0.2
@legend y1 0.8
@g0 type LOGY
@yaxis ticklabel format power
@legend string   0 "Lab energy =   21.0000"
#legend string   0 "Partition=  2 Excit=  1 near/far= 1"
#  Theta       sigma       iT11        T20         T21         T22         Kyy for projectile
   0.000       17.36    
   1.000       17.30    
   2.000       17.11    
   3.000       16.80    
   4.000       16.37    
   5.000       15.80    
   6.000       15.11    
   7.000       14.29    
   8.000       13.37    
   9.000       12.35    
   10.00       11.25    
   11.00       10.12    
   12.00       8.971    
   13.00       7.848    
   14.00       6.782    
   15.00       5.803    
   16.00       4.935    
   17.00       4.195    
   18.00       3.592    
   19.00       3.125    
   20.00       2.787    
   21.00       2.563    
   22.00       2.436    
   23.00       2.383    
   24.00       2.381    
   25.00       2.408    
   26.00       2.445    
   27.00       2.474    
   28.00       2.482    
   29.00       2.461    
   30.00       2.408    
   31.00       2.321    
   32.00       2.205    
   33.00       2.064    
   34.00       1.906    
   35.00       1.739    
   36.00       1.570    
   37.00       1.406    
   38.00       1.252    
   39.00       1.113    
   40.00      0.9914    
   41.00      0.8881    
   42.00      0.8033    
   43.00      0.7358    
   44.00      0.6835    
   45.00      0.6439    
   46.00      0.6142    
   47.00      0.5917    
   48.00      0.5736    
   49.00      0.5580    
   50.00      0.5429    
   51.00      0.5273    
   52.00      0.5103    
   53.00      0.4916    
   54.00      0.4713    
   55.00      0.4497    
   56.00      0.4273    
   57.00      0.4046    
   58.00      0.3824    
   59.00      0.3610    
   60.00      0.3411    
   61.00      0.3230    
   62.00      0.3068    
   63.00      0.2925    
   64.00      0.2801    
   65.00      0.2692    
   66.00      0.2597    
   67.00      0.2510    
   68.00      0.2429    
   69.00      0.2349    
   70.00      0.2268    
   71.00      0.2182    
   72.00      0.2089    
   73.00      0.1988    
   74.00      0.1879    
   75.00      0.1762    
   76.00      0.1638    
   77.00      0.1509    
   78.00      0.1377    
   79.00      0.1245    
   80.00      0.1116    
 END
