     0.0   1.503      1
     0.0   3.005     -1
     1.0   13.48      1
     1.0   26.98     -1
     2.0   29.95      1
     2.0   59.93     -1
     3.0   41.92      1
     3.0   83.91     -1
     4.0   53.86      1
     4.0   107.8     -1
     5.0   65.77      1
     5.0   131.4     -1
     6.0   76.21      1
     6.0   153.3     -1
     7.0   86.21      1
     7.0   169.8     -1
     8.0   84.96      1
     8.0   173.5     -1
     9.0   80.75      1
     9.0   159.5     -1
    10.0   64.42      1
    10.0   129.2     -1
    11.0   43.48      1
    11.0   90.53     -1
    12.0   30.39      1
    12.0   55.59     -1
    13.0   13.94      1
    13.0   31.39     -1
    14.0   9.579      1
    14.0   17.20     -1
    15.0   4.137      1
    15.0   9.328     -1
    16.0   2.797      1
    16.0   5.029     -1
    17.0   1.198      1
    17.0   2.698     -1
    18.0  0.8000      1
    18.0   1.440     -1
    19.0  0.3401      1
    19.0  0.7652     -1
    20.0  0.2250      1
    20.0  0.4050     -1
    21.0  0.9497E-01  1
    21.0  0.2136     -1
    22.0  0.6234E-01  1
    22.0  0.1123     -1
    23.0  0.2616E-01  1
    23.0  0.5882E-01 -1
    24.0  0.1707E-01  1
    24.0  0.3074E-01 -1
    25.0  0.7124E-02  1
    25.0  0.1602E-01 -1
    26.0  0.4622E-02  1
    26.0  0.8325E-02 -1
    27.0  0.1920E-02  1
    27.0  0.4316E-02 -1
    28.0  0.1240E-02  1
    28.0  0.2233E-02 -1
    29.0  0.5127E-03  1
    29.0  0.1152E-02 -1
    30.0  0.3289E-03  1
    30.0  0.5923E-03 -1
