#  81 angles,  1 tensor ranks for 0=projectile
@subtitle   "39K(3He,d)40Ca 21 MeV DWBA ZR 6285 keV Jpi=3- l=3 n=2 j=5/2"                   
@legend ON
@legend x1 0.2
@legend y1 0.8
@g0 type LOGY
@yaxis ticklabel format power
@xaxis label "Scattering angle (degrees)"
@yaxis label "Cross section (mb/sr)"
@legend string   0 "Partition=  1 Excit=  1 near/far= 1"
#legend string   0 "Lab energy =   21.0000"
@s0 linestyle   1
#  Theta       sigma       iT11        T20         T21         T22         Kyy for projectile
  0.1000E-01   1.000    
   1.000      0.9997    
   2.000       1.001    
   3.000      0.9801    
   4.000      0.9937    
   5.000       1.036    
   6.000       1.069    
   7.000       1.070    
   8.000       1.043    
   9.000       1.001    
   10.00      0.9589    
   11.00      0.9259    
   12.00      0.9030    
   13.00      0.8865    
   14.00      0.8704    
   15.00      0.8486    
   16.00      0.8173    
   17.00      0.7752    
   18.00      0.7238    
   19.00      0.6664    
   20.00      0.6075    
   21.00      0.5518    
   22.00      0.5029    
   23.00      0.4636    
   24.00      0.4347    
   25.00      0.4158    
   26.00      0.4051    
   27.00      0.3999    
   28.00      0.3972    
   29.00      0.3941    
   30.00      0.3882    
   31.00      0.3777    
   32.00      0.3620    
   33.00      0.3412    
   34.00      0.3163    
   35.00      0.2889    
   36.00      0.2608    
   37.00      0.2340    
   38.00      0.2104    
   39.00      0.1911    
   40.00      0.1770    
   41.00      0.1682    
   42.00      0.1644    
   43.00      0.1646    
   44.00      0.1677    
   45.00      0.1721    
   46.00      0.1765    
   47.00      0.1796    
   48.00      0.1803    
   49.00      0.1779    
   50.00      0.1722    
   51.00      0.1633    
   52.00      0.1516    
   53.00      0.1378    
   54.00      0.1229    
   55.00      0.1077    
   56.00      0.9318E-01
   57.00      0.8011E-01
   58.00      0.6912E-01
   59.00      0.6059E-01
   60.00      0.5467E-01
   61.00      0.5129E-01
   62.00      0.5018E-01
   63.00      0.5093E-01
   64.00      0.5301E-01
   65.00      0.5587E-01
   66.00      0.5895E-01
   67.00      0.6177E-01
   68.00      0.6392E-01
   69.00      0.6510E-01
   70.00      0.6515E-01
   71.00      0.6402E-01
   72.00      0.6176E-01
   73.00      0.5853E-01
   74.00      0.5453E-01
   75.00      0.5000E-01
   76.00      0.4522E-01
   77.00      0.4042E-01
   78.00      0.3583E-01
   79.00      0.3163E-01
   80.00      0.2793E-01
 END
@legend string   1 "Partition=  2 Excit=  1 near/far= 1"
#legend string   0 "Lab energy =   21.0000"
@s1 linestyle   2
#  Theta       sigma       iT11        T20         T21         T22         Kyy for projectile
   0.000       5.125    
   1.000       5.153    
   2.000       5.236    
   3.000       5.374    
   4.000       5.563    
   5.000       5.803    
   6.000       6.089    
   7.000       6.419    
   8.000       6.787    
   9.000       7.188    
   10.00       7.615    
   11.00       8.058    
   12.00       8.505    
   13.00       8.939    
   14.00       9.342    
   15.00       9.694    
   16.00       9.975    
   17.00       10.16    
   18.00       10.24    
   19.00       10.20    
   20.00       10.03    
   21.00       9.722    
   22.00       9.292    
   23.00       8.749    
   24.00       8.109    
   25.00       7.396    
   26.00       6.634    
   27.00       5.850    
   28.00       5.073    
   29.00       4.327    
   30.00       3.635    
   31.00       3.016    
   32.00       2.482    
   33.00       2.041    
   34.00       1.696    
   35.00       1.442    
   36.00       1.272    
   37.00       1.174    
   38.00       1.136    
   39.00       1.141    
   40.00       1.176    
   41.00       1.226    
   42.00       1.280    
   43.00       1.326    
   44.00       1.359    
   45.00       1.372    
   46.00       1.364    
   47.00       1.332    
   48.00       1.280    
   49.00       1.209    
   50.00       1.124    
   51.00       1.030    
   52.00      0.9301    
   53.00      0.8304    
   54.00      0.7346    
   55.00      0.6460    
   56.00      0.5670    
   57.00      0.4992    
   58.00      0.4430    
   59.00      0.3984    
   60.00      0.3643    
   61.00      0.3395    
   62.00      0.3224    
   63.00      0.3110    
   64.00      0.3038    
   65.00      0.2988    
   66.00      0.2949    
   67.00      0.2906    
   68.00      0.2852    
   69.00      0.2781    
   70.00      0.2691    
   71.00      0.2581    
   72.00      0.2454    
   73.00      0.2315    
   74.00      0.2168    
   75.00      0.2020    
   76.00      0.1875    
   77.00      0.1740    
   78.00      0.1618    
   79.00      0.1513    
   80.00      0.1426    
 END
