#  81 angles,  1 tensor ranks for 0=projectile
@subtitle   "39K(3He,d)40Ca 21 MeV DWBA ZR 9092 keV Jpi=3- l=3 n=2 j=7/2"                   
@legend ON
@legend x1 0.2
@legend y1 0.8
@g0 type LOGY
@yaxis ticklabel format power
@xaxis label "Scattering angle (degrees)"
@yaxis label "Cross section (mb/sr)"
@legend string   0 "Partition=  1 Excit=  1 near/far= 1"
#legend string   0 "Lab energy =   21.0000"
@s0 linestyle   1
#  Theta       sigma       iT11        T20         T21         T22         Kyy for projectile
  0.1000E-01   1.000    
   1.000      0.9997    
   2.000       1.001    
   3.000      0.9801    
   4.000      0.9937    
   5.000       1.036    
   6.000       1.069    
   7.000       1.070    
   8.000       1.043    
   9.000       1.001    
   10.00      0.9589    
   11.00      0.9259    
   12.00      0.9030    
   13.00      0.8865    
   14.00      0.8704    
   15.00      0.8486    
   16.00      0.8173    
   17.00      0.7752    
   18.00      0.7238    
   19.00      0.6664    
   20.00      0.6075    
   21.00      0.5518    
   22.00      0.5029    
   23.00      0.4636    
   24.00      0.4347    
   25.00      0.4158    
   26.00      0.4051    
   27.00      0.3999    
   28.00      0.3972    
   29.00      0.3941    
   30.00      0.3882    
   31.00      0.3777    
   32.00      0.3620    
   33.00      0.3412    
   34.00      0.3163    
   35.00      0.2889    
   36.00      0.2608    
   37.00      0.2340    
   38.00      0.2104    
   39.00      0.1911    
   40.00      0.1770    
   41.00      0.1682    
   42.00      0.1644    
   43.00      0.1646    
   44.00      0.1677    
   45.00      0.1721    
   46.00      0.1765    
   47.00      0.1796    
   48.00      0.1803    
   49.00      0.1779    
   50.00      0.1722    
   51.00      0.1633    
   52.00      0.1516    
   53.00      0.1378    
   54.00      0.1229    
   55.00      0.1077    
   56.00      0.9318E-01
   57.00      0.8011E-01
   58.00      0.6912E-01
   59.00      0.6059E-01
   60.00      0.5467E-01
   61.00      0.5129E-01
   62.00      0.5018E-01
   63.00      0.5093E-01
   64.00      0.5301E-01
   65.00      0.5587E-01
   66.00      0.5895E-01
   67.00      0.6177E-01
   68.00      0.6392E-01
   69.00      0.6510E-01
   70.00      0.6515E-01
   71.00      0.6402E-01
   72.00      0.6176E-01
   73.00      0.5853E-01
   74.00      0.5453E-01
   75.00      0.5000E-01
   76.00      0.4522E-01
   77.00      0.4042E-01
   78.00      0.3583E-01
   79.00      0.3163E-01
   80.00      0.2793E-01
 END
@legend string   1 "Partition=  2 Excit=  1 near/far= 1"
#legend string   0 "Lab energy =   21.0000"
@s1 linestyle   2
#  Theta       sigma       iT11        T20         T21         T22         Kyy for projectile
   0.000       12.39    
   1.000       12.41    
   2.000       12.46    
   3.000       12.54    
   4.000       12.65    
   5.000       12.77    
   6.000       12.91    
   7.000       13.04    
   8.000       13.17    
   9.000       13.27    
   10.00       13.34    
   11.00       13.37    
   12.00       13.35    
   13.00       13.27    
   14.00       13.13    
   15.00       12.92    
   16.00       12.63    
   17.00       12.27    
   18.00       11.84    
   19.00       11.33    
   20.00       10.77    
   21.00       10.16    
   22.00       9.500    
   23.00       8.815    
   24.00       8.115    
   25.00       7.411    
   26.00       6.717    
   27.00       6.046    
   28.00       5.409    
   29.00       4.815    
   30.00       4.273    
   31.00       3.789    
   32.00       3.367    
   33.00       3.008    
   34.00       2.711    
   35.00       2.471    
   36.00       2.283    
   37.00       2.139    
   38.00       2.033    
   39.00       1.955    
   40.00       1.898    
   41.00       1.854    
   42.00       1.817    
   43.00       1.780    
   44.00       1.740    
   45.00       1.692    
   46.00       1.634    
   47.00       1.564    
   48.00       1.485    
   49.00       1.395    
   50.00       1.297    
   51.00       1.194    
   52.00       1.088    
   53.00      0.9817    
   54.00      0.8785    
   55.00      0.7804    
   56.00      0.6893    
   57.00      0.6068    
   58.00      0.5338    
   59.00      0.4708    
   60.00      0.4180    
   61.00      0.3751    
   62.00      0.3414    
   63.00      0.3159    
   64.00      0.2974    
   65.00      0.2846    
   66.00      0.2760    
   67.00      0.2705    
   68.00      0.2668    
   69.00      0.2638    
   70.00      0.2609    
   71.00      0.2574    
   72.00      0.2529    
   73.00      0.2471    
   74.00      0.2399    
   75.00      0.2315    
   76.00      0.2219    
   77.00      0.2114    
   78.00      0.2003    
   79.00      0.1890    
   80.00      0.1779    
 END
