#  81 angles,  1 tensor ranks for 0=projectile
@subtitle   "39K(3He,d)40Ca 21 MeV DWBA ZR 9092 keV Jpi=3- l=3 n=2 j=7/2"                   
@legend ON
@legend x1 0.2
@legend y1 0.8
@g0 type LOGY
@yaxis ticklabel format power
@legend string   0 "Lab energy =   21.0000"
#legend string   0 "Partition=  2 Excit=  1 near/far= 1"
#  Theta       sigma       iT11        T20         T21         T22         Kyy for projectile
   0.000       12.39    
   1.000       12.41    
   2.000       12.46    
   3.000       12.54    
   4.000       12.65    
   5.000       12.77    
   6.000       12.91    
   7.000       13.04    
   8.000       13.17    
   9.000       13.27    
   10.00       13.34    
   11.00       13.37    
   12.00       13.35    
   13.00       13.27    
   14.00       13.13    
   15.00       12.92    
   16.00       12.63    
   17.00       12.27    
   18.00       11.84    
   19.00       11.33    
   20.00       10.77    
   21.00       10.16    
   22.00       9.500    
   23.00       8.815    
   24.00       8.115    
   25.00       7.411    
   26.00       6.717    
   27.00       6.046    
   28.00       5.409    
   29.00       4.815    
   30.00       4.273    
   31.00       3.789    
   32.00       3.367    
   33.00       3.008    
   34.00       2.711    
   35.00       2.471    
   36.00       2.283    
   37.00       2.139    
   38.00       2.033    
   39.00       1.955    
   40.00       1.898    
   41.00       1.854    
   42.00       1.817    
   43.00       1.780    
   44.00       1.740    
   45.00       1.692    
   46.00       1.634    
   47.00       1.564    
   48.00       1.485    
   49.00       1.395    
   50.00       1.297    
   51.00       1.194    
   52.00       1.088    
   53.00      0.9817    
   54.00      0.8785    
   55.00      0.7804    
   56.00      0.6893    
   57.00      0.6068    
   58.00      0.5338    
   59.00      0.4708    
   60.00      0.4180    
   61.00      0.3751    
   62.00      0.3414    
   63.00      0.3159    
   64.00      0.2974    
   65.00      0.2846    
   66.00      0.2760    
   67.00      0.2705    
   68.00      0.2668    
   69.00      0.2638    
   70.00      0.2609    
   71.00      0.2574    
   72.00      0.2529    
   73.00      0.2471    
   74.00      0.2399    
   75.00      0.2315    
   76.00      0.2219    
   77.00      0.2114    
   78.00      0.2003    
   79.00      0.1890    
   80.00      0.1779    
 END
