#  81 angles,  1 tensor ranks for 0=projectile
@subtitle   "39K(3He,d)40Ca 21 MeV DWBA ZR 8359 keV Jpi=1- l=3 n=2 j=5/2"                   
@legend ON
@legend x1 0.2
@legend y1 0.8
@g0 type LOGY
@yaxis ticklabel format power
@legend string   0 "Lab energy =   21.0000"
#legend string   0 "Partition=  2 Excit=  1 near/far= 1"
#  Theta       sigma       iT11        T20         T21         T22         Kyy for projectile
   0.000       5.095    
   1.000       5.110    
   2.000       5.156    
   3.000       5.230    
   4.000       5.329    
   5.000       5.451    
   6.000       5.589    
   7.000       5.738    
   8.000       5.890    
   9.000       6.039    
   10.00       6.177    
   11.00       6.297    
   12.00       6.391    
   13.00       6.453    
   14.00       6.478    
   15.00       6.462    
   16.00       6.399    
   17.00       6.288    
   18.00       6.126    
   19.00       5.914    
   20.00       5.653    
   21.00       5.347    
   22.00       5.004    
   23.00       4.631    
   24.00       4.238    
   25.00       3.836    
   26.00       3.435    
   27.00       3.045    
   28.00       2.675    
   29.00       2.331    
   30.00       2.018    
   31.00       1.742    
   32.00       1.503    
   33.00       1.304    
   34.00       1.142    
   35.00       1.017    
   36.00      0.9247    
   37.00      0.8610    
   38.00      0.8208    
   39.00      0.7988    
   40.00      0.7893    
   41.00      0.7870    
   42.00      0.7875    
   43.00      0.7870    
   44.00      0.7825    
   45.00      0.7724    
   46.00      0.7554    
   47.00      0.7313    
   48.00      0.7002    
   49.00      0.6630    
   50.00      0.6205    
   51.00      0.5740    
   52.00      0.5251    
   53.00      0.4752    
   54.00      0.4259    
   55.00      0.3785    
   56.00      0.3344    
   57.00      0.2942    
   58.00      0.2588    
   59.00      0.2282    
   60.00      0.2025    
   61.00      0.1814    
   62.00      0.1645    
   63.00      0.1511    
   64.00      0.1407    
   65.00      0.1327    
   66.00      0.1265    
   67.00      0.1216    
   68.00      0.1175    
   69.00      0.1138    
   70.00      0.1102    
   71.00      0.1064    
   72.00      0.1023    
   73.00      0.9792E-01
   74.00      0.9320E-01
   75.00      0.8828E-01
   76.00      0.8331E-01
   77.00      0.7845E-01
   78.00      0.7387E-01
   79.00      0.6971E-01
   80.00      0.6608E-01
 END
