#  81 angles,  1 tensor ranks for 0=projectile
@subtitle   "39K(3He,d)40Ca 21 MeV DWBA ZR 8748 keV Jpi=2+ l=2 n=1 j=3/2"                   
@legend ON
@legend x1 0.2
@legend y1 0.8
@g0 type LOGY
@yaxis ticklabel format power
@legend string   0 "Lab energy =   21.0000"
#legend string   0 "Partition=  2 Excit=  1 near/far= 1"
#  Theta       sigma       iT11        T20         T21         T22         Kyy for projectile
   0.000       6.817    
   1.000       6.830    
   2.000       6.870    
   3.000       6.933    
   4.000       7.011    
   5.000       7.098    
   6.000       7.183    
   7.000       7.256    
   8.000       7.304    
   9.000       7.316    
   10.00       7.282    
   11.00       7.194    
   12.00       7.046    
   13.00       6.835    
   14.00       6.562    
   15.00       6.231    
   16.00       5.848    
   17.00       5.424    
   18.00       4.971    
   19.00       4.502    
   20.00       4.033    
   21.00       3.577    
   22.00       3.146    
   23.00       2.752    
   24.00       2.401    
   25.00       2.099    
   26.00       1.847    
   27.00       1.644    
   28.00       1.487    
   29.00       1.368    
   30.00       1.284    
   31.00       1.224    
   32.00       1.183    
   33.00       1.154    
   34.00       1.129    
   35.00       1.105    
   36.00       1.076    
   37.00       1.040    
   38.00      0.9965    
   39.00      0.9447    
   40.00      0.8855    
   41.00      0.8206    
   42.00      0.7521    
   43.00      0.6822    
   44.00      0.6132    
   45.00      0.5473    
   46.00      0.4861    
   47.00      0.4310    
   48.00      0.3829    
   49.00      0.3422    
   50.00      0.3088    
   51.00      0.2822    
   52.00      0.2619    
   53.00      0.2467    
   54.00      0.2356    
   55.00      0.2274    
   56.00      0.2211    
   57.00      0.2157    
   58.00      0.2104    
   59.00      0.2045    
   60.00      0.1975    
   61.00      0.1893    
   62.00      0.1797    
   63.00      0.1689    
   64.00      0.1570    
   65.00      0.1445    
   66.00      0.1315    
   67.00      0.1186    
   68.00      0.1060    
   69.00      0.9416E-01
   70.00      0.8326E-01
   71.00      0.7353E-01
   72.00      0.6509E-01
   73.00      0.5800E-01
   74.00      0.5224E-01
   75.00      0.4775E-01
   76.00      0.4439E-01
   77.00      0.4201E-01
   78.00      0.4043E-01
   79.00      0.3944E-01
   80.00      0.3886E-01
 END
