#  81 angles,  1 tensor ranks for 0=projectile
@subtitle   "39K(3He,d)40Ca 21 MeV DWBA ZR 8995 keV Jpi=1- l=3 n=1 j=5/2"                   
@legend ON
@legend x1 0.2
@legend y1 0.8
@g0 type LOGY
@yaxis ticklabel format power
@legend string   0 "Lab energy =   21.0000"
#legend string   0 "Partition=  2 Excit=  1 near/far= 1"
#  Theta       sigma       iT11        T20         T21         T22         Kyy for projectile
   0.000       1.865    
   1.000       1.869    
   2.000       1.880    
   3.000       1.899    
   4.000       1.923    
   5.000       1.953    
   6.000       1.988    
   7.000       2.024    
   8.000       2.061    
   9.000       2.098    
   10.00       2.131    
   11.00       2.158    
   12.00       2.179    
   13.00       2.191    
   14.00       2.191    
   15.00       2.180    
   16.00       2.154    
   17.00       2.115    
   18.00       2.060    
   19.00       1.991    
   20.00       1.908    
   21.00       1.813    
   22.00       1.706    
   23.00       1.592    
   24.00       1.472    
   25.00       1.348    
   26.00       1.224    
   27.00       1.101    
   28.00      0.9837    
   29.00      0.8727    
   30.00      0.7704    
   31.00      0.6783    
   32.00      0.5975    
   33.00      0.5284    
   34.00      0.4711    
   35.00      0.4251    
   36.00      0.3895    
   37.00      0.3630    
   38.00      0.3441    
   39.00      0.3313    
   40.00      0.3231    
   41.00      0.3180    
   42.00      0.3146    
   43.00      0.3117    
   44.00      0.3083    
   45.00      0.3037    
   46.00      0.2973    
   47.00      0.2887    
   48.00      0.2779    
   49.00      0.2650    
   50.00      0.2501    
   51.00      0.2338    
   52.00      0.2164    
   53.00      0.1985    
   54.00      0.1805    
   55.00      0.1630    
   56.00      0.1462    
   57.00      0.1306    
   58.00      0.1162    
   59.00      0.1033    
   60.00      0.9200E-01
   61.00      0.8221E-01
   62.00      0.7392E-01
   63.00      0.6703E-01
   64.00      0.6140E-01
   65.00      0.5686E-01
   66.00      0.5324E-01
   67.00      0.5035E-01
   68.00      0.4803E-01
   69.00      0.4613E-01
   70.00      0.4451E-01
   71.00      0.4308E-01
   72.00      0.4177E-01
   73.00      0.4051E-01
   74.00      0.3928E-01
   75.00      0.3806E-01
   76.00      0.3684E-01
   77.00      0.3563E-01
   78.00      0.3445E-01
   79.00      0.3331E-01
   80.00      0.3222E-01
 END
