#  81 angles,  1 tensor ranks for 0=projectile
@subtitle   "39K(3He,d)40Ca 21 MeV DWBA ZR 9092 keV Jpi=3- l=3 n=1 j=7/2"                   
@legend ON
@legend x1 0.2
@legend y1 0.8
@g0 type LOGY
@yaxis ticklabel format power
@legend string   0 "Lab energy =   21.0000"
#legend string   0 "Partition=  2 Excit=  1 near/far= 1"
#  Theta       sigma       iT11        T20         T21         T22         Kyy for projectile
   0.000       4.699    
   1.000       4.704    
   2.000       4.718    
   3.000       4.740    
   4.000       4.769    
   5.000       4.805    
   6.000       4.844    
   7.000       4.885    
   8.000       4.925    
   9.000       4.961    
   10.00       4.990    
   11.00       5.009    
   12.00       5.014    
   13.00       5.002    
   14.00       4.971    
   15.00       4.917    
   16.00       4.838    
   17.00       4.732    
   18.00       4.600    
   19.00       4.440    
   20.00       4.255    
   21.00       4.047    
   22.00       3.818    
   23.00       3.573    
   24.00       3.317    
   25.00       3.054    
   26.00       2.790    
   27.00       2.529    
   28.00       2.276    
   29.00       2.037    
   30.00       1.814    
   31.00       1.611    
   32.00       1.431    
   33.00       1.275    
   34.00       1.142    
   35.00       1.033    
   36.00      0.9447    
   37.00      0.8756    
   38.00      0.8228    
   39.00      0.7834    
   40.00      0.7542    
   41.00      0.7325    
   42.00      0.7155    
   43.00      0.7007    
   44.00      0.6860    
   45.00      0.6698    
   46.00      0.6508    
   47.00      0.6282    
   48.00      0.6018    
   49.00      0.5717    
   50.00      0.5384    
   51.00      0.5024    
   52.00      0.4649    
   53.00      0.4266    
   54.00      0.3884    
   55.00      0.3514    
   56.00      0.3160    
   57.00      0.2831    
   58.00      0.2529    
   59.00      0.2257    
   60.00      0.2019    
   61.00      0.1812    
   62.00      0.1637    
   63.00      0.1490    
   64.00      0.1369    
   65.00      0.1271    
   66.00      0.1190    
   67.00      0.1124    
   68.00      0.1069    
   69.00      0.1021    
   70.00      0.9787E-01
   71.00      0.9395E-01
   72.00      0.9024E-01
   73.00      0.8663E-01
   74.00      0.8309E-01
   75.00      0.7960E-01
   76.00      0.7618E-01
   77.00      0.7287E-01
   78.00      0.6974E-01
   79.00      0.6686E-01
   80.00      0.6427E-01
 END
