#  81 angles,  1 tensor ranks for 0=projectile
@subtitle   "39K(3He,d)40Ca 21 MeV DWBA ZR 8359 keV Jpi=2- l=3 n=1 j=5/2"                   
@legend ON
@legend x1 0.2
@legend y1 0.8
@g0 type LOGY
@yaxis ticklabel format power
@xaxis label "Scattering angle (degrees)"
@yaxis label "Cross section (mb/sr)"
@legend string   0 "Partition=  1 Excit=  1 near/far= 1"
#legend string   0 "Lab energy =   21.0000"
@s0 linestyle   1
#  Theta       sigma       iT11        T20         T21         T22         Kyy for projectile
  0.1000E-01   1.000    
   1.000      0.9997    
   2.000       1.001    
   3.000      0.9801    
   4.000      0.9937    
   5.000       1.036    
   6.000       1.069    
   7.000       1.070    
   8.000       1.043    
   9.000       1.001    
   10.00      0.9589    
   11.00      0.9259    
   12.00      0.9030    
   13.00      0.8865    
   14.00      0.8704    
   15.00      0.8486    
   16.00      0.8173    
   17.00      0.7752    
   18.00      0.7238    
   19.00      0.6664    
   20.00      0.6075    
   21.00      0.5518    
   22.00      0.5029    
   23.00      0.4636    
   24.00      0.4347    
   25.00      0.4158    
   26.00      0.4051    
   27.00      0.3999    
   28.00      0.3972    
   29.00      0.3941    
   30.00      0.3882    
   31.00      0.3777    
   32.00      0.3620    
   33.00      0.3412    
   34.00      0.3163    
   35.00      0.2889    
   36.00      0.2608    
   37.00      0.2340    
   38.00      0.2104    
   39.00      0.1911    
   40.00      0.1770    
   41.00      0.1682    
   42.00      0.1644    
   43.00      0.1646    
   44.00      0.1677    
   45.00      0.1721    
   46.00      0.1765    
   47.00      0.1796    
   48.00      0.1803    
   49.00      0.1779    
   50.00      0.1722    
   51.00      0.1633    
   52.00      0.1516    
   53.00      0.1378    
   54.00      0.1229    
   55.00      0.1077    
   56.00      0.9318E-01
   57.00      0.8011E-01
   58.00      0.6912E-01
   59.00      0.6059E-01
   60.00      0.5467E-01
   61.00      0.5129E-01
   62.00      0.5018E-01
   63.00      0.5093E-01
   64.00      0.5301E-01
   65.00      0.5587E-01
   66.00      0.5895E-01
   67.00      0.6177E-01
   68.00      0.6392E-01
   69.00      0.6510E-01
   70.00      0.6515E-01
   71.00      0.6402E-01
   72.00      0.6176E-01
   73.00      0.5853E-01
   74.00      0.5453E-01
   75.00      0.5000E-01
   76.00      0.4522E-01
   77.00      0.4042E-01
   78.00      0.3583E-01
   79.00      0.3163E-01
   80.00      0.2793E-01
 END
@legend string   1 "Partition=  2 Excit=  1 near/far= 1"
#legend string   0 "Lab energy =   21.0000"
@s1 linestyle   2
#  Theta       sigma       iT11        T20         T21         T22         Kyy for projectile
   0.000       3.306    
   1.000       3.315    
   2.000       3.340    
   3.000       3.381    
   4.000       3.436    
   5.000       3.503    
   6.000       3.580    
   7.000       3.664    
   8.000       3.752    
   9.000       3.839    
   10.00       3.922    
   11.00       3.997    
   12.00       4.059    
   13.00       4.106    
   14.00       4.131    
   15.00       4.133    
   16.00       4.107    
   17.00       4.050    
   18.00       3.961    
   19.00       3.841    
   20.00       3.689    
   21.00       3.510    
   22.00       3.306    
   23.00       3.083    
   24.00       2.845    
   25.00       2.599    
   26.00       2.350    
   27.00       2.105    
   28.00       1.868    
   29.00       1.645    
   30.00       1.439    
   31.00       1.255    
   32.00       1.095    
   33.00      0.9590    
   34.00      0.8477    
   35.00      0.7595    
   36.00      0.6926    
   37.00      0.6441    
   38.00      0.6110    
   39.00      0.5899    
   40.00      0.5775    
   41.00      0.5707    
   42.00      0.5668    
   43.00      0.5633    
   44.00      0.5582    
   45.00      0.5501    
   46.00      0.5378    
   47.00      0.5209    
   48.00      0.4994    
   49.00      0.4737    
   50.00      0.4443    
   51.00      0.4123    
   52.00      0.3786    
   53.00      0.3444    
   54.00      0.3105    
   55.00      0.2778    
   56.00      0.2470    
   57.00      0.2187    
   58.00      0.1932    
   59.00      0.1707    
   60.00      0.1514    
   61.00      0.1351    
   62.00      0.1216    
   63.00      0.1107    
   64.00      0.1021    
   65.00      0.9533E-01
   66.00      0.9004E-01
   67.00      0.8587E-01
   68.00      0.8251E-01
   69.00      0.7970E-01
   70.00      0.7724E-01
   71.00      0.7496E-01
   72.00      0.7278E-01
   73.00      0.7063E-01
   74.00      0.6848E-01
   75.00      0.6634E-01
   76.00      0.6421E-01
   77.00      0.6213E-01
   78.00      0.6013E-01
   79.00      0.5827E-01
   80.00      0.5657E-01
 END
