#  81 angles,  1 tensor ranks for 0=projectile
@subtitle   "39K(3He,d)40Ca 21 MeV DWBA ZR 8359 keV Jpi=2- l=3 n=1 j=5/2"                   
@legend ON
@legend x1 0.2
@legend y1 0.8
@g0 type LOGY
@yaxis ticklabel format power
@legend string   0 "Lab energy =   21.0000"
#legend string   0 "Partition=  2 Excit=  1 near/far= 1"
#  Theta       sigma       iT11        T20         T21         T22         Kyy for projectile
   0.000       3.306    
   1.000       3.315    
   2.000       3.340    
   3.000       3.381    
   4.000       3.436    
   5.000       3.503    
   6.000       3.580    
   7.000       3.664    
   8.000       3.752    
   9.000       3.839    
   10.00       3.922    
   11.00       3.997    
   12.00       4.059    
   13.00       4.106    
   14.00       4.131    
   15.00       4.133    
   16.00       4.107    
   17.00       4.050    
   18.00       3.961    
   19.00       3.841    
   20.00       3.689    
   21.00       3.510    
   22.00       3.306    
   23.00       3.083    
   24.00       2.845    
   25.00       2.599    
   26.00       2.350    
   27.00       2.105    
   28.00       1.868    
   29.00       1.645    
   30.00       1.439    
   31.00       1.255    
   32.00       1.095    
   33.00      0.9590    
   34.00      0.8477    
   35.00      0.7595    
   36.00      0.6926    
   37.00      0.6441    
   38.00      0.6110    
   39.00      0.5899    
   40.00      0.5775    
   41.00      0.5707    
   42.00      0.5668    
   43.00      0.5633    
   44.00      0.5582    
   45.00      0.5501    
   46.00      0.5378    
   47.00      0.5209    
   48.00      0.4994    
   49.00      0.4737    
   50.00      0.4443    
   51.00      0.4123    
   52.00      0.3786    
   53.00      0.3444    
   54.00      0.3105    
   55.00      0.2778    
   56.00      0.2470    
   57.00      0.2187    
   58.00      0.1932    
   59.00      0.1707    
   60.00      0.1514    
   61.00      0.1351    
   62.00      0.1216    
   63.00      0.1107    
   64.00      0.1021    
   65.00      0.9533E-01
   66.00      0.9004E-01
   67.00      0.8587E-01
   68.00      0.8251E-01
   69.00      0.7970E-01
   70.00      0.7724E-01
   71.00      0.7496E-01
   72.00      0.7278E-01
   73.00      0.7063E-01
   74.00      0.6848E-01
   75.00      0.6634E-01
   76.00      0.6421E-01
   77.00      0.6213E-01
   78.00      0.6013E-01
   79.00      0.5827E-01
   80.00      0.5657E-01
 END
