#  81 angles,  1 tensor ranks for 0=projectile
@subtitle   "39K(3He,d)40Ca 21 MeV DWBA ZR 8851 keV Jpi=3- l=5 n=1 j=9/2"                   
@legend ON
@legend x1 0.2
@legend y1 0.8
@g0 type LOGY
@yaxis ticklabel format power
@legend string   0 "Lab energy =   21.0000"
#legend string   0 "Partition=  2 Excit=  1 near/far= 1"
#  Theta       sigma       iT11        T20         T21         T22         Kyy for projectile
   0.000      0.4810    
   1.000      0.4801    
   2.000      0.4771    
   3.000      0.4725    
   4.000      0.4663    
   5.000      0.4589    
   6.000      0.4506    
   7.000      0.4419    
   8.000      0.4332    
   9.000      0.4249    
   10.00      0.4174    
   11.00      0.4113    
   12.00      0.4069    
   13.00      0.4046    
   14.00      0.4047    
   15.00      0.4075    
   16.00      0.4129    
   17.00      0.4211    
   18.00      0.4318    
   19.00      0.4447    
   20.00      0.4596    
   21.00      0.4758    
   22.00      0.4931    
   23.00      0.5107    
   24.00      0.5283    
   25.00      0.5450    
   26.00      0.5604    
   27.00      0.5738    
   28.00      0.5846    
   29.00      0.5923    
   30.00      0.5963    
   31.00      0.5964    
   32.00      0.5924    
   33.00      0.5843    
   34.00      0.5721    
   35.00      0.5560    
   36.00      0.5364    
   37.00      0.5137    
   38.00      0.4883    
   39.00      0.4607    
   40.00      0.4315    
   41.00      0.4012    
   42.00      0.3705    
   43.00      0.3398    
   44.00      0.3098    
   45.00      0.2809    
   46.00      0.2536    
   47.00      0.2284    
   48.00      0.2054    
   49.00      0.1849    
   50.00      0.1670    
   51.00      0.1517    
   52.00      0.1389    
   53.00      0.1285    
   54.00      0.1202    
   55.00      0.1139    
   56.00      0.1092    
   57.00      0.1059    
   58.00      0.1036    
   59.00      0.1021    
   60.00      0.1012    
   61.00      0.1005    
   62.00      0.9985E-01
   63.00      0.9912E-01
   64.00      0.9815E-01
   65.00      0.9684E-01
   66.00      0.9513E-01
   67.00      0.9301E-01
   68.00      0.9046E-01
   69.00      0.8753E-01
   70.00      0.8425E-01
   71.00      0.8070E-01
   72.00      0.7693E-01
   73.00      0.7302E-01
   74.00      0.6906E-01
   75.00      0.6510E-01
   76.00      0.6124E-01
   77.00      0.5752E-01
   78.00      0.5400E-01
   79.00      0.5073E-01
   80.00      0.4774E-01
 END
