     0.0   1.503      1
     0.0   3.006     -1
     1.0   13.52      1
     1.0   27.05     -1
     2.0   30.05      1
     2.0   60.10     -1
     3.0   42.05      1
     3.0   84.10     -1
     4.0   54.01      1
     4.0   108.0     -1
     5.0   65.90      1
     5.0   131.6     -1
     6.0   76.41      1
     6.0   153.6     -1
     7.0   86.46      1
     7.0   170.1     -1
     8.0   85.36      1
     8.0   174.3     -1
     9.0   81.32      1
     9.0   160.6     -1
    10.0   65.29      1
    10.0   130.7     -1
    11.0   44.31      1
    11.0   92.18     -1
    12.0   30.87      1
    12.0   56.77     -1
    13.0   14.31      1
    13.0   32.00     -1
    14.0   9.680      1
    14.0   17.47     -1
    15.0   4.215      1
    15.0   9.451     -1
    16.0   2.816      1
    16.0   5.084     -1
    17.0   1.214      1
    17.0   2.722     -1
    18.0  0.8039      1
    18.0   1.451     -1
    19.0  0.3434      1
    19.0  0.7702     -1
    20.0  0.2258      1
    20.0  0.4073     -1
    21.0  0.9564E-01  1
    21.0  0.2146     -1
    22.0  0.6251E-01  1
    22.0  0.1127     -1
    23.0  0.2630E-01  1
    23.0  0.5904E-01 -1
    24.0  0.1710E-01  1
    24.0  0.3084E-01 -1
    25.0  0.7156E-02  1
    25.0  0.1607E-01 -1
    26.0  0.4632E-02  1
    26.0  0.8351E-02 -1
    27.0  0.1929E-02  1
    27.0  0.4331E-02 -1
    28.0  0.1243E-02  1
    28.0  0.2242E-02 -1
    29.0  0.5159E-03  1
    29.0  0.1158E-02 -1
    30.0  0.3312E-03  1
    30.0  0.5972E-03 -1
