     0.0   1.486      1
     0.0   2.985     -1
     1.0   13.47      1
     1.0   26.95     -1
     2.0   29.94      1
     2.0   59.96     -1
     3.0   41.99      1
     3.0   84.00     -1
     4.0   53.90      1
     4.0   107.9     -1
     5.0   65.84      1
     5.0   131.4     -1
     6.0   76.00      1
     6.0   153.1     -1
     7.0   86.11      1
     7.0   168.8     -1
     8.0   83.95      1
     8.0   172.2     -1
     9.0   80.44      1
     9.0   158.6     -1
    10.0   64.69      1
    10.0   129.5     -1
    11.0   44.03      1
    11.0   91.59     -1
    12.0   30.73      1
    12.0   56.50     -1
    13.0   14.26      1
    13.0   31.87     -1
    14.0   9.651      1
    14.0   17.42     -1
    15.0   4.204      1
    15.0   9.426     -1
    16.0   2.810      1
    16.0   5.073     -1
    17.0   1.212      1
    17.0   2.717     -1
    18.0  0.8027      1
    18.0   1.449     -1
    19.0  0.3429      1
    19.0  0.7692     -1
    20.0  0.2255      1
    20.0  0.4068     -1
    21.0  0.9554E-01  1
    21.0  0.2144     -1
    22.0  0.6245E-01  1
    22.0  0.1126     -1
    23.0  0.2628E-01  1
    23.0  0.5900E-01 -1
    24.0  0.1709E-01  1
    24.0  0.3082E-01 -1
    25.0  0.7151E-02  1
    25.0  0.1606E-01 -1
    26.0  0.4630E-02  1
    26.0  0.8347E-02 -1
    27.0  0.1928E-02  1
    27.0  0.4330E-02 -1
    28.0  0.1243E-02  1
    28.0  0.2241E-02 -1
    29.0  0.5158E-03  1
    29.0  0.1158E-02 -1
    30.0  0.3312E-03  1
    30.0  0.5973E-03 -1
