#  81 angles,  1 tensor ranks for 0=projectile
@subtitle   "39K(3He,d)40Ca 21 MeV DWBA ZR 8484 keV Jpi=2- l=3 n=1 j=7/2"                   
@legend ON
@legend x1 0.2
@legend y1 0.8
@g0 type LOGY
@yaxis ticklabel format power
@xaxis label "Scattering angle (degrees)"
@yaxis label "Cross section (mb/sr)"
@legend string   0 "Partition=  1 Excit=  1 near/far= 1"
#legend string   0 "Lab energy =   21.0000"
@s0 linestyle   1
#  Theta       sigma       iT11        T20         T21         T22         Kyy for projectile
  0.1000E-01   1.000    
   1.000      0.9997    
   2.000       1.001    
   3.000      0.9801    
   4.000      0.9937    
   5.000       1.036    
   6.000       1.069    
   7.000       1.070    
   8.000       1.043    
   9.000       1.001    
   10.00      0.9589    
   11.00      0.9259    
   12.00      0.9030    
   13.00      0.8865    
   14.00      0.8704    
   15.00      0.8486    
   16.00      0.8173    
   17.00      0.7752    
   18.00      0.7238    
   19.00      0.6664    
   20.00      0.6075    
   21.00      0.5518    
   22.00      0.5029    
   23.00      0.4636    
   24.00      0.4347    
   25.00      0.4158    
   26.00      0.4051    
   27.00      0.3999    
   28.00      0.3972    
   29.00      0.3941    
   30.00      0.3882    
   31.00      0.3777    
   32.00      0.3620    
   33.00      0.3412    
   34.00      0.3163    
   35.00      0.2889    
   36.00      0.2608    
   37.00      0.2340    
   38.00      0.2104    
   39.00      0.1911    
   40.00      0.1770    
   41.00      0.1682    
   42.00      0.1644    
   43.00      0.1646    
   44.00      0.1677    
   45.00      0.1721    
   46.00      0.1765    
   47.00      0.1796    
   48.00      0.1803    
   49.00      0.1779    
   50.00      0.1722    
   51.00      0.1633    
   52.00      0.1516    
   53.00      0.1378    
   54.00      0.1229    
   55.00      0.1077    
   56.00      0.9318E-01
   57.00      0.8011E-01
   58.00      0.6912E-01
   59.00      0.6059E-01
   60.00      0.5467E-01
   61.00      0.5129E-01
   62.00      0.5018E-01
   63.00      0.5093E-01
   64.00      0.5301E-01
   65.00      0.5587E-01
   66.00      0.5895E-01
   67.00      0.6177E-01
   68.00      0.6392E-01
   69.00      0.6510E-01
   70.00      0.6515E-01
   71.00      0.6402E-01
   72.00      0.6176E-01
   73.00      0.5853E-01
   74.00      0.5453E-01
   75.00      0.5000E-01
   76.00      0.4522E-01
   77.00      0.4042E-01
   78.00      0.3583E-01
   79.00      0.3163E-01
   80.00      0.2793E-01
 END
@legend string   1 "Partition=  2 Excit=  1 near/far= 1"
#legend string   0 "Lab energy =   21.0000"
@s1 linestyle   2
#  Theta       sigma       iT11        T20         T21         T22         Kyy for projectile
   0.000       3.612    
   1.000       3.617    
   2.000       3.632    
   3.000       3.655    
   4.000       3.687    
   5.000       3.724    
   6.000       3.767    
   7.000       3.812    
   8.000       3.858    
   9.000       3.903    
   10.00       3.943    
   11.00       3.978    
   12.00       4.003    
   13.00       4.015    
   14.00       4.012    
   15.00       3.989    
   16.00       3.945    
   17.00       3.876    
   18.00       3.782    
   19.00       3.663    
   20.00       3.519    
   21.00       3.352    
   22.00       3.165    
   23.00       2.962    
   24.00       2.746    
   25.00       2.523    
   26.00       2.296    
   27.00       2.072    
   28.00       1.854    
   29.00       1.648    
   30.00       1.456    
   31.00       1.282    
   32.00       1.129    
   33.00      0.9962    
   34.00      0.8849    
   35.00      0.7940    
   36.00      0.7219    
   37.00      0.6665    
   38.00      0.6252    
   39.00      0.5953    
   40.00      0.5742    
   41.00      0.5591    
   42.00      0.5475    
   43.00      0.5374    
   44.00      0.5268    
   45.00      0.5145    
   46.00      0.4994    
   47.00      0.4810    
   48.00      0.4592    
   49.00      0.4342    
   50.00      0.4066    
   51.00      0.3770    
   52.00      0.3464    
   53.00      0.3154    
   54.00      0.2850    
   55.00      0.2558    
   56.00      0.2283    
   57.00      0.2031    
   58.00      0.1804    
   59.00      0.1605    
   60.00      0.1433    
   61.00      0.1289    
   62.00      0.1169    
   63.00      0.1072    
   64.00      0.9943E-01
   65.00      0.9321E-01
   66.00      0.8822E-01
   67.00      0.8411E-01
   68.00      0.8061E-01
   69.00      0.7750E-01
   70.00      0.7460E-01
   71.00      0.7178E-01
   72.00      0.6898E-01
   73.00      0.6616E-01
   74.00      0.6332E-01
   75.00      0.6048E-01
   76.00      0.5769E-01
   77.00      0.5503E-01
   78.00      0.5255E-01
   79.00      0.5034E-01
   80.00      0.4844E-01
 END
