#  81 angles,  1 tensor ranks for 0=projectile
@subtitle   "39K(3He,d)40Ca 21 MeV DWBA ZR 8484 keV Jpi=2- l=3 n=1 j=7/2"                   
@legend ON
@legend x1 0.2
@legend y1 0.8
@g0 type LOGY
@yaxis ticklabel format power
@legend string   0 "Lab energy =   21.0000"
#legend string   0 "Partition=  2 Excit=  1 near/far= 1"
#  Theta       sigma       iT11        T20         T21         T22         Kyy for projectile
   0.000       3.612    
   1.000       3.617    
   2.000       3.632    
   3.000       3.655    
   4.000       3.687    
   5.000       3.724    
   6.000       3.767    
   7.000       3.812    
   8.000       3.858    
   9.000       3.903    
   10.00       3.943    
   11.00       3.978    
   12.00       4.003    
   13.00       4.015    
   14.00       4.012    
   15.00       3.989    
   16.00       3.945    
   17.00       3.876    
   18.00       3.782    
   19.00       3.663    
   20.00       3.519    
   21.00       3.352    
   22.00       3.165    
   23.00       2.962    
   24.00       2.746    
   25.00       2.523    
   26.00       2.296    
   27.00       2.072    
   28.00       1.854    
   29.00       1.648    
   30.00       1.456    
   31.00       1.282    
   32.00       1.129    
   33.00      0.9962    
   34.00      0.8849    
   35.00      0.7940    
   36.00      0.7219    
   37.00      0.6665    
   38.00      0.6252    
   39.00      0.5953    
   40.00      0.5742    
   41.00      0.5591    
   42.00      0.5475    
   43.00      0.5374    
   44.00      0.5268    
   45.00      0.5145    
   46.00      0.4994    
   47.00      0.4810    
   48.00      0.4592    
   49.00      0.4342    
   50.00      0.4066    
   51.00      0.3770    
   52.00      0.3464    
   53.00      0.3154    
   54.00      0.2850    
   55.00      0.2558    
   56.00      0.2283    
   57.00      0.2031    
   58.00      0.1804    
   59.00      0.1605    
   60.00      0.1433    
   61.00      0.1289    
   62.00      0.1169    
   63.00      0.1072    
   64.00      0.9943E-01
   65.00      0.9321E-01
   66.00      0.8822E-01
   67.00      0.8411E-01
   68.00      0.8061E-01
   69.00      0.7750E-01
   70.00      0.7460E-01
   71.00      0.7178E-01
   72.00      0.6898E-01
   73.00      0.6616E-01
   74.00      0.6332E-01
   75.00      0.6048E-01
   76.00      0.5769E-01
   77.00      0.5503E-01
   78.00      0.5255E-01
   79.00      0.5034E-01
   80.00      0.4844E-01
 END
