     0.0   1.501      1
     0.0   3.004     -1
     1.0   13.51      1
     1.0   27.03     -1
     2.0   29.97      1
     2.0   60.00     -1
     3.0   41.95      1
     3.0   83.96     -1
     4.0   53.79      1
     4.0   107.8     -1
     5.0   65.64      1
     5.0   131.2     -1
     6.0   75.71      1
     6.0   152.6     -1
     7.0   85.34      1
     7.0   168.0     -1
     8.0   83.56      1
     8.0   170.7     -1
     9.0   79.43      1
     9.0   156.4     -1
    10.0   63.40      1
    10.0   127.3     -1
    11.0   43.32      1
    11.0   89.90     -1
    12.0   30.11      1
    12.0   55.52     -1
    13.0   14.09      1
    13.0   31.41     -1
    14.0   9.516      1
    14.0   17.21     -1
    15.0   4.171      1
    15.0   9.334     -1
    16.0   2.784      1
    16.0   5.033     -1
    17.0   1.206      1
    17.0   2.700     -1
    18.0  0.7978      1
    18.0   1.441     -1
    19.0  0.3418      1
    19.0  0.7659     -1
    20.0  0.2246      1
    20.0  0.4054     -1
    21.0  0.9533E-01  1
    21.0  0.2138     -1
    22.0  0.6228E-01  1
    22.0  0.1124     -1
    23.0  0.2624E-01  1
    23.0  0.5888E-01 -1
    24.0  0.1706E-01  1
    24.0  0.3077E-01 -1
    25.0  0.7145E-02  1
    25.0  0.1604E-01 -1
    26.0  0.4624E-02  1
    26.0  0.8338E-02 -1
    27.0  0.1927E-02  1
    27.0  0.4326E-02 -1
    28.0  0.1242E-02  1
    28.0  0.2239E-02 -1
    29.0  0.5150E-03  1
    29.0  0.1156E-02 -1
    30.0  0.3304E-03  1
    30.0  0.5958E-03 -1
