#  81 angles,  1 tensor ranks for 0=projectile
@subtitle   "39K(3He,d)40Ca 21 MeV DWBA ZR 6025 keV Jpi=2- l=1 n=3 j=3/2"                   
@legend ON
@legend x1 0.2
@legend y1 0.8
@g0 type LOGY
@yaxis ticklabel format power
@legend string   0 "Lab energy =   21.0000"
#legend string   0 "Partition=  2 Excit=  1 near/far= 1"
#  Theta       sigma       iT11        T20         T21         T22         Kyy for projectile
   0.000       34.86    
   1.000       35.35    
   2.000       36.76    
   3.000       38.89    
   4.000       41.45    
   5.000       44.06    
   6.000       46.35    
   7.000       47.96    
   8.000       48.61    
   9.000       48.11    
   10.00       46.39    
   11.00       43.53    
   12.00       39.70    
   13.00       35.15    
   14.00       30.20    
   15.00       25.19    
   16.00       20.42    
   17.00       16.16    
   18.00       12.60    
   19.00       9.836    
   20.00       7.901    
   21.00       6.742    
   22.00       6.248    
   23.00       6.268    
   24.00       6.632    
   25.00       7.169    
   26.00       7.725    
   27.00       8.177    
   28.00       8.434    
   29.00       8.447    
   30.00       8.202    
   31.00       7.719    
   32.00       7.038    
   33.00       6.217    
   34.00       5.321    
   35.00       4.413    
   36.00       3.550    
   37.00       2.780    
   38.00       2.134    
   39.00       1.633    
   40.00       1.282    
   41.00       1.074    
   42.00      0.9930    
   43.00       1.016    
   44.00       1.116    
   45.00       1.265    
   46.00       1.435    
   47.00       1.604    
   48.00       1.751    
   49.00       1.864    
   50.00       1.934    
   51.00       1.956    
   52.00       1.933    
   53.00       1.867    
   54.00       1.767    
   55.00       1.640    
   56.00       1.494    
   57.00       1.340    
   58.00       1.184    
   59.00       1.033    
   60.00      0.8943    
   61.00      0.7702    
   62.00      0.6636    
   63.00      0.5752    
   64.00      0.5047    
   65.00      0.4506    
   66.00      0.4110    
   67.00      0.3833    
   68.00      0.3647    
   69.00      0.3529    
   70.00      0.3454    
   71.00      0.3403    
   72.00      0.3360    
   73.00      0.3313    
   74.00      0.3254    
   75.00      0.3178    
   76.00      0.3085    
   77.00      0.2976    
   78.00      0.2853    
   79.00      0.2720    
   80.00      0.2584    
 END
