#  81 angles,  1 tensor ranks for 0=projectile
@subtitle   "39K(3He,d)40Ca 21 MeV DWBA ZR 7532 keV Jpi=2- l=3 n=2 j=7/2"                   
@legend ON
@legend x1 0.2
@legend y1 0.8
@g0 type LOGY
@yaxis ticklabel format power
@xaxis label "Scattering angle (degrees)"
@yaxis label "Cross section (mb/sr)"
@legend string   0 "Partition=  1 Excit=  1 near/far= 1"
#legend string   0 "Lab energy =   21.0000"
@s0 linestyle   1
#  Theta       sigma       iT11        T20         T21         T22         Kyy for projectile
  0.1000E-01   1.000    
   1.000      0.9997    
   2.000       1.001    
   3.000      0.9801    
   4.000      0.9937    
   5.000       1.036    
   6.000       1.069    
   7.000       1.070    
   8.000       1.043    
   9.000       1.001    
   10.00      0.9589    
   11.00      0.9259    
   12.00      0.9030    
   13.00      0.8865    
   14.00      0.8704    
   15.00      0.8486    
   16.00      0.8173    
   17.00      0.7752    
   18.00      0.7238    
   19.00      0.6664    
   20.00      0.6075    
   21.00      0.5518    
   22.00      0.5029    
   23.00      0.4636    
   24.00      0.4347    
   25.00      0.4158    
   26.00      0.4051    
   27.00      0.3999    
   28.00      0.3972    
   29.00      0.3941    
   30.00      0.3882    
   31.00      0.3777    
   32.00      0.3620    
   33.00      0.3412    
   34.00      0.3163    
   35.00      0.2889    
   36.00      0.2608    
   37.00      0.2340    
   38.00      0.2104    
   39.00      0.1911    
   40.00      0.1770    
   41.00      0.1682    
   42.00      0.1644    
   43.00      0.1646    
   44.00      0.1677    
   45.00      0.1721    
   46.00      0.1765    
   47.00      0.1796    
   48.00      0.1803    
   49.00      0.1779    
   50.00      0.1722    
   51.00      0.1633    
   52.00      0.1516    
   53.00      0.1378    
   54.00      0.1229    
   55.00      0.1077    
   56.00      0.9318E-01
   57.00      0.8011E-01
   58.00      0.6912E-01
   59.00      0.6059E-01
   60.00      0.5467E-01
   61.00      0.5129E-01
   62.00      0.5018E-01
   63.00      0.5093E-01
   64.00      0.5301E-01
   65.00      0.5587E-01
   66.00      0.5895E-01
   67.00      0.6177E-01
   68.00      0.6392E-01
   69.00      0.6510E-01
   70.00      0.6515E-01
   71.00      0.6402E-01
   72.00      0.6176E-01
   73.00      0.5853E-01
   74.00      0.5453E-01
   75.00      0.5000E-01
   76.00      0.4522E-01
   77.00      0.4042E-01
   78.00      0.3583E-01
   79.00      0.3163E-01
   80.00      0.2793E-01
 END
@legend string   1 "Partition=  2 Excit=  1 near/far= 1"
#legend string   0 "Lab energy =   21.0000"
@s1 linestyle   2
#  Theta       sigma       iT11        T20         T21         T22         Kyy for projectile
   0.000       7.338    
   1.000       7.357    
   2.000       7.411    
   3.000       7.499    
   4.000       7.617    
   5.000       7.762    
   6.000       7.927    
   7.000       8.107    
   8.000       8.296    
   9.000       8.488    
   10.00       8.676    
   11.00       8.851    
   12.00       9.005    
   13.00       9.126    
   14.00       9.207    
   15.00       9.235    
   16.00       9.203    
   17.00       9.103    
   18.00       8.932    
   19.00       8.687    
   20.00       8.371    
   21.00       7.987    
   22.00       7.543    
   23.00       7.049    
   24.00       6.515    
   25.00       5.955    
   26.00       5.382    
   27.00       4.810    
   28.00       4.254    
   29.00       3.726    
   30.00       3.239    
   31.00       2.802    
   32.00       2.421    
   33.00       2.099    
   34.00       1.838    
   35.00       1.634    
   36.00       1.482    
   37.00       1.374    
   38.00       1.303    
   39.00       1.260    
   40.00       1.235    
   41.00       1.222    
   42.00       1.214    
   43.00       1.204    
   44.00       1.189    
   45.00       1.165    
   46.00       1.131    
   47.00       1.085    
   48.00       1.028    
   49.00      0.9610    
   50.00      0.8866    
   51.00      0.8072    
   52.00      0.7257    
   53.00      0.6452    
   54.00      0.5682    
   55.00      0.4972    
   56.00      0.4338    
   57.00      0.3791    
   58.00      0.3336    
   59.00      0.2973    
   60.00      0.2696    
   61.00      0.2497    
   62.00      0.2364    
   63.00      0.2286    
   64.00      0.2248    
   65.00      0.2237    
   66.00      0.2241    
   67.00      0.2250    
   68.00      0.2254    
   69.00      0.2247    
   70.00      0.2224    
   71.00      0.2182    
   72.00      0.2121    
   73.00      0.2041    
   74.00      0.1946    
   75.00      0.1839    
   76.00      0.1724    
   77.00      0.1606    
   78.00      0.1489    
   79.00      0.1377    
   80.00      0.1273    
 END
