#  81 angles,  1 tensor ranks for 0=projectile
@subtitle   "39K(3He,d)40Ca 21 MeV DWBA ZR 6750 keV Jpi=2- l=1 n=2 j=1/2"                   
@legend ON
@legend x1 0.2
@legend y1 0.8
@g0 type LOGY
@yaxis ticklabel format power
@xaxis label "Scattering angle (degrees)"
@yaxis label "Cross section (mb/sr)"
@legend string   0 "Partition=  1 Excit=  1 near/far= 1"
#legend string   0 "Lab energy =   21.0000"
@s0 linestyle   1
#  Theta       sigma       iT11        T20         T21         T22         Kyy for projectile
  0.1000E-01   1.000    
   1.000      0.9997    
   2.000       1.001    
   3.000      0.9801    
   4.000      0.9937    
   5.000       1.036    
   6.000       1.069    
   7.000       1.070    
   8.000       1.043    
   9.000       1.001    
   10.00      0.9589    
   11.00      0.9259    
   12.00      0.9030    
   13.00      0.8865    
   14.00      0.8704    
   15.00      0.8486    
   16.00      0.8173    
   17.00      0.7752    
   18.00      0.7238    
   19.00      0.6664    
   20.00      0.6075    
   21.00      0.5518    
   22.00      0.5029    
   23.00      0.4636    
   24.00      0.4347    
   25.00      0.4158    
   26.00      0.4051    
   27.00      0.3999    
   28.00      0.3972    
   29.00      0.3941    
   30.00      0.3882    
   31.00      0.3777    
   32.00      0.3620    
   33.00      0.3412    
   34.00      0.3163    
   35.00      0.2889    
   36.00      0.2608    
   37.00      0.2340    
   38.00      0.2104    
   39.00      0.1911    
   40.00      0.1770    
   41.00      0.1682    
   42.00      0.1644    
   43.00      0.1646    
   44.00      0.1677    
   45.00      0.1721    
   46.00      0.1765    
   47.00      0.1796    
   48.00      0.1803    
   49.00      0.1779    
   50.00      0.1722    
   51.00      0.1633    
   52.00      0.1516    
   53.00      0.1378    
   54.00      0.1229    
   55.00      0.1077    
   56.00      0.9318E-01
   57.00      0.8011E-01
   58.00      0.6912E-01
   59.00      0.6059E-01
   60.00      0.5467E-01
   61.00      0.5129E-01
   62.00      0.5018E-01
   63.00      0.5093E-01
   64.00      0.5301E-01
   65.00      0.5587E-01
   66.00      0.5895E-01
   67.00      0.6177E-01
   68.00      0.6392E-01
   69.00      0.6510E-01
   70.00      0.6515E-01
   71.00      0.6402E-01
   72.00      0.6176E-01
   73.00      0.5853E-01
   74.00      0.5453E-01
   75.00      0.5000E-01
   76.00      0.4522E-01
   77.00      0.4042E-01
   78.00      0.3583E-01
   79.00      0.3163E-01
   80.00      0.2793E-01
 END
@legend string   1 "Partition=  2 Excit=  1 near/far= 1"
#legend string   0 "Lab energy =   21.0000"
@s1 linestyle   2
#  Theta       sigma       iT11        T20         T21         T22         Kyy for projectile
   0.000       22.93    
   1.000       23.11    
   2.000       23.61    
   3.000       24.35    
   4.000       25.22    
   5.000       26.06    
   6.000       26.73    
   7.000       27.07    
   8.000       26.97    
   9.000       26.36    
   10.00       25.22    
   11.00       23.58    
   12.00       21.52    
   13.00       19.16    
   14.00       16.64    
   15.00       14.12    
   16.00       11.73    
   17.00       9.585    
   18.00       7.780    
   19.00       6.358    
   20.00       5.330    
   21.00       4.673    
   22.00       4.335    
   23.00       4.247    
   24.00       4.333    
   25.00       4.513    
   26.00       4.716    
   27.00       4.884    
   28.00       4.973    
   29.00       4.959    
   30.00       4.831    
   31.00       4.594    
   32.00       4.264    
   33.00       3.866    
   34.00       3.426    
   35.00       2.974    
   36.00       2.535    
   37.00       2.130    
   38.00       1.777    
   39.00       1.483    
   40.00       1.254    
   41.00       1.088    
   42.00      0.9781    
   43.00      0.9161    
   44.00      0.8911    
   45.00      0.8918    
   46.00      0.9070    
   47.00      0.9270    
   48.00      0.9439    
   49.00      0.9518    
   50.00      0.9472    
   51.00      0.9285    
   52.00      0.8960    
   53.00      0.8515    
   54.00      0.7979    
   55.00      0.7385    
   56.00      0.6769    
   57.00      0.6165    
   58.00      0.5603    
   59.00      0.5107    
   60.00      0.4692    
   61.00      0.4368    
   62.00      0.4137    
   63.00      0.3991    
   64.00      0.3923    
   65.00      0.3916    
   66.00      0.3954    
   67.00      0.4020    
   68.00      0.4096    
   69.00      0.4167    
   70.00      0.4219    
   71.00      0.4242    
   72.00      0.4228    
   73.00      0.4173    
   74.00      0.4077    
   75.00      0.3939    
   76.00      0.3766    
   77.00      0.3560    
   78.00      0.3331    
   79.00      0.3085    
   80.00      0.2829    
 END
