#  81 angles,  1 tensor ranks for 0=projectile
@subtitle   "39K(3He,d)40Ca 21 MeV DWBA ZR 6750 keV Jpi=2- l=1 n=2 j=1/2"                   
@legend ON
@legend x1 0.2
@legend y1 0.8
@g0 type LOGY
@yaxis ticklabel format power
@legend string   0 "Lab energy =   21.0000"
#legend string   0 "Partition=  2 Excit=  1 near/far= 1"
#  Theta       sigma       iT11        T20         T21         T22         Kyy for projectile
   0.000       22.93    
   1.000       23.11    
   2.000       23.61    
   3.000       24.35    
   4.000       25.22    
   5.000       26.06    
   6.000       26.73    
   7.000       27.07    
   8.000       26.97    
   9.000       26.36    
   10.00       25.22    
   11.00       23.58    
   12.00       21.52    
   13.00       19.16    
   14.00       16.64    
   15.00       14.12    
   16.00       11.73    
   17.00       9.585    
   18.00       7.780    
   19.00       6.358    
   20.00       5.330    
   21.00       4.673    
   22.00       4.335    
   23.00       4.247    
   24.00       4.333    
   25.00       4.513    
   26.00       4.716    
   27.00       4.884    
   28.00       4.973    
   29.00       4.959    
   30.00       4.831    
   31.00       4.594    
   32.00       4.264    
   33.00       3.866    
   34.00       3.426    
   35.00       2.974    
   36.00       2.535    
   37.00       2.130    
   38.00       1.777    
   39.00       1.483    
   40.00       1.254    
   41.00       1.088    
   42.00      0.9781    
   43.00      0.9161    
   44.00      0.8911    
   45.00      0.8918    
   46.00      0.9070    
   47.00      0.9270    
   48.00      0.9439    
   49.00      0.9518    
   50.00      0.9472    
   51.00      0.9285    
   52.00      0.8960    
   53.00      0.8515    
   54.00      0.7979    
   55.00      0.7385    
   56.00      0.6769    
   57.00      0.6165    
   58.00      0.5603    
   59.00      0.5107    
   60.00      0.4692    
   61.00      0.4368    
   62.00      0.4137    
   63.00      0.3991    
   64.00      0.3923    
   65.00      0.3916    
   66.00      0.3954    
   67.00      0.4020    
   68.00      0.4096    
   69.00      0.4167    
   70.00      0.4219    
   71.00      0.4242    
   72.00      0.4228    
   73.00      0.4173    
   74.00      0.4077    
   75.00      0.3939    
   76.00      0.3766    
   77.00      0.3560    
   78.00      0.3331    
   79.00      0.3085    
   80.00      0.2829    
 END
