     0.0   1.499      1
     0.0   3.002     -1
     1.0   13.46      1
     1.0   26.94     -1
     2.0   29.86      1
     2.0   59.82     -1
     3.0   41.88      1
     3.0   83.82     -1
     4.0   53.75      1
     4.0   107.7     -1
     5.0   65.70      1
     5.0   131.3     -1
     6.0   75.94      1
     6.0   152.9     -1
     7.0   85.80      1
     7.0   168.9     -1
     8.0   84.33      1
     8.0   172.3     -1
     9.0   80.34      1
     9.0   158.4     -1
    10.0   64.29      1
    10.0   128.9     -1
    11.0   43.82      1
    11.0   90.99     -1
    12.0   30.47      1
    12.0   56.12     -1
    13.0   14.20      1
    13.0   31.69     -1
    14.0   9.592      1
    14.0   17.33     -1
    15.0   4.193      1
    15.0   9.389     -1
    16.0   2.799      1
    16.0   5.057     -1
    17.0   1.210      1
    17.0   2.710     -1
    18.0  0.8006      1
    18.0   1.446     -1
    19.0  0.3425      1
    19.0  0.7679     -1
    20.0  0.2251      1
    20.0  0.4063     -1
    21.0  0.9547E-01  1
    21.0  0.2142     -1
    22.0  0.6237E-01  1
    22.0  0.1125     -1
    23.0  0.2627E-01  1
    23.0  0.5895E-01 -1
    24.0  0.1707E-01  1
    24.0  0.3080E-01 -1
    25.0  0.7149E-02  1
    25.0  0.1605E-01 -1
    26.0  0.4626E-02  1
    26.0  0.8343E-02 -1
    27.0  0.1928E-02  1
    27.0  0.4328E-02 -1
    28.0  0.1243E-02  1
    28.0  0.2241E-02 -1
    29.0  0.5158E-03  1
    29.0  0.1158E-02 -1
    30.0  0.3312E-03  1
    30.0  0.5973E-03 -1
