     0.0   1.500      1
     0.0   2.995     -1
     1.0   13.48      1
     1.0   26.98     -1
     2.0   30.01      1
     2.0   60.03     -1
     3.0   42.01      1
     3.0   84.05     -1
     4.0   53.97      1
     4.0   108.0     -1
     5.0   65.88      1
     5.0   131.6     -1
     6.0   76.29      1
     6.0   153.5     -1
     7.0   86.30      1
     7.0   169.8     -1
     8.0   85.03      1
     8.0   173.6     -1
     9.0   80.76      1
     9.0   159.7     -1
    10.0   65.13      1
    10.0   130.0     -1
    11.0   44.06      1
    11.0   91.86     -1
    12.0   30.84      1
    12.0   56.62     -1
    13.0   14.26      1
    13.0   31.93     -1
    14.0   9.673      1
    14.0   17.44     -1
    15.0   4.205      1
    15.0   9.437     -1
    16.0   2.815      1
    16.0   5.078     -1
    17.0   1.212      1
    17.0   2.719     -1
    18.0  0.8037      1
    18.0   1.450     -1
    19.0  0.3429      1
    19.0  0.7696     -1
    20.0  0.2257      1
    20.0  0.4070     -1
    21.0  0.9554E-01  1
    21.0  0.2145     -1
    22.0  0.6249E-01  1
    22.0  0.1127     -1
    23.0  0.2628E-01  1
    23.0  0.5901E-01 -1
    24.0  0.1710E-01  1
    24.0  0.3082E-01 -1
    25.0  0.7148E-02  1
    25.0  0.1605E-01 -1
    26.0  0.4629E-02  1
    26.0  0.8343E-02 -1
    27.0  0.1925E-02  1
    27.0  0.4326E-02 -1
    28.0  0.1242E-02  1
    28.0  0.2238E-02 -1
    29.0  0.5144E-03  1
    29.0  0.1155E-02 -1
    30.0  0.3293E-03  1
    30.0  0.5936E-03 -1
