#  81 angles,  1 tensor ranks for 0=projectile
@subtitle   "39K(3He,d)40Ca 21 MeV DWBA ZR 6950 keV Jpi=1- l=3 n=2 j=5/2"                   
@legend ON
@legend x1 0.2
@legend y1 0.8
@g0 type LOGY
@yaxis ticklabel format power
@legend string   0 "Lab energy =   21.0000"
#legend string   0 "Partition=  2 Excit=  1 near/far= 1"
#  Theta       sigma       iT11        T20         T21         T22         Kyy for projectile
   0.000       2.977    
   1.000       2.991    
   2.000       3.032    
   3.000       3.099    
   4.000       3.191    
   5.000       3.305    
   6.000       3.440    
   7.000       3.592    
   8.000       3.758    
   9.000       3.935    
   10.00       4.117    
   11.00       4.299    
   12.00       4.475    
   13.00       4.638    
   14.00       4.778    
   15.00       4.889    
   16.00       4.961    
   17.00       4.989    
   18.00       4.965    
   19.00       4.888    
   20.00       4.756    
   21.00       4.571    
   22.00       4.337    
   23.00       4.059    
   24.00       3.746    
   25.00       3.408    
   26.00       3.056    
   27.00       2.699    
   28.00       2.349    
   29.00       2.016    
   30.00       1.709    
   31.00       1.435    
   32.00       1.199    
   33.00       1.003    
   34.00      0.8489    
   35.00      0.7337    
   36.00      0.6543    
   37.00      0.6056    
   38.00      0.5819    
   39.00      0.5772    
   40.00      0.5852    
   41.00      0.6003    
   42.00      0.6175    
   43.00      0.6326    
   44.00      0.6425    
   45.00      0.6448    
   46.00      0.6383    
   47.00      0.6226    
   48.00      0.5981    
   49.00      0.5658    
   50.00      0.5273    
   51.00      0.4844    
   52.00      0.4391    
   53.00      0.3933    
   54.00      0.3490    
   55.00      0.3074    
   56.00      0.2698    
   57.00      0.2368    
   58.00      0.2089    
   59.00      0.1861    
   60.00      0.1680    
   61.00      0.1542    
   62.00      0.1440    
   63.00      0.1368    
   64.00      0.1318    
   65.00      0.1283    
   66.00      0.1257    
   67.00      0.1233    
   68.00      0.1209    
   69.00      0.1180    
   70.00      0.1144    
   71.00      0.1102    
   72.00      0.1054    
   73.00      0.9998E-01
   74.00      0.9425E-01
   75.00      0.8837E-01
   76.00      0.8255E-01
   77.00      0.7701E-01
   78.00      0.7193E-01
   79.00      0.6745E-01
   80.00      0.6367E-01
 END
