#  81 angles,  1 tensor ranks for 0=projectile
@subtitle   "39K(3He,d)40Ca 21 MeV DWBA ZR 6750 keV Jpi=2- l=3 n=2 j=7/2"                   
@legend ON
@legend x1 0.2
@legend y1 0.8
@g0 type LOGY
@yaxis ticklabel format power
@legend string   0 "Lab energy =   21.0000"
#legend string   0 "Partition=  2 Excit=  1 near/far= 1"
#  Theta       sigma       iT11        T20         T21         T22         Kyy for projectile
   0.000       5.484    
   1.000       5.500    
   2.000       5.547    
   3.000       5.624    
   4.000       5.729    
   5.000       5.860    
   6.000       6.014    
   7.000       6.188    
   8.000       6.379    
   9.000       6.583    
   10.00       6.795    
   11.00       7.009    
   12.00       7.218    
   13.00       7.413    
   14.00       7.583    
   15.00       7.718    
   16.00       7.804    
   17.00       7.833    
   18.00       7.794    
   19.00       7.681    
   20.00       7.490    
   21.00       7.223    
   22.00       6.884    
   23.00       6.479    
   24.00       6.019    
   25.00       5.518    
   26.00       4.991    
   27.00       4.453    
   28.00       3.921    
   29.00       3.411    
   30.00       2.935    
   31.00       2.506    
   32.00       2.131    
   33.00       1.815    
   34.00       1.560    
   35.00       1.363    
   36.00       1.220    
   37.00       1.124    
   38.00       1.066    
   39.00       1.037    
   40.00       1.028    
   41.00       1.031    
   42.00       1.038    
   43.00       1.043    
   44.00       1.040    
   45.00       1.027    
   46.00       1.002    
   47.00      0.9643    
   48.00      0.9144    
   49.00      0.8543    
   50.00      0.7864    
   51.00      0.7136    
   52.00      0.6392    
   53.00      0.5661    
   54.00      0.4969    
   55.00      0.4339    
   56.00      0.3788    
   57.00      0.3323    
   58.00      0.2949    
   59.00      0.2664    
   60.00      0.2460    
   61.00      0.2328    
   62.00      0.2254    
   63.00      0.2225    
   64.00      0.2227    
   65.00      0.2246    
   66.00      0.2270    
   67.00      0.2289    
   68.00      0.2295    
   69.00      0.2282    
   70.00      0.2247    
   71.00      0.2189    
   72.00      0.2109    
   73.00      0.2010    
   74.00      0.1897    
   75.00      0.1773    
   76.00      0.1644    
   77.00      0.1514    
   78.00      0.1389    
   79.00      0.1273    
   80.00      0.1169    
 END
