#  81 angles,  1 tensor ranks for 0=projectile
@subtitle   "39K(3He,d)40Ca 21 MeV DWBA ZR 7113 keV Jpi=1- l=1 n=2 j=3/2"                   
@legend ON
@legend x1 0.2
@legend y1 0.8
@g0 type LOGY
@yaxis ticklabel format power
@xaxis label "Scattering angle (degrees)"
@yaxis label "Cross section (mb/sr)"
@legend string   0 "Partition=  1 Excit=  1 near/far= 1"
#legend string   0 "Lab energy =   21.0000"
@s0 linestyle   1
#  Theta       sigma       iT11        T20         T21         T22         Kyy for projectile
  0.1000E-01   1.000    
   1.000      0.9997    
   2.000       1.001    
   3.000      0.9801    
   4.000      0.9937    
   5.000       1.036    
   6.000       1.069    
   7.000       1.070    
   8.000       1.043    
   9.000       1.001    
   10.00      0.9589    
   11.00      0.9259    
   12.00      0.9030    
   13.00      0.8865    
   14.00      0.8704    
   15.00      0.8486    
   16.00      0.8173    
   17.00      0.7752    
   18.00      0.7238    
   19.00      0.6664    
   20.00      0.6075    
   21.00      0.5518    
   22.00      0.5029    
   23.00      0.4636    
   24.00      0.4347    
   25.00      0.4158    
   26.00      0.4051    
   27.00      0.3999    
   28.00      0.3972    
   29.00      0.3941    
   30.00      0.3882    
   31.00      0.3777    
   32.00      0.3620    
   33.00      0.3412    
   34.00      0.3163    
   35.00      0.2889    
   36.00      0.2608    
   37.00      0.2340    
   38.00      0.2104    
   39.00      0.1911    
   40.00      0.1770    
   41.00      0.1682    
   42.00      0.1644    
   43.00      0.1646    
   44.00      0.1677    
   45.00      0.1721    
   46.00      0.1765    
   47.00      0.1796    
   48.00      0.1803    
   49.00      0.1779    
   50.00      0.1722    
   51.00      0.1633    
   52.00      0.1516    
   53.00      0.1378    
   54.00      0.1229    
   55.00      0.1077    
   56.00      0.9318E-01
   57.00      0.8011E-01
   58.00      0.6912E-01
   59.00      0.6059E-01
   60.00      0.5467E-01
   61.00      0.5129E-01
   62.00      0.5018E-01
   63.00      0.5093E-01
   64.00      0.5301E-01
   65.00      0.5587E-01
   66.00      0.5895E-01
   67.00      0.6177E-01
   68.00      0.6392E-01
   69.00      0.6510E-01
   70.00      0.6515E-01
   71.00      0.6402E-01
   72.00      0.6176E-01
   73.00      0.5853E-01
   74.00      0.5453E-01
   75.00      0.5000E-01
   76.00      0.4522E-01
   77.00      0.4042E-01
   78.00      0.3583E-01
   79.00      0.3163E-01
   80.00      0.2793E-01
 END
@legend string   1 "Partition=  2 Excit=  1 near/far= 1"
#legend string   0 "Lab energy =   21.0000"
@s1 linestyle   2
#  Theta       sigma       iT11        T20         T21         T22         Kyy for projectile
   0.000       14.50    
   1.000       14.58    
   2.000       14.79    
   3.000       15.11    
   4.000       15.46    
   5.000       15.78    
   6.000       15.99    
   7.000       16.03    
   8.000       15.83    
   9.000       15.36    
   10.00       14.62    
   11.00       13.62    
   12.00       12.41    
   13.00       11.06    
   14.00       9.639    
   15.00       8.226    
   16.00       6.896    
   17.00       5.711    
   18.00       4.713    
   19.00       3.927    
   20.00       3.356    
   21.00       2.986    
   22.00       2.790    
   23.00       2.728    
   24.00       2.759    
   25.00       2.841    
   26.00       2.935    
   27.00       3.009    
   28.00       3.041    
   29.00       3.015    
   30.00       2.927    
   31.00       2.780    
   32.00       2.582    
   33.00       2.346    
   34.00       2.087    
   35.00       1.820    
   36.00       1.561    
   37.00       1.322    
   38.00       1.110    
   39.00      0.9321    
   40.00      0.7905    
   41.00      0.6845    
   42.00      0.6113    
   43.00      0.5660    
   44.00      0.5429    
   45.00      0.5357    
   46.00      0.5384    
   47.00      0.5454    
   48.00      0.5521    
   49.00      0.5552    
   50.00      0.5522    
   51.00      0.5423    
   52.00      0.5252    
   53.00      0.5017    
   54.00      0.4731    
   55.00      0.4412    
   56.00      0.4077    
   57.00      0.3746    
   58.00      0.3433    
   59.00      0.3152    
   60.00      0.2912    
   61.00      0.2720    
   62.00      0.2576    
   63.00      0.2478    
   64.00      0.2422    
   65.00      0.2400    
   66.00      0.2404    
   67.00      0.2425    
   68.00      0.2453    
   69.00      0.2480    
   70.00      0.2499    
   71.00      0.2503    
   72.00      0.2489    
   73.00      0.2454    
   74.00      0.2397    
   75.00      0.2318    
   76.00      0.2219    
   77.00      0.2103    
   78.00      0.1973    
   79.00      0.1833    
   80.00      0.1688    
 END
