     0.0   1.503      1
     0.0   3.001     -1
     1.0   13.52      1
     1.0   27.02     -1
     2.0   30.04      1
     2.0   60.05     -1
     3.0   42.02      1
     3.0   84.00     -1
     4.0   53.95      1
     4.0   107.8     -1
     5.0   65.77      1
     5.0   131.3     -1
     6.0   76.22      1
     6.0   153.1     -1
     7.0   86.10      1
     7.0   169.3     -1
     8.0   84.76      1
     8.0   172.8     -1
     9.0   79.68      1
     9.0   157.6     -1
    10.0   63.85      1
    10.0   126.2     -1
    11.0   41.48      1
    11.0   87.27     -1
    12.0   29.14      1
    12.0   53.42     -1
    13.0   13.53      1
    13.0   30.25     -1
    14.0   9.224      1
    14.0   16.65     -1
    15.0   4.050      1
    15.0   9.076     -1
    16.0   2.722      1
    16.0   4.914     -1
    17.0   1.180      1
    17.0   2.645     -1
    18.0  0.7847      1
    18.0   1.416     -1
    19.0  0.3364      1
    19.0  0.7545     -1
    20.0  0.2218      1
    20.0  0.4002     -1
    21.0  0.9421E-01  1
    21.0  0.2114     -1
    22.0  0.6170E-01  1
    22.0  0.1113     -1
    23.0  0.2600E-01  1
    23.0  0.5838E-01 -1
    24.0  0.1693E-01  1
    24.0  0.3053E-01 -1
    25.0  0.7091E-02  1
    25.0  0.1592E-01 -1
    26.0  0.4595E-02  1
    26.0  0.8283E-02 -1
    27.0  0.1915E-02  1
    27.0  0.4300E-02 -1
    28.0  0.1235E-02  1
    28.0  0.2226E-02 -1
    29.0  0.5117E-03  1
    29.0  0.1150E-02 -1
    30.0  0.3288E-03  1
    30.0  0.5926E-03 -1
