#  81 angles,  1 tensor ranks for 0=projectile
@subtitle   "39K(3He,d)40Ca 21 MeV DWBA ZR 9432 keV Jpi=3- l=3 n=2 j=7/2"                   
@legend ON
@legend x1 0.2
@legend y1 0.8
@g0 type LOGY
@yaxis ticklabel format power
@legend string   0 "Lab energy =   21.0000"
#legend string   0 "Partition=  2 Excit=  1 near/far= 1"
#  Theta       sigma       iT11        T20         T21         T22         Kyy for projectile
   0.000       11.81    
   1.000       11.82    
   2.000       11.87    
   3.000       11.93    
   4.000       12.01    
   5.000       12.11    
   6.000       12.21    
   7.000       12.31    
   8.000       12.40    
   9.000       12.46    
   10.00       12.49    
   11.00       12.48    
   12.00       12.42    
   13.00       12.31    
   14.00       12.14    
   15.00       11.91    
   16.00       11.62    
   17.00       11.26    
   18.00       10.84    
   19.00       10.37    
   20.00       9.845    
   21.00       9.276    
   22.00       8.673    
   23.00       8.047    
   24.00       7.410    
   25.00       6.772    
   26.00       6.146    
   27.00       5.543    
   28.00       4.972    
   29.00       4.442    
   30.00       3.959    
   31.00       3.528    
   32.00       3.152    
   33.00       2.831    
   34.00       2.563    
   35.00       2.346    
   36.00       2.175    
   37.00       2.043    
   38.00       1.944    
   39.00       1.871    
   40.00       1.817    
   41.00       1.774    
   42.00       1.737    
   43.00       1.701    
   44.00       1.662    
   45.00       1.616    
   46.00       1.562    
   47.00       1.498    
   48.00       1.424    
   49.00       1.341    
   50.00       1.251    
   51.00       1.155    
   52.00       1.057    
   53.00      0.9579    
   54.00      0.8609    
   55.00      0.7679    
   56.00      0.6810    
   57.00      0.6014    
   58.00      0.5303    
   59.00      0.4681    
   60.00      0.4151    
   61.00      0.3711    
   62.00      0.3357    
   63.00      0.3081    
   64.00      0.2873    
   65.00      0.2723    
   66.00      0.2618    
   67.00      0.2547    
   68.00      0.2498    
   69.00      0.2461    
   70.00      0.2429    
   71.00      0.2395    
   72.00      0.2354    
   73.00      0.2304    
   74.00      0.2243    
   75.00      0.2172    
   76.00      0.2091    
   77.00      0.2001    
   78.00      0.1905    
   79.00      0.1806    
   80.00      0.1707    
 END
