#  81 angles,  1 tensor ranks for 0=projectile
@subtitle   "39K(3He,d)40Ca 21 MeV DWBA ZR 7532 keV Jpi=2- l=1 n=2 j=1/2"                   
@legend ON
@legend x1 0.2
@legend y1 0.8
@g0 type LOGY
@yaxis ticklabel format power
@legend string   0 "Lab energy =   21.0000"
#legend string   0 "Partition=  2 Excit=  1 near/far= 1"
#  Theta       sigma       iT11        T20         T21         T22         Kyy for projectile
   0.000       28.77    
   1.000       28.79    
   2.000       28.84    
   3.000       28.89    
   4.000       28.86    
   5.000       28.69    
   6.000       28.29    
   7.000       27.60    
   8.000       26.57    
   9.000       25.18    
   10.00       23.44    
   11.00       21.41    
   12.00       19.16    
   13.00       16.79    
   14.00       14.43    
   15.00       12.18    
   16.00       10.13    
   17.00       8.373    
   18.00       6.951    
   19.00       5.884    
   20.00       5.161    
   21.00       4.750    
   22.00       4.597    
   23.00       4.640    
   24.00       4.808    
   25.00       5.037    
   26.00       5.265    
   27.00       5.445    
   28.00       5.540    
   29.00       5.531    
   30.00       5.410    
   31.00       5.182    
   32.00       4.861    
   33.00       4.468    
   34.00       4.028    
   35.00       3.566    
   36.00       3.105    
   37.00       2.665    
   38.00       2.260    
   39.00       1.902    
   40.00       1.596    
   41.00       1.342    
   42.00       1.140    
   43.00      0.9827    
   44.00      0.8647    
   45.00      0.7781    
   46.00      0.7151    
   47.00      0.6687    
   48.00      0.6330    
   49.00      0.6034    
   50.00      0.5769    
   51.00      0.5516    
   52.00      0.5269    
   53.00      0.5032    
   54.00      0.4812    
   55.00      0.4622    
   56.00      0.4473    
   57.00      0.4375    
   58.00      0.4335    
   59.00      0.4357    
   60.00      0.4438    
   61.00      0.4571    
   62.00      0.4745    
   63.00      0.4945    
   64.00      0.5154    
   65.00      0.5352    
   66.00      0.5525    
   67.00      0.5655    
   68.00      0.5730    
   69.00      0.5742    
   70.00      0.5685    
   71.00      0.5558    
   72.00      0.5361    
   73.00      0.5102    
   74.00      0.4787    
   75.00      0.4427    
   76.00      0.4033    
   77.00      0.3619    
   78.00      0.3198    
   79.00      0.2783    
   80.00      0.2386    
 END
