     0.0   1.497      1
     0.0   2.991     -1
     1.0   13.42      1
     1.0   26.92     -1
     2.0   29.90      1
     2.0   59.86     -1
     3.0   41.81      1
     3.0   83.77     -1
     4.0   53.73      1
     4.0   107.6     -1
     5.0   65.53      1
     5.0   131.0     -1
     6.0   75.97      1
     6.0   152.9     -1
     7.0   85.82      1
     7.0   169.1     -1
     8.0   84.44      1
     8.0   172.5     -1
     9.0   79.71      1
     9.0   157.9     -1
    10.0   64.00      1
    10.0   127.6     -1
    11.0   43.06      1
    11.0   89.76     -1
    12.0   30.11      1
    12.0   55.35     -1
    13.0   14.01      1
    13.0   31.30     -1
    14.0   9.500      1
    14.0   17.15     -1
    15.0   4.153      1
    15.0   9.308     -1
    16.0   2.781      1
    16.0   5.021     -1
    17.0   1.202      1
    17.0   2.694     -1
    18.0  0.7970      1
    18.0   1.439     -1
    19.0  0.3410      1
    19.0  0.7648     -1
    20.0  0.2244      1
    20.0  0.4049     -1
    21.0  0.9518E-01  1
    21.0  0.2136     -1
    22.0  0.6224E-01  1
    22.0  0.1123     -1
    23.0  0.2621E-01  1
    23.0  0.5884E-01 -1
    24.0  0.1705E-01  1
    24.0  0.3075E-01 -1
    25.0  0.7140E-02  1
    25.0  0.1603E-01 -1
    26.0  0.4623E-02  1
    26.0  0.8335E-02 -1
    27.0  0.1926E-02  1
    27.0  0.4325E-02 -1
    28.0  0.1242E-02  1
    28.0  0.2240E-02 -1
    29.0  0.5157E-03  1
    29.0  0.1158E-02 -1
    30.0  0.3312E-03  1
    30.0  0.5972E-03 -1
