#  81 angles,  1 tensor ranks for 0=projectile
@subtitle   "39K(3He,d)40Ca 21 MeV DWBA ZR 8188 keV Jpi=3- l=1 n=2 j=3/2"                   
@legend ON
@legend x1 0.2
@legend y1 0.8
@g0 type LOGY
@yaxis ticklabel format power
@legend string   0 "Lab energy =   21.0000"
#legend string   0 "Partition=  2 Excit=  1 near/far= 1"
#  Theta       sigma       iT11        T20         T21         T22         Kyy for projectile
   0.000       35.60    
   1.000       35.60    
   2.000       35.58    
   3.000       35.51    
   4.000       35.32    
   5.000       34.94    
   6.000       34.32    
   7.000       33.38    
   8.000       32.10    
   9.000       30.47    
   10.00       28.50    
   11.00       26.26    
   12.00       23.81    
   13.00       21.26    
   14.00       18.72    
   15.00       16.28    
   16.00       14.05    
   17.00       12.10    
   18.00       10.48    
   19.00       9.214    
   20.00       8.289    
   21.00       7.676    
   22.00       7.323    
   23.00       7.168    
   24.00       7.141    
   25.00       7.177    
   26.00       7.219    
   27.00       7.218    
   28.00       7.141    
   29.00       6.969    
   30.00       6.694    
   31.00       6.323    
   32.00       5.871    
   33.00       5.359    
   34.00       4.812    
   35.00       4.255    
   36.00       3.712    
   37.00       3.205    
   38.00       2.748    
   39.00       2.352    
   40.00       2.022    
   41.00       1.759    
   42.00       1.558    
   43.00       1.413    
   44.00       1.314    
   45.00       1.252    
   46.00       1.216    
   47.00       1.198    
   48.00       1.187    
   49.00       1.178    
   50.00       1.165    
   51.00       1.145    
   52.00       1.117    
   53.00       1.079    
   54.00       1.034    
   55.00      0.9836    
   56.00      0.9292    
   57.00      0.8736    
   58.00      0.8192    
   59.00      0.7679    
   60.00      0.7214    
   61.00      0.6809    
   62.00      0.6469    
   63.00      0.6196    
   64.00      0.5985    
   65.00      0.5829    
   66.00      0.5718    
   67.00      0.5640    
   68.00      0.5581    
   69.00      0.5529    
   70.00      0.5473    
   71.00      0.5402    
   72.00      0.5311    
   73.00      0.5194    
   74.00      0.5048    
   75.00      0.4872    
   76.00      0.4669    
   77.00      0.4440    
   78.00      0.4191    
   79.00      0.3926    
   80.00      0.3651    
 END
