#  81 angles,  1 tensor ranks for 0=projectile
@subtitle   "39K(3He,d)40Ca 21 MeV DWBA ZR 8188 keV Jpi=4+ l=6 n=1 j=11/2"                  
@legend ON
@legend x1 0.2
@legend y1 0.8
@g0 type LOGY
@yaxis ticklabel format power
@legend string   0 "Lab energy =   21.0000"
#legend string   0 "Partition=  2 Excit=  1 near/far= 1"
#  Theta       sigma       iT11        T20         T21         T22         Kyy for projectile
   0.000      0.8683E-02
   1.000      0.8657E-02
   2.000      0.8700E-02
   3.000      0.9137E-02
   4.000      0.1039E-01
   5.000      0.1284E-01
   6.000      0.1669E-01
   7.000      0.2190E-01
   8.000      0.2818E-01
   9.000      0.3505E-01
   10.00      0.4201E-01
   11.00      0.4864E-01
   12.00      0.5473E-01
   13.00      0.6030E-01
   14.00      0.6555E-01
   15.00      0.7078E-01
   16.00      0.7626E-01
   17.00      0.8215E-01
   18.00      0.8847E-01
   19.00      0.9508E-01
   20.00      0.1018    
   21.00      0.1085    
   22.00      0.1150    
   23.00      0.1213    
   24.00      0.1276    
   25.00      0.1340    
   26.00      0.1406    
   27.00      0.1475    
   28.00      0.1549    
   29.00      0.1626    
   30.00      0.1705    
   31.00      0.1786    
   32.00      0.1866    
   33.00      0.1944    
   34.00      0.2017    
   35.00      0.2085    
   36.00      0.2144    
   37.00      0.2194    
   38.00      0.2233    
   39.00      0.2260    
   40.00      0.2272    
   41.00      0.2271    
   42.00      0.2254    
   43.00      0.2221    
   44.00      0.2174    
   45.00      0.2112    
   46.00      0.2037    
   47.00      0.1949    
   48.00      0.1850    
   49.00      0.1743    
   50.00      0.1630    
   51.00      0.1514    
   52.00      0.1399    
   53.00      0.1286    
   54.00      0.1178    
   55.00      0.1077    
   56.00      0.9835E-01
   57.00      0.8990E-01
   58.00      0.8232E-01
   59.00      0.7558E-01
   60.00      0.6965E-01
   61.00      0.6450E-01
   62.00      0.6010E-01
   63.00      0.5644E-01
   64.00      0.5351E-01
   65.00      0.5125E-01
   66.00      0.4964E-01
   67.00      0.4859E-01
   68.00      0.4799E-01
   69.00      0.4773E-01
   70.00      0.4768E-01
   71.00      0.4772E-01
   72.00      0.4774E-01
   73.00      0.4767E-01
   74.00      0.4746E-01
   75.00      0.4709E-01
   76.00      0.4657E-01
   77.00      0.4591E-01
   78.00      0.4513E-01
   79.00      0.4423E-01
   80.00      0.4324E-01
 END
