     0.0   1.495      1
     0.0   2.995     -1
     1.0   13.44      1
     1.0   26.95     -1
     2.0   29.92      1
     2.0   59.93     -1
     3.0   41.86      1
     3.0   83.86     -1
     4.0   53.77      1
     4.0   107.7     -1
     5.0   65.58      1
     5.0   131.1     -1
     6.0   75.96      1
     6.0   152.7     -1
     7.0   85.64      1
     7.0   168.7     -1
     8.0   84.06      1
     8.0   171.6     -1
     9.0   78.93      1
     9.0   156.7     -1
    10.0   63.47      1
    10.0   126.4     -1
    11.0   42.70      1
    11.0   89.02     -1
    12.0   29.90      1
    12.0   54.98     -1
    13.0   13.94      1
    13.0   31.14     -1
    14.0   9.465      1
    14.0   17.09     -1
    15.0   4.144      1
    15.0   9.286     -1
    16.0   2.776      1
    16.0   5.013     -1
    17.0   1.201      1
    17.0   2.692     -1
    18.0  0.7966      1
    18.0   1.438     -1
    19.0  0.3410      1
    19.0  0.7647     -1
    20.0  0.2244      1
    20.0  0.4049     -1
    21.0  0.9521E-01  1
    21.0  0.2136     -1
    22.0  0.6226E-01  1
    22.0  0.1123     -1
    23.0  0.2622E-01  1
    23.0  0.5886E-01 -1
    24.0  0.1706E-01  1
    24.0  0.3076E-01 -1
    25.0  0.7143E-02  1
    25.0  0.1603E-01 -1
    26.0  0.4624E-02  1
    26.0  0.8338E-02 -1
    27.0  0.1927E-02  1
    27.0  0.4327E-02 -1
    28.0  0.1243E-02  1
    28.0  0.2241E-02 -1
    29.0  0.5159E-03  1
    29.0  0.1158E-02 -1
    30.0  0.3312E-03  1
    30.0  0.5974E-03 -1
