#  81 angles,  1 tensor ranks for 0=projectile
@subtitle   "39K(3He,d)40Ca 21 MeV DWBA ZR 8764 keV Jpi=3- l=1 n=3 j=3/2"                   
@legend ON
@legend x1 0.2
@legend y1 0.8
@g0 type LOGY
@yaxis ticklabel format power
@legend string   0 "Lab energy =   21.0000"
#legend string   0 "Partition=  2 Excit=  1 near/far= 1"
#  Theta       sigma       iT11        T20         T21         T22         Kyy for projectile
   0.000       51.23    
   1.000       51.14    
   2.000       50.86    
   3.000       50.36    
   4.000       49.59    
   5.000       48.52    
   6.000       47.10    
   7.000       45.29    
   8.000       43.08    
   9.000       40.48    
   10.00       37.55    
   11.00       34.34    
   12.00       30.96    
   13.00       27.52    
   14.00       24.15    
   15.00       20.96    
   16.00       18.07    
   17.00       15.55    
   18.00       13.45    
   19.00       11.80    
   20.00       10.57    
   21.00       9.721    
   22.00       9.195    
   23.00       8.912    
   24.00       8.793    
   25.00       8.759    
   26.00       8.740    
   27.00       8.682    
   28.00       8.542    
   29.00       8.297    
   30.00       7.938    
   31.00       7.470    
   32.00       6.911    
   33.00       6.284    
   34.00       5.620    
   35.00       4.951    
   36.00       4.305    
   37.00       3.708    
   38.00       3.179    
   39.00       2.733    
   40.00       2.375    
   41.00       2.106    
   42.00       1.920    
   43.00       1.809    
   44.00       1.761    
   45.00       1.760    
   46.00       1.794    
   47.00       1.847    
   48.00       1.906    
   49.00       1.961    
   50.00       2.003    
   51.00       2.025    
   52.00       2.023    
   53.00       1.997    
   54.00       1.945    
   55.00       1.872    
   56.00       1.779    
   57.00       1.672    
   58.00       1.553    
   59.00       1.427    
   60.00       1.299    
   61.00       1.173    
   62.00       1.050    
   63.00      0.9356    
   64.00      0.8299    
   65.00      0.7346    
   66.00      0.6505    
   67.00      0.5777    
   68.00      0.5157    
   69.00      0.4641    
   70.00      0.4219    
   71.00      0.3880    
   72.00      0.3615    
   73.00      0.3412    
   74.00      0.3261    
   75.00      0.3152    
   76.00      0.3076    
   77.00      0.3023    
   78.00      0.2987    
   79.00      0.2961    
   80.00      0.2940    
 END
