#  81 angles,  1 tensor ranks for 0=projectile
@subtitle   "39K(3He,d)40Ca 21 MeV DWBA ZR 8764 keV Jpi=3- l=1 n=3 j=3/2"                   
@legend ON
@legend x1 0.2
@legend y1 0.8
@g0 type LOGY
@yaxis ticklabel format power
@xaxis label "Scattering angle (degrees)"
@yaxis label "Cross section (mb/sr)"
@legend string   0 "Partition=  1 Excit=  1 near/far= 1"
#legend string   0 "Lab energy =   21.0000"
@s0 linestyle   1
#  Theta       sigma       iT11        T20         T21         T22         Kyy for projectile
  0.1000E-01   1.000    
   1.000      0.9997    
   2.000       1.001    
   3.000      0.9801    
   4.000      0.9937    
   5.000       1.036    
   6.000       1.069    
   7.000       1.070    
   8.000       1.043    
   9.000       1.001    
   10.00      0.9589    
   11.00      0.9259    
   12.00      0.9030    
   13.00      0.8865    
   14.00      0.8704    
   15.00      0.8486    
   16.00      0.8173    
   17.00      0.7752    
   18.00      0.7238    
   19.00      0.6664    
   20.00      0.6075    
   21.00      0.5518    
   22.00      0.5029    
   23.00      0.4636    
   24.00      0.4347    
   25.00      0.4158    
   26.00      0.4051    
   27.00      0.3999    
   28.00      0.3972    
   29.00      0.3941    
   30.00      0.3882    
   31.00      0.3777    
   32.00      0.3620    
   33.00      0.3412    
   34.00      0.3163    
   35.00      0.2889    
   36.00      0.2608    
   37.00      0.2340    
   38.00      0.2104    
   39.00      0.1911    
   40.00      0.1770    
   41.00      0.1682    
   42.00      0.1644    
   43.00      0.1646    
   44.00      0.1677    
   45.00      0.1721    
   46.00      0.1765    
   47.00      0.1796    
   48.00      0.1803    
   49.00      0.1779    
   50.00      0.1722    
   51.00      0.1633    
   52.00      0.1516    
   53.00      0.1378    
   54.00      0.1229    
   55.00      0.1077    
   56.00      0.9318E-01
   57.00      0.8011E-01
   58.00      0.6912E-01
   59.00      0.6059E-01
   60.00      0.5467E-01
   61.00      0.5129E-01
   62.00      0.5018E-01
   63.00      0.5093E-01
   64.00      0.5301E-01
   65.00      0.5587E-01
   66.00      0.5895E-01
   67.00      0.6177E-01
   68.00      0.6392E-01
   69.00      0.6510E-01
   70.00      0.6515E-01
   71.00      0.6402E-01
   72.00      0.6176E-01
   73.00      0.5853E-01
   74.00      0.5453E-01
   75.00      0.5000E-01
   76.00      0.4522E-01
   77.00      0.4042E-01
   78.00      0.3583E-01
   79.00      0.3163E-01
   80.00      0.2793E-01
 END
@legend string   1 "Partition=  2 Excit=  1 near/far= 1"
#legend string   0 "Lab energy =   21.0000"
@s1 linestyle   2
#  Theta       sigma       iT11        T20         T21         T22         Kyy for projectile
   0.000       51.23    
   1.000       51.14    
   2.000       50.86    
   3.000       50.36    
   4.000       49.59    
   5.000       48.52    
   6.000       47.10    
   7.000       45.29    
   8.000       43.08    
   9.000       40.48    
   10.00       37.55    
   11.00       34.34    
   12.00       30.96    
   13.00       27.52    
   14.00       24.15    
   15.00       20.96    
   16.00       18.07    
   17.00       15.55    
   18.00       13.45    
   19.00       11.80    
   20.00       10.57    
   21.00       9.721    
   22.00       9.195    
   23.00       8.912    
   24.00       8.793    
   25.00       8.759    
   26.00       8.740    
   27.00       8.682    
   28.00       8.542    
   29.00       8.297    
   30.00       7.938    
   31.00       7.470    
   32.00       6.911    
   33.00       6.284    
   34.00       5.620    
   35.00       4.951    
   36.00       4.305    
   37.00       3.708    
   38.00       3.179    
   39.00       2.733    
   40.00       2.375    
   41.00       2.106    
   42.00       1.920    
   43.00       1.809    
   44.00       1.761    
   45.00       1.760    
   46.00       1.794    
   47.00       1.847    
   48.00       1.906    
   49.00       1.961    
   50.00       2.003    
   51.00       2.025    
   52.00       2.023    
   53.00       1.997    
   54.00       1.945    
   55.00       1.872    
   56.00       1.779    
   57.00       1.672    
   58.00       1.553    
   59.00       1.427    
   60.00       1.299    
   61.00       1.173    
   62.00       1.050    
   63.00      0.9356    
   64.00      0.8299    
   65.00      0.7346    
   66.00      0.6505    
   67.00      0.5777    
   68.00      0.5157    
   69.00      0.4641    
   70.00      0.4219    
   71.00      0.3880    
   72.00      0.3615    
   73.00      0.3412    
   74.00      0.3261    
   75.00      0.3152    
   76.00      0.3076    
   77.00      0.3023    
   78.00      0.2987    
   79.00      0.2961    
   80.00      0.2940    
 END
