     0.0   1.503      1
     0.0   3.006     -1
     1.0   13.53      1
     1.0   27.06     -1
     2.0   30.07      1
     2.0   60.13     -1
     3.0   42.10      1
     3.0   84.16     -1
     4.0   54.05      1
     4.0   108.1     -1
     5.0   65.98      1
     5.0   131.7     -1
     6.0   76.45      1
     6.0   153.6     -1
     7.0   86.51      1
     7.0   170.2     -1
     8.0   85.40      1
     8.0   174.2     -1
     9.0   81.34      1
     9.0   160.6     -1
    10.0   65.35      1
    10.0   130.8     -1
    11.0   44.36      1
    11.0   92.26     -1
    12.0   30.88      1
    12.0   56.81     -1
    13.0   14.33      1
    13.0   32.01     -1
    14.0   9.682      1
    14.0   17.48     -1
    15.0   4.218      1
    15.0   9.454     -1
    16.0   2.817      1
    16.0   5.085     -1
    17.0   1.215      1
    17.0   2.723     -1
    18.0  0.8040      1
    18.0   1.451     -1
    19.0  0.3435      1
    19.0  0.7704     -1
    20.0  0.2258      1
    20.0  0.4074     -1
    21.0  0.9566E-01  1
    21.0  0.2147     -1
    22.0  0.6251E-01  1
    22.0  0.1127     -1
    23.0  0.2631E-01  1
    23.0  0.5905E-01 -1
    24.0  0.1710E-01  1
    24.0  0.3084E-01 -1
    25.0  0.7157E-02  1
    25.0  0.1607E-01 -1
    26.0  0.4632E-02  1
    26.0  0.8352E-02 -1
    27.0  0.1929E-02  1
    27.0  0.4332E-02 -1
    28.0  0.1244E-02  1
    28.0  0.2242E-02 -1
    29.0  0.5161E-03  1
    29.0  0.1159E-02 -1
    30.0  0.3314E-03  1
    30.0  0.5976E-03 -1
