#  81 angles,  1 tensor ranks for 0=projectile
@subtitle   "39K(3He,d)40Ca 21 MeV DWBA ZR 9405 keV Jpi=0+ l=2 n=1 j=3/2"                   
@legend ON
@legend x1 0.2
@legend y1 0.8
@g0 type LOGY
@yaxis ticklabel format power
@legend string   0 "Lab energy =   21.0000"
#legend string   0 "Partition=  2 Excit=  1 near/far= 1"
#  Theta       sigma       iT11        T20         T21         T22         Kyy for projectile
   0.000       1.122    
   1.000       1.124    
   2.000       1.128    
   3.000       1.134    
   4.000       1.142    
   5.000       1.150    
   6.000       1.157    
   7.000       1.162    
   8.000       1.162    
   9.000       1.157    
   10.00       1.146    
   11.00       1.127    
   12.00       1.100    
   13.00       1.064    
   14.00       1.019    
   15.00      0.9665    
   16.00      0.9069    
   17.00      0.8418    
   18.00      0.7730    
   19.00      0.7024    
   20.00      0.6320    
   21.00      0.5638    
   22.00      0.4995    
   23.00      0.4404    
   24.00      0.3876    
   25.00      0.3417    
   26.00      0.3030    
   27.00      0.2713    
   28.00      0.2462    
   29.00      0.2270    
   30.00      0.2128    
   31.00      0.2025    
   32.00      0.1952    
   33.00      0.1897    
   34.00      0.1852    
   35.00      0.1808    
   36.00      0.1761    
   37.00      0.1704    
   38.00      0.1637    
   39.00      0.1559    
   40.00      0.1470    
   41.00      0.1372    
   42.00      0.1268    
   43.00      0.1161    
   44.00      0.1054    
   45.00      0.9508E-01
   46.00      0.8533E-01
   47.00      0.7640E-01
   48.00      0.6845E-01
   49.00      0.6156E-01
   50.00      0.5576E-01
   51.00      0.5102E-01
   52.00      0.4725E-01
   53.00      0.4433E-01
   54.00      0.4210E-01
   55.00      0.4040E-01
   56.00      0.3907E-01
   57.00      0.3797E-01
   58.00      0.3696E-01
   59.00      0.3593E-01
   60.00      0.3480E-01
   61.00      0.3351E-01
   62.00      0.3203E-01
   63.00      0.3037E-01
   64.00      0.2852E-01
   65.00      0.2654E-01
   66.00      0.2446E-01
   67.00      0.2233E-01
   68.00      0.2022E-01
   69.00      0.1818E-01
   70.00      0.1624E-01
   71.00      0.1446E-01
   72.00      0.1286E-01
   73.00      0.1145E-01
   74.00      0.1026E-01
   75.00      0.9259E-02
   76.00      0.8456E-02
   77.00      0.7829E-02
   78.00      0.7355E-02
   79.00      0.7009E-02
   80.00      0.6763E-02
 END
