#  81 angles,  1 tensor ranks for 0=projectile
@subtitle   "39K(3He,d)40Ca 21 MeV DWBA ZR 5903 keV Jpi=1- l=1 n=3 j=1/2"                   
@legend ON
@legend x1 0.2
@legend y1 0.8
@g0 type LOGY
@yaxis ticklabel format power
@legend string   0 "Lab energy =   21.0000"
#legend string   0 "Partition=  2 Excit=  1 near/far= 1"
#  Theta       sigma       iT11        T20         T21         T22         Kyy for projectile
   0.000       23.38    
   1.000       23.65    
   2.000       24.41    
   3.000       25.56    
   4.000       26.92    
   5.000       28.27    
   6.000       29.39    
   7.000       30.08    
   8.000       30.18    
   9.000       29.58    
   10.00       28.25    
   11.00       26.25    
   12.00       23.69    
   13.00       20.73    
   14.00       17.58    
   15.00       14.42    
   16.00       11.47    
   17.00       8.864    
   18.00       6.720    
   19.00       5.093    
   20.00       3.989    
   21.00       3.370    
   22.00       3.160    
   23.00       3.262    
   24.00       3.571    
   25.00       3.981    
   26.00       4.398    
   27.00       4.747    
   28.00       4.973    
   29.00       5.046    
   30.00       4.956    
   31.00       4.716    
   32.00       4.350    
   33.00       3.892    
   34.00       3.382    
   35.00       2.859    
   36.00       2.356    
   37.00       1.902    
   38.00       1.515    
   39.00       1.206    
   40.00      0.9767    
   41.00      0.8238    
   42.00      0.7377    
   43.00      0.7058    
   44.00      0.7136    
   45.00      0.7468    
   46.00      0.7920    
   47.00      0.8375    
   48.00      0.8744    
   49.00      0.8965    
   50.00      0.9003    
   51.00      0.8852    
   52.00      0.8527    
   53.00      0.8059    
   54.00      0.7490    
   55.00      0.6868    
   56.00      0.6238    
   57.00      0.5639    
   58.00      0.5102    
   59.00      0.4648    
   60.00      0.4288    
   61.00      0.4022    
   62.00      0.3842    
   63.00      0.3737    
   64.00      0.3688    
   65.00      0.3676    
   66.00      0.3680    
   67.00      0.3682    
   68.00      0.3665    
   69.00      0.3617    
   70.00      0.3527    
   71.00      0.3393    
   72.00      0.3214    
   73.00      0.2995    
   74.00      0.2741    
   75.00      0.2464    
   76.00      0.2174    
   77.00      0.1882    
   78.00      0.1599    
   79.00      0.1336    
   80.00      0.1101    
 END
