     0.0   1.503      1
     0.0   3.006     -1
     1.0   13.52      1
     1.0   27.04     -1
     2.0   30.03      1
     2.0   60.07     -1
     3.0   42.01      1
     3.0   84.06     -1
     4.0   53.91      1
     4.0   107.9     -1
     5.0   65.75      1
     5.0   131.4     -1
     6.0   76.00      1
     6.0   153.0     -1
     7.0   85.68      1
     7.0   168.8     -1
     8.0   84.45      1
     8.0   171.9     -1
     9.0   79.99      1
     9.0   158.1     -1
    10.0   64.39      1
    10.0   128.8     -1
    11.0   43.69      1
    11.0   91.07     -1
    12.0   30.63      1
    12.0   56.23     -1
    13.0   14.18      1
    13.0   31.75     -1
    14.0   9.633      1
    14.0   17.37     -1
    15.0   4.189      1
    15.0   9.404     -1
    16.0   2.807      1
    16.0   5.064     -1
    17.0   1.209      1
    17.0   2.713     -1
    18.0  0.8022      1
    18.0   1.447     -1
    19.0  0.3424      1
    19.0  0.7685     -1
    20.0  0.2254      1
    20.0  0.4066     -1
    21.0  0.9546E-01  1
    21.0  0.2143     -1
    22.0  0.6244E-01  1
    22.0  0.1126     -1
    23.0  0.2627E-01  1
    23.0  0.5898E-01 -1
    24.0  0.1709E-01  1
    24.0  0.3081E-01 -1
    25.0  0.7146E-02  1
    25.0  0.1605E-01 -1
    26.0  0.4626E-02  1
    26.0  0.8338E-02 -1
    27.0  0.1924E-02  1
    27.0  0.4322E-02 -1
    28.0  0.1241E-02  1
    28.0  0.2236E-02 -1
