     0.0   1.503      1
     0.0   3.004     -1
     1.0   13.52      1
     1.0   27.03     -1
     2.0   30.04      1
     2.0   60.04     -1
     3.0   42.02      1
     3.0   84.00     -1
     4.0   53.94      1
     4.0   107.9     -1
     5.0   65.89      1
     5.0   131.4     -1
     6.0   76.25      1
     6.0   153.2     -1
     7.0   86.30      1
     7.0   169.6     -1
     8.0   84.93      1
     8.0   173.2     -1
     9.0   80.42      1
     9.0   159.0     -1
    10.0   64.65      1
    10.0   129.0     -1
    11.0   43.67      1
    11.0   90.95     -1
    12.0   30.52      1
    12.0   56.09     -1
    13.0   14.16      1
    13.0   31.67     -1
    14.0   9.605      1
    14.0   17.33     -1
    15.0   4.183      1
    15.0   9.384     -1
    16.0   2.801      1
    16.0   5.054     -1
    17.0   1.207      1
    17.0   2.708     -1
    18.0  0.8007      1
    18.0   1.445     -1
    19.0  0.3420      1
    19.0  0.7673     -1
    20.0  0.2251      1
    20.0  0.4060     -1
    21.0  0.9535E-01  1
    21.0  0.2140     -1
    22.0  0.6237E-01  1
    22.0  0.1125     -1
    23.0  0.2624E-01  1
    23.0  0.5892E-01 -1
    24.0  0.1707E-01  1
    24.0  0.3078E-01 -1
    25.0  0.7143E-02  1
    25.0  0.1604E-01 -1
    26.0  0.4626E-02  1
    26.0  0.8339E-02 -1
    27.0  0.1927E-02  1
    27.0  0.4326E-02 -1
    28.0  0.1242E-02  1
    28.0  0.2240E-02 -1
    29.0  0.5157E-03  1
    29.0  0.1158E-02 -1
    30.0  0.3311E-03  1
    30.0  0.5970E-03 -1
