#  81 angles,  1 tensor ranks for 0=projectile
@subtitle   "39K(3He,d)40Ca 21 MeV DWBA ZR 8188 keV Jpi=4+ l=4 n=2 j=9/2"                   
@legend ON
@legend x1 0.2
@legend y1 0.8
@g0 type LOGY
@yaxis ticklabel format power
@legend string   0 "Lab energy =   21.0000"
#legend string   0 "Partition=  2 Excit=  1 near/far= 1"
#  Theta       sigma       iT11        T20         T21         T22         Kyy for projectile
   0.000       5.316    
   1.000       5.317    
   2.000       5.321    
   3.000       5.328    
   4.000       5.339    
   5.000       5.356    
   6.000       5.379    
   7.000       5.410    
   8.000       5.449    
   9.000       5.497    
   10.00       5.556    
   11.00       5.624    
   12.00       5.704    
   13.00       5.793    
   14.00       5.893    
   15.00       6.000    
   16.00       6.111    
   17.00       6.224    
   18.00       6.331    
   19.00       6.428    
   20.00       6.508    
   21.00       6.565    
   22.00       6.592    
   23.00       6.583    
   24.00       6.534    
   25.00       6.441    
   26.00       6.302    
   27.00       6.117    
   28.00       5.888    
   29.00       5.616    
   30.00       5.307    
   31.00       4.967    
   32.00       4.603    
   33.00       4.223    
   34.00       3.837    
   35.00       3.451    
   36.00       3.075    
   37.00       2.715    
   38.00       2.377    
   39.00       2.068    
   40.00       1.791    
   41.00       1.548    
   42.00       1.340    
   43.00       1.166    
   44.00       1.027    
   45.00      0.9183    
   46.00      0.8373    
   47.00      0.7802    
   48.00      0.7425    
   49.00      0.7198    
   50.00      0.7079    
   51.00      0.7029    
   52.00      0.7011    
   53.00      0.6997    
   54.00      0.6964    
   55.00      0.6894    
   56.00      0.6779    
   57.00      0.6613    
   58.00      0.6397    
   59.00      0.6133    
   60.00      0.5831    
   61.00      0.5497    
   62.00      0.5143    
   63.00      0.4778    
   64.00      0.4415    
   65.00      0.4061    
   66.00      0.3724    
   67.00      0.3412    
   68.00      0.3130    
   69.00      0.2879    
   70.00      0.2660    
   71.00      0.2474    
   72.00      0.2318    
   73.00      0.2189    
   74.00      0.2082    
   75.00      0.1993    
   76.00      0.1919    
   77.00      0.1854    
   78.00      0.1795    
   79.00      0.1739    
   80.00      0.1684    
 END
