#  81 angles,  1 tensor ranks for 0=projectile
@subtitle   "39K(3He,d)40Ca 21 MeV DWBA ZR 7658 keV Jpi=4- l=3 n=2 j=5/2"                   
@legend ON
@legend x1 0.2
@legend y1 0.8
@g0 type LOGY
@yaxis ticklabel format power
@legend string   0 "Lab energy =   21.0000"
#legend string   0 "Partition=  2 Excit=  1 near/far= 1"
#  Theta       sigma       iT11        T20         T21         T22         Kyy for projectile
   0.000       12.01    
   1.000       12.06    
   2.000       12.19    
   3.000       12.40    
   4.000       12.69    
   5.000       13.05    
   6.000       13.47    
   7.000       13.93    
   8.000       14.43    
   9.000       14.94    
   10.00       15.44    
   11.00       15.92    
   12.00       16.36    
   13.00       16.72    
   14.00       16.99    
   15.00       17.15    
   16.00       17.17    
   17.00       17.05    
   18.00       16.77    
   19.00       16.34    
   20.00       15.75    
   21.00       15.01    
   22.00       14.14    
   23.00       13.16    
   24.00       12.10    
   25.00       10.98    
   26.00       9.829    
   27.00       8.690    
   28.00       7.591    
   29.00       6.558    
   30.00       5.616    
   31.00       4.780    
   32.00       4.063    
   33.00       3.467    
   34.00       2.991    
   35.00       2.628    
   36.00       2.368    
   37.00       2.197    
   38.00       2.100    
   39.00       2.058    
   40.00       2.056    
   41.00       2.077    
   42.00       2.106    
   43.00       2.132    
   44.00       2.144    
   45.00       2.135    
   46.00       2.102    
   47.00       2.042    
   48.00       1.957    
   49.00       1.851    
   50.00       1.727    
   51.00       1.591    
   52.00       1.448    
   53.00       1.304    
   54.00       1.163    
   55.00       1.029    
   56.00      0.9062    
   57.00      0.7959    
   58.00      0.7000    
   59.00      0.6189    
   60.00      0.5524    
   61.00      0.4995    
   62.00      0.4588    
   63.00      0.4283    
   64.00      0.4058    
   65.00      0.3895    
   66.00      0.3771    
   67.00      0.3670    
   68.00      0.3577    
   69.00      0.3482    
   70.00      0.3378    
   71.00      0.3259    
   72.00      0.3127    
   73.00      0.2981    
   74.00      0.2826    
   75.00      0.2666    
   76.00      0.2506    
   77.00      0.2352    
   78.00      0.2208    
   79.00      0.2079    
   80.00      0.1968    
 END
