     0.0   1.498      1
     0.0   3.000     -1
     1.0   13.49      1
     1.0   27.00     -1
     2.0   29.96      1
     2.0   59.97     -1
     3.0   41.95      1
     3.0   83.92     -1
     4.0   53.82      1
     4.0   107.8     -1
     5.0   65.78      1
     5.0   131.4     -1
     6.0   76.16      1
     6.0   153.3     -1
     7.0   86.25      1
     7.0   169.8     -1
     8.0   84.89      1
     8.0   173.6     -1
     9.0   80.63      1
     9.0   159.4     -1
    10.0   64.16      1
    10.0   128.6     -1
    11.0   42.85      1
    11.0   89.36     -1
    12.0   28.85      1
    12.0   53.69     -1
    13.0   13.77      1
    13.0   29.95     -1
    14.0   8.909      1
    14.0   16.45     -1
    15.0   4.097      1
    15.0   8.977     -1
    16.0   2.655      1
    16.0   4.868     -1
    17.0   1.189      1
    17.0   2.624     -1
    18.0  0.7705      1
    18.0   1.406     -1
    19.0  0.3382      1
    19.0  0.7498     -1
    20.0  0.2188      1
    20.0  0.3980     -1
    21.0  0.9455E-01  1
    21.0  0.2104     -1
    22.0  0.6106E-01  1
    22.0  0.1108     -1
    23.0  0.2608E-01  1
    23.0  0.5817E-01 -1
    24.0  0.1681E-01  1
    24.0  0.3044E-01 -1
    25.0  0.7109E-02  1
    25.0  0.1589E-01 -1
    26.0  0.4570E-02  1
    26.0  0.8268E-02 -1
    27.0  0.1921E-02  1
    27.0  0.4295E-02 -1
    28.0  0.1232E-02  1
    28.0  0.2227E-02 -1
    29.0  0.5132E-03  1
    29.0  0.1150E-02 -1
    30.0  0.3275E-03  1
    30.0  0.5912E-03 -1
