#  81 angles,  1 tensor ranks for 0=projectile
@subtitle   "39K(3He,d)40Ca 21 MeV DWBA ZR 7658 keV Jpi=4- l=5 n=1 j=9/2"                   
@legend ON
@legend x1 0.2
@legend y1 0.8
@g0 type LOGY
@yaxis ticklabel format power
@legend string   0 "Lab energy =   21.0000"
#legend string   0 "Partition=  2 Excit=  1 near/far= 1"
#  Theta       sigma       iT11        T20         T21         T22         Kyy for projectile
   0.000      0.4463    
   1.000      0.4452    
   2.000      0.4420    
   3.000      0.4368    
   4.000      0.4298    
   5.000      0.4215    
   6.000      0.4122    
   7.000      0.4025    
   8.000      0.3929    
   9.000      0.3840    
   10.00      0.3764    
   11.00      0.3707    
   12.00      0.3674    
   13.00      0.3671    
   14.00      0.3702    
   15.00      0.3770    
   16.00      0.3877    
   17.00      0.4023    
   18.00      0.4208    
   19.00      0.4428    
   20.00      0.4679    
   21.00      0.4955    
   22.00      0.5249    
   23.00      0.5554    
   24.00      0.5861    
   25.00      0.6160    
   26.00      0.6444    
   27.00      0.6702    
   28.00      0.6927    
   29.00      0.7110    
   30.00      0.7244    
   31.00      0.7323    
   32.00      0.7343    
   33.00      0.7301    
   34.00      0.7198    
   35.00      0.7033    
   36.00      0.6810    
   37.00      0.6535    
   38.00      0.6215    
   39.00      0.5858    
   40.00      0.5472    
   41.00      0.5068    
   42.00      0.4655    
   43.00      0.4243    
   44.00      0.3841    
   45.00      0.3455    
   46.00      0.3093    
   47.00      0.2760    
   48.00      0.2460    
   49.00      0.2195    
   50.00      0.1968    
   51.00      0.1778    
   52.00      0.1623    
   53.00      0.1502    
   54.00      0.1411    
   55.00      0.1347    
   56.00      0.1304    
   57.00      0.1279    
   58.00      0.1267    
   59.00      0.1264    
   60.00      0.1266    
   61.00      0.1269    
   62.00      0.1271    
   63.00      0.1269    
   64.00      0.1262    
   65.00      0.1249    
   66.00      0.1228    
   67.00      0.1201    
   68.00      0.1168    
   69.00      0.1129    
   70.00      0.1086    
   71.00      0.1039    
   72.00      0.9900E-01
   73.00      0.9395E-01
   74.00      0.8889E-01
   75.00      0.8392E-01
   76.00      0.7912E-01
   77.00      0.7455E-01
   78.00      0.7028E-01
   79.00      0.6633E-01
   80.00      0.6273E-01
 END
