#  81 angles,  1 tensor ranks for 0=projectile
@subtitle   "39K(3He,d)40Ca 21 MeV DWBA ZR 7623 keV Jpi=3- l=1 n=3 j=3/2"                   
@legend ON
@legend x1 0.2
@legend y1 0.8
@g0 type LOGY
@yaxis ticklabel format power
@legend string   0 "Lab energy =   21.0000"
#legend string   0 "Partition=  2 Excit=  1 near/far= 1"
#  Theta       sigma       iT11        T20         T21         T22         Kyy for projectile
   0.000       62.44    
   1.000       62.58    
   2.000       62.95    
   3.000       63.44    
   4.000       63.89    
   5.000       64.08    
   6.000       63.81    
   7.000       62.88    
   8.000       61.15    
   9.000       58.55    
   10.00       55.09    
   11.00       50.87    
   12.00       46.05    
   13.00       40.86    
   14.00       35.55    
   15.00       30.38    
   16.00       25.59    
   17.00       21.35    
   18.00       17.81    
   19.00       15.01    
   20.00       12.98    
   21.00       11.63    
   22.00       10.88    
   23.00       10.59    
   24.00       10.61    
   25.00       10.79    
   26.00       11.01    
   27.00       11.15    
   28.00       11.14    
   29.00       10.93    
   30.00       10.50    
   31.00       9.876    
   32.00       9.079    
   33.00       8.161    
   34.00       7.175    
   35.00       6.179    
   36.00       5.223    
   37.00       4.350    
   38.00       3.595    
   39.00       2.976    
   40.00       2.502    
   41.00       2.172    
   42.00       1.973    
   43.00       1.887    
   44.00       1.891    
   45.00       1.960    
   46.00       2.069    
   47.00       2.195    
   48.00       2.317    
   49.00       2.419    
   50.00       2.489    
   51.00       2.521    
   52.00       2.511    
   53.00       2.460    
   54.00       2.371    
   55.00       2.250    
   56.00       2.103    
   57.00       1.940    
   58.00       1.767    
   59.00       1.592    
   60.00       1.420    
   61.00       1.257    
   62.00       1.108    
   63.00      0.9730    
   64.00      0.8553    
   65.00      0.7547    
   66.00      0.6709    
   67.00      0.6027    
   68.00      0.5484    
   69.00      0.5060    
   70.00      0.4736    
   71.00      0.4490    
   72.00      0.4305    
   73.00      0.4164    
   74.00      0.4052    
   75.00      0.3960    
   76.00      0.3877    
   77.00      0.3799    
   78.00      0.3720    
   79.00      0.3639    
   80.00      0.3554    
 END
