#  81 angles,  1 tensor ranks for 0=projectile
@subtitle   "39K(3He,d)40Ca 21 MeV DWBA ZR 7623 keV Jpi=2- l=3 n=1 j=5/2"                   
@legend ON
@legend x1 0.2
@legend y1 0.8
@g0 type LOGY
@yaxis ticklabel format power
@legend string   0 "Lab energy =   21.0000"
#legend string   0 "Partition=  2 Excit=  1 near/far= 1"
#  Theta       sigma       iT11        T20         T21         T22         Kyy for projectile
   0.000       2.511    
   1.000       2.519    
   2.000       2.542    
   3.000       2.579    
   4.000       2.631    
   5.000       2.695    
   6.000       2.770    
   7.000       2.854    
   8.000       2.946    
   9.000       3.043    
   10.00       3.142    
   11.00       3.240    
   12.00       3.333    
   13.00       3.415    
   14.00       3.482    
   15.00       3.528    
   16.00       3.550    
   17.00       3.543    
   18.00       3.505    
   19.00       3.433    
   20.00       3.330    
   21.00       3.195    
   22.00       3.032    
   23.00       2.844    
   24.00       2.637    
   25.00       2.415    
   26.00       2.186    
   27.00       1.954    
   28.00       1.727    
   29.00       1.510    
   30.00       1.309    
   31.00       1.128    
   32.00      0.9696    
   33.00      0.8363    
   34.00      0.7282    
   35.00      0.6442    
   36.00      0.5824    
   37.00      0.5399    
   38.00      0.5132    
   39.00      0.4989    
   40.00      0.4932    
   41.00      0.4930    
   42.00      0.4953    
   43.00      0.4976    
   44.00      0.4978    
   45.00      0.4944    
   46.00      0.4865    
   47.00      0.4734    
   48.00      0.4551    
   49.00      0.4321    
   50.00      0.4050    
   51.00      0.3747    
   52.00      0.3425    
   53.00      0.3096    
   54.00      0.2770    
   55.00      0.2459    
   56.00      0.2169    
   57.00      0.1906    
   58.00      0.1674    
   59.00      0.1474    
   60.00      0.1306    
   61.00      0.1168    
   62.00      0.1056    
   63.00      0.9687E-01
   64.00      0.9008E-01
   65.00      0.8489E-01
   66.00      0.8095E-01
   67.00      0.7792E-01
   68.00      0.7551E-01
   69.00      0.7350E-01
   70.00      0.7168E-01
   71.00      0.6994E-01
   72.00      0.6820E-01
   73.00      0.6642E-01
   74.00      0.6461E-01
   75.00      0.6280E-01
   76.00      0.6102E-01
   77.00      0.5934E-01
   78.00      0.5779E-01
   79.00      0.5642E-01
   80.00      0.5525E-01
 END
