     0.0   1.502      1
     0.0   3.004     -1
     1.0   13.52      1
     1.0   27.02     -1
     2.0   30.01      1
     2.0   60.03     -1
     3.0   42.05      1
     3.0   84.02     -1
     4.0   53.95      1
     4.0   107.9     -1
     5.0   65.92      1
     5.0   131.5     -1
     6.0   76.21      1
     6.0   153.2     -1
     7.0   86.37      1
     7.0   169.5     -1
     8.0   84.57      1
     8.0   173.0     -1
     9.0   80.84      1
     9.0   159.2     -1
    10.0   64.74      1
    10.0   129.7     -1
    11.0   44.04      1
    11.0   91.63     -1
    12.0   30.73      1
    12.0   56.51     -1
    13.0   14.26      1
    13.0   31.88     -1
    14.0   9.652      1
    14.0   17.42     -1
    15.0   4.203      1
    15.0   9.426     -1
    16.0   2.810      1
    16.0   5.073     -1
    17.0   1.212      1
    17.0   2.717     -1
    18.0  0.8027      1
    18.0   1.449     -1
    19.0  0.3429      1
    19.0  0.7691     -1
    20.0  0.2255      1
    20.0  0.4068     -1
    21.0  0.9553E-01  1
    21.0  0.2144     -1
    22.0  0.6245E-01  1
    22.0  0.1126     -1
    23.0  0.2628E-01  1
    23.0  0.5899E-01 -1
    24.0  0.1709E-01  1
    24.0  0.3082E-01 -1
    25.0  0.7151E-02  1
    25.0  0.1606E-01 -1
    26.0  0.4629E-02  1
    26.0  0.8347E-02 -1
    27.0  0.1928E-02  1
    27.0  0.4330E-02 -1
    28.0  0.1243E-02  1
    28.0  0.2242E-02 -1
    29.0  0.5159E-03  1
    29.0  0.1158E-02 -1
    30.0  0.3311E-03  1
    30.0  0.5972E-03 -1
