#  81 angles,  1 tensor ranks for 0=projectile
@subtitle   "39K(3He,d)40Ca 21 MeV DWBA ZR 8188 keV Jpi=3+ l=4 n=2 j=9/2"                   
@legend ON
@legend x1 0.2
@legend y1 0.8
@g0 type LOGY
@yaxis ticklabel format power
@legend string   0 "Lab energy =   21.0000"
#legend string   0 "Partition=  2 Excit=  1 near/far= 1"
#  Theta       sigma       iT11        T20         T21         T22         Kyy for projectile
   0.000       4.132    
   1.000       4.133    
   2.000       4.136    
   3.000       4.142    
   4.000       4.152    
   5.000       4.165    
   6.000       4.184    
   7.000       4.208    
   8.000       4.238    
   9.000       4.276    
   10.00       4.322    
   11.00       4.375    
   12.00       4.437    
   13.00       4.507    
   14.00       4.584    
   15.00       4.667    
   16.00       4.753    
   17.00       4.840    
   18.00       4.924    
   19.00       4.999    
   20.00       5.061    
   21.00       5.105    
   22.00       5.126    
   23.00       5.120    
   24.00       5.082    
   25.00       5.010    
   26.00       4.902    
   27.00       4.758    
   28.00       4.579    
   29.00       4.368    
   30.00       4.128    
   31.00       3.863    
   32.00       3.580    
   33.00       3.285    
   34.00       2.984    
   35.00       2.684    
   36.00       2.391    
   37.00       2.111    
   38.00       1.849    
   39.00       1.608    
   40.00       1.393    
   41.00       1.204    
   42.00       1.042    
   43.00      0.9073    
   44.00      0.7989    
   45.00      0.7144    
   46.00      0.6515    
   47.00      0.6070    
   48.00      0.5775    
   49.00      0.5598    
   50.00      0.5505    
   51.00      0.5465    
   52.00      0.5451    
   53.00      0.5441    
   54.00      0.5415    
   55.00      0.5362    
   56.00      0.5273    
   57.00      0.5145    
   58.00      0.4977    
   59.00      0.4772    
   60.00      0.4536    
   61.00      0.4276    
   62.00      0.4000    
   63.00      0.3716    
   64.00      0.3433    
   65.00      0.3157    
   66.00      0.2896    
   67.00      0.2654    
   68.00      0.2434    
   69.00      0.2239    
   70.00      0.2070    
   71.00      0.1925    
   72.00      0.1803    
   73.00      0.1702    
   74.00      0.1619    
   75.00      0.1550    
   76.00      0.1492    
   77.00      0.1442    
   78.00      0.1396    
   79.00      0.1353    
   80.00      0.1310    
 END
