     0.0   1.503      1
     0.0   3.006     -1
     1.0   13.53      1
     1.0   27.06     -1
     2.0   30.06      1
     2.0   60.12     -1
     3.0   42.08      1
     3.0   84.14     -1
     4.0   54.01      1
     4.0   108.0     -1
     5.0   65.91      1
     5.0   131.6     -1
     6.0   76.38      1
     6.0   153.5     -1
     7.0   86.43      1
     7.0   170.1     -1
     8.0   85.31      1
     8.0   174.2     -1
     9.0   81.27      1
     9.0   160.5     -1
    10.0   65.18      1
    10.0   130.6     -1
    11.0   44.21      1
    11.0   91.99     -1
    12.0   30.78      1
    12.0   56.60     -1
    13.0   14.24      1
    13.0   31.87     -1
    14.0   9.658      1
    14.0   17.41     -1
    15.0   4.196      1
    15.0   9.422     -1
    16.0   2.812      1
    16.0   5.071     -1
    17.0   1.210      1
    17.0   2.716     -1
    18.0  0.8031      1
    18.0   1.448     -1
    19.0  0.3426      1
    19.0  0.7691     -1
    20.0  0.2256      1
    20.0  0.4068     -1
    21.0  0.9548E-01  1
    21.0  0.2144     -1
    22.0  0.6247E-01  1
    22.0  0.1126     -1
    23.0  0.2627E-01  1
    23.0  0.5899E-01 -1
    24.0  0.1709E-01  1
    24.0  0.3081E-01 -1
    25.0  0.7149E-02  1
    25.0  0.1606E-01 -1
    26.0  0.4630E-02  1
    26.0  0.8346E-02 -1
    27.0  0.1928E-02  1
    27.0  0.4329E-02 -1
    28.0  0.1243E-02  1
    28.0  0.2241E-02 -1
    29.0  0.5155E-03  1
    29.0  0.1158E-02 -1
    30.0  0.3311E-03  1
    30.0  0.5969E-03 -1
