#  81 angles,  1 tensor ranks for 0=projectile
@subtitle   "39K(3He,d)40Ca 21 MeV DWBA ZR 8551 keV Jpi=5- l=5 n=1 j=9/2"                   
@legend ON
@legend x1 0.2
@legend y1 0.8
@g0 type LOGY
@yaxis ticklabel format power
@legend string   0 "Lab energy =   21.0000"
#legend string   0 "Partition=  2 Excit=  1 near/far= 1"
#  Theta       sigma       iT11        T20         T21         T22         Kyy for projectile
   0.000      0.7262    
   1.000      0.7246    
   2.000      0.7200    
   3.000      0.7125    
   4.000      0.7026    
   5.000      0.6908    
   6.000      0.6777    
   7.000      0.6640    
   8.000      0.6504    
   9.000      0.6377    
   10.00      0.6266    
   11.00      0.6179    
   12.00      0.6122    
   13.00      0.6101    
   14.00      0.6121    
   15.00      0.6184    
   16.00      0.6292    
   17.00      0.6446    
   18.00      0.6643    
   19.00      0.6879    
   20.00      0.7147    
   21.00      0.7441    
   22.00      0.7750    
   23.00      0.8067    
   24.00      0.8380    
   25.00      0.8679    
   26.00      0.8954    
   27.00      0.9195    
   28.00      0.9393    
   29.00      0.9539    
   30.00      0.9626    
   31.00      0.9646    
   32.00      0.9597    
   33.00      0.9477    
   34.00      0.9286    
   35.00      0.9027    
   36.00      0.8707    
   37.00      0.8332    
   38.00      0.7911    
   39.00      0.7454    
   40.00      0.6970    
   41.00      0.6469    
   42.00      0.5962    
   43.00      0.5457    
   44.00      0.4964    
   45.00      0.4490    
   46.00      0.4043    
   47.00      0.3629    
   48.00      0.3253    
   49.00      0.2918    
   50.00      0.2628    
   51.00      0.2381    
   52.00      0.2178    
   53.00      0.2014    
   54.00      0.1887    
   55.00      0.1791    
   56.00      0.1722    
   57.00      0.1674    
   58.00      0.1643    
   59.00      0.1623    
   60.00      0.1611    
   61.00      0.1603    
   62.00      0.1595    
   63.00      0.1585    
   64.00      0.1571    
   65.00      0.1551    
   66.00      0.1524    
   67.00      0.1490    
   68.00      0.1449    
   69.00      0.1401    
   70.00      0.1346    
   71.00      0.1288    
   72.00      0.1225    
   73.00      0.1161    
   74.00      0.1097    
   75.00      0.1034    
   76.00      0.9721E-01
   77.00      0.9136E-01
   78.00      0.8588E-01
   79.00      0.8081E-01
   80.00      0.7617E-01
 END
