#  81 angles,  1 tensor ranks for 0=projectile
@subtitle   "39K(3He,d)40Ca 21 MeV DWBA ZR 8551 keV Jpi=5- l=5 n=1 j=9/2"                   
@legend ON
@legend x1 0.2
@legend y1 0.8
@g0 type LOGY
@yaxis ticklabel format power
@xaxis label "Scattering angle (degrees)"
@yaxis label "Cross section (mb/sr)"
@legend string   0 "Partition=  1 Excit=  1 near/far= 1"
#legend string   0 "Lab energy =   21.0000"
@s0 linestyle   1
#  Theta       sigma       iT11        T20         T21         T22         Kyy for projectile
  0.1000E-01   1.000    
   1.000      0.9997    
   2.000       1.001    
   3.000      0.9801    
   4.000      0.9937    
   5.000       1.036    
   6.000       1.069    
   7.000       1.070    
   8.000       1.043    
   9.000       1.001    
   10.00      0.9589    
   11.00      0.9259    
   12.00      0.9030    
   13.00      0.8865    
   14.00      0.8704    
   15.00      0.8486    
   16.00      0.8173    
   17.00      0.7752    
   18.00      0.7238    
   19.00      0.6664    
   20.00      0.6075    
   21.00      0.5518    
   22.00      0.5029    
   23.00      0.4636    
   24.00      0.4347    
   25.00      0.4158    
   26.00      0.4051    
   27.00      0.3999    
   28.00      0.3972    
   29.00      0.3941    
   30.00      0.3882    
   31.00      0.3777    
   32.00      0.3620    
   33.00      0.3412    
   34.00      0.3163    
   35.00      0.2889    
   36.00      0.2608    
   37.00      0.2340    
   38.00      0.2104    
   39.00      0.1911    
   40.00      0.1770    
   41.00      0.1682    
   42.00      0.1644    
   43.00      0.1646    
   44.00      0.1677    
   45.00      0.1721    
   46.00      0.1765    
   47.00      0.1796    
   48.00      0.1803    
   49.00      0.1779    
   50.00      0.1722    
   51.00      0.1633    
   52.00      0.1516    
   53.00      0.1378    
   54.00      0.1229    
   55.00      0.1077    
   56.00      0.9318E-01
   57.00      0.8011E-01
   58.00      0.6912E-01
   59.00      0.6059E-01
   60.00      0.5467E-01
   61.00      0.5129E-01
   62.00      0.5018E-01
   63.00      0.5093E-01
   64.00      0.5301E-01
   65.00      0.5587E-01
   66.00      0.5895E-01
   67.00      0.6177E-01
   68.00      0.6392E-01
   69.00      0.6510E-01
   70.00      0.6515E-01
   71.00      0.6402E-01
   72.00      0.6176E-01
   73.00      0.5853E-01
   74.00      0.5453E-01
   75.00      0.5000E-01
   76.00      0.4522E-01
   77.00      0.4042E-01
   78.00      0.3583E-01
   79.00      0.3163E-01
   80.00      0.2793E-01
 END
@legend string   1 "Partition=  2 Excit=  1 near/far= 1"
#legend string   0 "Lab energy =   21.0000"
@s1 linestyle   2
#  Theta       sigma       iT11        T20         T21         T22         Kyy for projectile
   0.000      0.7262    
   1.000      0.7246    
   2.000      0.7200    
   3.000      0.7125    
   4.000      0.7026    
   5.000      0.6908    
   6.000      0.6777    
   7.000      0.6640    
   8.000      0.6504    
   9.000      0.6377    
   10.00      0.6266    
   11.00      0.6179    
   12.00      0.6122    
   13.00      0.6101    
   14.00      0.6121    
   15.00      0.6184    
   16.00      0.6292    
   17.00      0.6446    
   18.00      0.6643    
   19.00      0.6879    
   20.00      0.7147    
   21.00      0.7441    
   22.00      0.7750    
   23.00      0.8067    
   24.00      0.8380    
   25.00      0.8679    
   26.00      0.8954    
   27.00      0.9195    
   28.00      0.9393    
   29.00      0.9539    
   30.00      0.9626    
   31.00      0.9646    
   32.00      0.9597    
   33.00      0.9477    
   34.00      0.9286    
   35.00      0.9027    
   36.00      0.8707    
   37.00      0.8332    
   38.00      0.7911    
   39.00      0.7454    
   40.00      0.6970    
   41.00      0.6469    
   42.00      0.5962    
   43.00      0.5457    
   44.00      0.4964    
   45.00      0.4490    
   46.00      0.4043    
   47.00      0.3629    
   48.00      0.3253    
   49.00      0.2918    
   50.00      0.2628    
   51.00      0.2381    
   52.00      0.2178    
   53.00      0.2014    
   54.00      0.1887    
   55.00      0.1791    
   56.00      0.1722    
   57.00      0.1674    
   58.00      0.1643    
   59.00      0.1623    
   60.00      0.1611    
   61.00      0.1603    
   62.00      0.1595    
   63.00      0.1585    
   64.00      0.1571    
   65.00      0.1551    
   66.00      0.1524    
   67.00      0.1490    
   68.00      0.1449    
   69.00      0.1401    
   70.00      0.1346    
   71.00      0.1288    
   72.00      0.1225    
   73.00      0.1161    
   74.00      0.1097    
   75.00      0.1034    
   76.00      0.9721E-01
   77.00      0.9136E-01
   78.00      0.8588E-01
   79.00      0.8081E-01
   80.00      0.7617E-01
 END
