     0.0   1.499      1
     0.0   2.999     -1
     1.0   13.51      1
     1.0   27.02     -1
     2.0   30.02      1
     2.0   60.04     -1
     3.0   42.06      1
     3.0   84.07     -1
     4.0   53.97      1
     4.0   107.9     -1
     5.0   65.92      1
     5.0   131.4     -1
     6.0   76.17      1
     6.0   153.0     -1
     7.0   85.95      1
     7.0   168.9     -1
     8.0   84.64      1
     8.0   172.2     -1
     9.0   80.26      1
     9.0   158.4     -1
    10.0   64.49      1
    10.0   129.3     -1
    11.0   44.09      1
    11.0   91.55     -1
    12.0   30.69      1
    12.0   56.49     -1
    13.0   14.28      1
    13.0   31.88     -1
    14.0   9.647      1
    14.0   17.42     -1
    15.0   4.209      1
    15.0   9.430     -1
    16.0   2.810      1
    16.0   5.075     -1
    17.0   1.213      1
    17.0   2.718     -1
    18.0  0.8029      1
    18.0   1.449     -1
    19.0  0.3432      1
    19.0  0.7696     -1
    20.0  0.2256      1
    20.0  0.4070     -1
    21.0  0.9561E-01  1
    21.0  0.2145     -1
    22.0  0.6247E-01  1
    22.0  0.1127     -1
    23.0  0.2630E-01  1
    23.0  0.5902E-01 -1
    24.0  0.1710E-01  1
    24.0  0.3083E-01 -1
    25.0  0.7155E-02  1
    25.0  0.1606E-01 -1
    26.0  0.4631E-02  1
    26.0  0.8350E-02 -1
    27.0  0.1929E-02  1
    27.0  0.4331E-02 -1
    28.0  0.1243E-02  1
    28.0  0.2242E-02 -1
    29.0  0.5161E-03  1
    29.0  0.1159E-02 -1
    30.0  0.3314E-03  1
    30.0  0.5976E-03 -1
