#  81 angles,  1 tensor ranks for 0=projectile
@subtitle   "39K(3He,d)40Ca 21 MeV DWBA ZR 8484 keV Jpi=1- l=3 n=2 j=5/2"                   
@legend ON
@legend x1 0.2
@legend y1 0.8
@g0 type LOGY
@yaxis ticklabel format power
@legend string   0 "Lab energy =   21.0000"
#legend string   0 "Partition=  2 Excit=  1 near/far= 1"
#  Theta       sigma       iT11        T20         T21         T22         Kyy for projectile
   0.000       5.046    
   1.000       5.061    
   2.000       5.105    
   3.000       5.176    
   4.000       5.272    
   5.000       5.388    
   6.000       5.519    
   7.000       5.660    
   8.000       5.804    
   9.000       5.944    
   10.00       6.074    
   11.00       6.185    
   12.00       6.272    
   13.00       6.328    
   14.00       6.347    
   15.00       6.324    
   16.00       6.255    
   17.00       6.137    
   18.00       5.970    
   19.00       5.754    
   20.00       5.492    
   21.00       5.191    
   22.00       4.856    
   23.00       4.496    
   24.00       4.118    
   25.00       3.733    
   26.00       3.349    
   27.00       2.974    
   28.00       2.616    
   29.00       2.283    
   30.00       1.980    
   31.00       1.710    
   32.00       1.478    
   33.00       1.284    
   34.00       1.128    
   35.00       1.006    
   36.00      0.9163    
   37.00      0.8536    
   38.00      0.8130    
   39.00      0.7896    
   40.00      0.7783    
   41.00      0.7744    
   42.00      0.7739    
   43.00      0.7732    
   44.00      0.7694    
   45.00      0.7603    
   46.00      0.7448    
   47.00      0.7220    
   48.00      0.6920    
   49.00      0.6556    
   50.00      0.6137    
   51.00      0.5680    
   52.00      0.5198    
   53.00      0.4709    
   54.00      0.4227    
   55.00      0.3765    
   56.00      0.3333    
   57.00      0.2938    
   58.00      0.2587    
   59.00      0.2282    
   60.00      0.2023    
   61.00      0.1809    
   62.00      0.1635    
   63.00      0.1498    
   64.00      0.1392    
   65.00      0.1310    
   66.00      0.1246    
   67.00      0.1195    
   68.00      0.1152    
   69.00      0.1113    
   70.00      0.1075    
   71.00      0.1037    
   72.00      0.9965E-01
   73.00      0.9539E-01
   74.00      0.9093E-01
   75.00      0.8632E-01
   76.00      0.8168E-01
   77.00      0.7710E-01
   78.00      0.7274E-01
   79.00      0.6872E-01
   80.00      0.6516E-01
 END
