#  81 angles,  1 tensor ranks for 0=projectile
@subtitle   "39K(3He,d)40Ca 21 MeV DWBA ZR 8748 keV Jpi=2+ l=2 n=3 j=3/2"                   
@legend ON
@legend x1 0.2
@legend y1 0.8
@g0 type LOGY
@yaxis ticklabel format power
@xaxis label "Scattering angle (degrees)"
@yaxis label "Cross section (mb/sr)"
@legend string   0 "Partition=  1 Excit=  1 near/far= 1"
#legend string   0 "Lab energy =   21.0000"
@s0 linestyle   1
#  Theta       sigma       iT11        T20         T21         T22         Kyy for projectile
  0.1000E-01   1.000    
   1.000      0.9997    
   2.000       1.001    
   3.000      0.9801    
   4.000      0.9937    
   5.000       1.036    
   6.000       1.069    
   7.000       1.070    
   8.000       1.043    
   9.000       1.001    
   10.00      0.9589    
   11.00      0.9259    
   12.00      0.9030    
   13.00      0.8865    
   14.00      0.8704    
   15.00      0.8486    
   16.00      0.8173    
   17.00      0.7752    
   18.00      0.7238    
   19.00      0.6664    
   20.00      0.6075    
   21.00      0.5518    
   22.00      0.5029    
   23.00      0.4636    
   24.00      0.4347    
   25.00      0.4158    
   26.00      0.4051    
   27.00      0.3999    
   28.00      0.3972    
   29.00      0.3941    
   30.00      0.3882    
   31.00      0.3777    
   32.00      0.3620    
   33.00      0.3412    
   34.00      0.3163    
   35.00      0.2889    
   36.00      0.2608    
   37.00      0.2340    
   38.00      0.2104    
   39.00      0.1911    
   40.00      0.1770    
   41.00      0.1682    
   42.00      0.1644    
   43.00      0.1646    
   44.00      0.1677    
   45.00      0.1721    
   46.00      0.1765    
   47.00      0.1796    
   48.00      0.1803    
   49.00      0.1779    
   50.00      0.1722    
   51.00      0.1633    
   52.00      0.1516    
   53.00      0.1378    
   54.00      0.1229    
   55.00      0.1077    
   56.00      0.9318E-01
   57.00      0.8011E-01
   58.00      0.6912E-01
   59.00      0.6059E-01
   60.00      0.5467E-01
   61.00      0.5129E-01
   62.00      0.5018E-01
   63.00      0.5093E-01
   64.00      0.5301E-01
   65.00      0.5587E-01
   66.00      0.5895E-01
   67.00      0.6177E-01
   68.00      0.6392E-01
   69.00      0.6510E-01
   70.00      0.6515E-01
   71.00      0.6402E-01
   72.00      0.6176E-01
   73.00      0.5853E-01
   74.00      0.5453E-01
   75.00      0.5000E-01
   76.00      0.4522E-01
   77.00      0.4042E-01
   78.00      0.3583E-01
   79.00      0.3163E-01
   80.00      0.2793E-01
 END
@legend string   1 "Partition=  2 Excit=  1 near/far= 1"
#legend string   0 "Lab energy =   21.0000"
@s1 linestyle   2
#  Theta       sigma       iT11        T20         T21         T22         Kyy for projectile
   0.000       28.44    
   1.000       28.47    
   2.000       28.54    
   3.000       28.65    
   4.000       28.78    
   5.000       28.90    
   6.000       29.00    
   7.000       29.04    
   8.000       28.98    
   9.000       28.80    
   10.00       28.46    
   11.00       27.94    
   12.00       27.23    
   13.00       26.32    
   14.00       25.22    
   15.00       23.92    
   16.00       22.48    
   17.00       20.90    
   18.00       19.24    
   19.00       17.54    
   20.00       15.85    
   21.00       14.22    
   22.00       12.67    
   23.00       11.26    
   24.00       10.00    
   25.00       8.908    
   26.00       7.982    
   27.00       7.219    
   28.00       6.603    
   29.00       6.115    
   30.00       5.730    
   31.00       5.424    
   32.00       5.171    
   33.00       4.949    
   34.00       4.737    
   35.00       4.521    
   36.00       4.289    
   37.00       4.034    
   38.00       3.757    
   39.00       3.459    
   40.00       3.145    
   41.00       2.825    
   42.00       2.506    
   43.00       2.198    
   44.00       1.910    
   45.00       1.649    
   46.00       1.421    
   47.00       1.229    
   48.00       1.075    
   49.00      0.9585    
   50.00      0.8770    
   51.00      0.8269    
   52.00      0.8032    
   53.00      0.8002    
   54.00      0.8121    
   55.00      0.8329    
   56.00      0.8571    
   57.00      0.8800    
   58.00      0.8976    
   59.00      0.9071    
   60.00      0.9064    
   61.00      0.8947    
   62.00      0.8719    
   63.00      0.8387    
   64.00      0.7964    
   65.00      0.7468    
   66.00      0.6920    
   67.00      0.6341    
   68.00      0.5752    
   69.00      0.5172    
   70.00      0.4619    
   71.00      0.4105    
   72.00      0.3641    
   73.00      0.3234    
   74.00      0.2885    
   75.00      0.2594    
   76.00      0.2360    
   77.00      0.2176    
   78.00      0.2036    
   79.00      0.1932    
   80.00      0.1855    
 END
