     0.0   1.503      1
     0.0   3.006     -1
     1.0   13.53      1
     1.0   27.05     -1
     2.0   30.05      1
     2.0   60.08     -1
     3.0   42.05      1
     3.0   84.07     -1
     4.0   53.98      1
     4.0   107.9     -1
     5.0   65.88      1
     5.0   131.4     -1
     6.0   76.33      1
     6.0   153.2     -1
     7.0   86.24      1
     7.0   169.5     -1
     8.0   84.84      1
     8.0   172.8     -1
     9.0   80.48      1
     9.0   158.5     -1
    10.0   64.19      1
    10.0   128.3     -1
    11.0   43.33      1
    11.0   90.58     -1
    12.0   30.58      1
    12.0   55.95     -1
    13.0   14.08      1
    13.0   31.63     -1
    14.0   9.622      1
    14.0   17.31     -1
    15.0   4.170      1
    15.0   9.380     -1
    16.0   2.805      1
    16.0   5.053     -1
    17.0   1.205      1
    17.0   2.709     -1
    18.0  0.8018      1
    18.0   1.445     -1
    19.0  0.3417      1
    19.0  0.7677     -1
    20.0  0.2254      1
    20.0  0.4062     -1
    21.0  0.9533E-01  1
    21.0  0.2141     -1
    22.0  0.6243E-01  1
    22.0  0.1125     -1
    23.0  0.2624E-01  1
    23.0  0.5895E-01 -1
    24.0  0.1709E-01  1
    24.0  0.3080E-01 -1
    25.0  0.7145E-02  1
    25.0  0.1605E-01 -1
    26.0  0.4629E-02  1
    26.0  0.8344E-02 -1
    27.0  0.1927E-02  1
    27.0  0.4328E-02 -1
    28.0  0.1243E-02  1
    28.0  0.2241E-02 -1
    29.0  0.5156E-03  1
    29.0  0.1158E-02 -1
    30.0  0.3311E-03  1
    30.0  0.5970E-03 -1
