#  81 angles,  1 tensor ranks for 0=projectile
@subtitle   "39K(3He,d)40Ca 21 MeV DWBA ZR 8748 keV Jpi=2+ l=2 n=2 j=3/2"                   
@legend ON
@legend x1 0.2
@legend y1 0.8
@g0 type LOGY
@yaxis ticklabel format power
@legend string   0 "Lab energy =   21.0000"
#legend string   0 "Partition=  2 Excit=  1 near/far= 1"
#  Theta       sigma       iT11        T20         T21         T22         Kyy for projectile
   0.000       16.31    
   1.000       16.33    
   2.000       16.40    
   3.000       16.51    
   4.000       16.64    
   5.000       16.79    
   6.000       16.92    
   7.000       17.03    
   8.000       17.08    
   9.000       17.06    
   10.00       16.93    
   11.00       16.70    
   12.00       16.33    
   13.00       15.84    
   14.00       15.21    
   15.00       14.46    
   16.00       13.60    
   17.00       12.65    
   18.00       11.63    
   19.00       10.59    
   20.00       9.535    
   21.00       8.511    
   22.00       7.541    
   23.00       6.647    
   24.00       5.847    
   25.00       5.150    
   26.00       4.561    
   27.00       4.076    
   28.00       3.689    
   29.00       3.387    
   30.00       3.157    
   31.00       2.984    
   32.00       2.851    
   33.00       2.743    
   34.00       2.649    
   35.00       2.557    
   36.00       2.458    
   37.00       2.349    
   38.00       2.225    
   39.00       2.087    
   40.00       1.938    
   41.00       1.780    
   42.00       1.618    
   43.00       1.456    
   44.00       1.300    
   45.00       1.154    
   46.00       1.020    
   47.00      0.9018    
   48.00      0.7999    
   49.00      0.7150    
   50.00      0.6464    
   51.00      0.5927    
   52.00      0.5520    
   53.00      0.5217    
   54.00      0.4994    
   55.00      0.4825    
   56.00      0.4686    
   57.00      0.4558    
   58.00      0.4423    
   59.00      0.4270    
   60.00      0.4092    
   61.00      0.3888    
   62.00      0.3658    
   63.00      0.3408    
   64.00      0.3144    
   65.00      0.2877    
   66.00      0.2615    
   67.00      0.2367    
   68.00      0.2142    
   69.00      0.1947    
   70.00      0.1787    
   71.00      0.1663    
   72.00      0.1578    
   73.00      0.1528    
   74.00      0.1513    
   75.00      0.1525    
   76.00      0.1561    
   77.00      0.1613    
   78.00      0.1674    
   79.00      0.1738    
   80.00      0.1797    
 END
