#  81 angles,  1 tensor ranks for 0=projectile
@subtitle   "39K(3He,d)40Ca 21 MeV DWBA ZR 8665 keV Jpi=1- l=3 n=2 j=5/2"                   
@legend ON
@legend x1 0.2
@legend y1 0.8
@g0 type LOGY
@yaxis ticklabel format power
@legend string   0 "Lab energy =   21.0000"
#legend string   0 "Partition=  2 Excit=  1 near/far= 1"
#  Theta       sigma       iT11        T20         T21         T22         Kyy for projectile
   0.000       4.976    
   1.000       4.990    
   2.000       5.030    
   3.000       5.094    
   4.000       5.182    
   5.000       5.288    
   6.000       5.409    
   7.000       5.538    
   8.000       5.669    
   9.000       5.796    
   10.00       5.912    
   11.00       6.010    
   12.00       6.083    
   13.00       6.126    
   14.00       6.134    
   15.00       6.102    
   16.00       6.026    
   17.00       5.905    
   18.00       5.738    
   19.00       5.525    
   20.00       5.271    
   21.00       4.980    
   22.00       4.658    
   23.00       4.313    
   24.00       3.953    
   25.00       3.586    
   26.00       3.220    
   27.00       2.864    
   28.00       2.524    
   29.00       2.208    
   30.00       1.919    
   31.00       1.663    
   32.00       1.442    
   33.00       1.256    
   34.00       1.106    
   35.00      0.9885    
   36.00      0.9011    
   37.00      0.8396    
   38.00      0.7993    
   39.00      0.7754    
   40.00      0.7632    
   41.00      0.7583    
   42.00      0.7568    
   43.00      0.7553    
   44.00      0.7511    
   45.00      0.7422    
   46.00      0.7272    
   47.00      0.7056    
   48.00      0.6771    
   49.00      0.6425    
   50.00      0.6027    
   51.00      0.5589    
   52.00      0.5127    
   53.00      0.4656    
   54.00      0.4189    
   55.00      0.3739    
   56.00      0.3316    
   57.00      0.2929    
   58.00      0.2582    
   59.00      0.2278    
   60.00      0.2018    
   61.00      0.1801    
   62.00      0.1624    
   63.00      0.1482    
   64.00      0.1370    
   65.00      0.1284    
   66.00      0.1216    
   67.00      0.1162    
   68.00      0.1117    
   69.00      0.1077    
   70.00      0.1039    
   71.00      0.1002    
   72.00      0.9627E-01
   73.00      0.9221E-01
   74.00      0.8799E-01
   75.00      0.8364E-01
   76.00      0.7926E-01
   77.00      0.7495E-01
   78.00      0.7082E-01
   79.00      0.6698E-01
   80.00      0.6356E-01
 END
