#  81 angles,  1 tensor ranks for 0=projectile
@subtitle   "39K(3He,d)40Ca 21 MeV DWBA ZR 8995 keV Jpi=2+ l=2 n=3 j=3/2"                   
@legend ON
@legend x1 0.2
@legend y1 0.8
@g0 type LOGY
@yaxis ticklabel format power
@legend string   0 "Lab energy =   21.0000"
#legend string   0 "Partition=  2 Excit=  1 near/far= 1"
#  Theta       sigma       iT11        T20         T21         T22         Kyy for projectile
   0.000       26.35    
   1.000       26.37    
   2.000       26.41    
   3.000       26.48    
   4.000       26.56    
   5.000       26.64    
   6.000       26.69    
   7.000       26.69    
   8.000       26.61    
   9.000       26.41    
   10.00       26.07    
   11.00       25.57    
   12.00       24.89    
   13.00       24.03    
   14.00       23.00    
   15.00       21.81    
   16.00       20.49    
   17.00       19.07    
   18.00       17.58    
   19.00       16.07    
   20.00       14.56    
   21.00       13.10    
   22.00       11.72    
   23.00       10.45    
   24.00       9.314    
   25.00       8.325    
   26.00       7.484    
   27.00       6.787    
   28.00       6.222    
   29.00       5.768    
   30.00       5.407    
   31.00       5.114    
   32.00       4.868    
   33.00       4.650    
   34.00       4.443    
   35.00       4.233    
   36.00       4.011    
   37.00       3.772    
   38.00       3.513    
   39.00       3.237    
   40.00       2.947    
   41.00       2.652    
   42.00       2.358    
   43.00       2.073    
   44.00       1.807    
   45.00       1.565    
   46.00       1.353    
   47.00       1.173    
   48.00       1.028    
   49.00      0.9168    
   50.00      0.8380    
   51.00      0.7882    
   52.00      0.7633    
   53.00      0.7582    
   54.00      0.7676    
   55.00      0.7861    
   56.00      0.8086    
   57.00      0.8305    
   58.00      0.8482    
   59.00      0.8589    
   60.00      0.8606    
   61.00      0.8523    
   62.00      0.8338    
   63.00      0.8057    
   64.00      0.7689    
   65.00      0.7248    
   66.00      0.6752    
   67.00      0.6219    
   68.00      0.5669    
   69.00      0.5121    
   70.00      0.4591    
   71.00      0.4093    
   72.00      0.3639    
   73.00      0.3235    
   74.00      0.2885    
   75.00      0.2589    
   76.00      0.2345    
   77.00      0.2148    
   78.00      0.1994    
   79.00      0.1875    
   80.00      0.1786    
 END
