     0.0   1.503      1
     0.0   3.004     -1
     1.0   13.49      1
     1.0   27.00     -1
     2.0   29.99      1
     2.0   59.98     -1
     3.0   42.01      1
     3.0   84.00     -1
     4.0   53.95      1
     4.0   107.9     -1
     5.0   65.86      1
     5.0   131.3     -1
     6.0   76.23      1
     6.0   153.0     -1
     7.0   85.96      1
     7.0   168.9     -1
     8.0   84.40      1
     8.0   171.8     -1
     9.0   79.84      1
     9.0   157.0     -1
    10.0   63.54      1
    10.0   126.8     -1
    11.0   42.75      1
    11.0   89.66     -1
    12.0   30.42      1
    12.0   55.52     -1
    13.0   13.95      1
    13.0   31.44     -1
    14.0   9.595      1
    14.0   17.23     -1
    15.0   4.148      1
    15.0   9.347     -1
    16.0   2.801      1
    16.0   5.040     -1
    17.0   1.202      1
    17.0   2.703     -1
    18.0  0.8010      1
    18.0   1.443     -1
    19.0  0.3411      1
    19.0  0.7667     -1
    20.0  0.2252      1
    20.0  0.4058     -1
    21.0  0.9523E-01  1
    21.0  0.2140     -1
    22.0  0.6241E-01  1
    22.0  0.1125     -1
    23.0  0.2623E-01  1
    23.0  0.5892E-01 -1
    24.0  0.1708E-01  1
    24.0  0.3079E-01 -1
    25.0  0.7141E-02  1
    25.0  0.1604E-01 -1
    26.0  0.4628E-02  1
    26.0  0.8341E-02 -1
    27.0  0.1926E-02  1
    27.0  0.4326E-02 -1
    28.0  0.1242E-02  1
    28.0  0.2238E-02 -1
    29.0  0.5146E-03  1
    29.0  0.1156E-02 -1
    30.0  0.3307E-03  1
    30.0  0.5958E-03 -1
