#  81 angles,  1 tensor ranks for 0=projectile
@subtitle   "39K(3He,d)40Ca 21 MeV DWBA ZR 9454 keV Jpi=3- l=3 n=1 j=7/2"                   
@legend ON
@legend x1 0.2
@legend y1 0.8
@g0 type LOGY
@yaxis ticklabel format power
@legend string   0 "Lab energy =   21.0000"
#legend string   0 "Partition=  2 Excit=  1 near/far= 1"
#  Theta       sigma       iT11        T20         T21         T22         Kyy for projectile
   0.000       4.440    
   1.000       4.444    
   2.000       4.454    
   3.000       4.471    
   4.000       4.494    
   5.000       4.521    
   6.000       4.550    
   7.000       4.580    
   8.000       4.608    
   9.000       4.631    
   10.00       4.646    
   11.00       4.651    
   12.00       4.643    
   13.00       4.619    
   14.00       4.577    
   15.00       4.514    
   16.00       4.430    
   17.00       4.323    
   18.00       4.192    
   19.00       4.039    
   20.00       3.866    
   21.00       3.673    
   22.00       3.463    
   23.00       3.242    
   24.00       3.011    
   25.00       2.776    
   26.00       2.540    
   27.00       2.308    
   28.00       2.084    
   29.00       1.872    
   30.00       1.674    
   31.00       1.495    
   32.00       1.334    
   33.00       1.195    
   34.00       1.076    
   35.00      0.9772    
   36.00      0.8970    
   37.00      0.8336    
   38.00      0.7845    
   39.00      0.7473    
   40.00      0.7193    
   41.00      0.6980    
   42.00      0.6811    
   43.00      0.6664    
   44.00      0.6521    
   45.00      0.6367    
   46.00      0.6190    
   47.00      0.5984    
   48.00      0.5744    
   49.00      0.5471    
   50.00      0.5168    
   51.00      0.4841    
   52.00      0.4497    
   53.00      0.4145    
   54.00      0.3792    
   55.00      0.3446    
   56.00      0.3115    
   57.00      0.2802    
   58.00      0.2513    
   59.00      0.2251    
   60.00      0.2017    
   61.00      0.1812    
   62.00      0.1636    
   63.00      0.1486    
   64.00      0.1360    
   65.00      0.1256    
   66.00      0.1171    
   67.00      0.1100    
   68.00      0.1041    
   69.00      0.9904E-01
   70.00      0.9463E-01
   71.00      0.9065E-01
   72.00      0.8697E-01
   73.00      0.8347E-01
   74.00      0.8010E-01
   75.00      0.7682E-01
   76.00      0.7363E-01
   77.00      0.7055E-01
   78.00      0.6761E-01
   79.00      0.6486E-01
   80.00      0.6235E-01
 END
