#  81 angles,  1 tensor ranks for 0=projectile
@subtitle   "39K(3He,d)40Ca 21 MeV DWBA ZR 9454 keV Jpi=3- l=3 n=1 j=7/2"                   
@legend ON
@legend x1 0.2
@legend y1 0.8
@g0 type LOGY
@yaxis ticklabel format power
@xaxis label "Scattering angle (degrees)"
@yaxis label "Cross section (mb/sr)"
@legend string   0 "Partition=  1 Excit=  1 near/far= 1"
#legend string   0 "Lab energy =   21.0000"
@s0 linestyle   1
#  Theta       sigma       iT11        T20         T21         T22         Kyy for projectile
  0.1000E-01   1.000    
   1.000      0.9997    
   2.000       1.001    
   3.000      0.9801    
   4.000      0.9937    
   5.000       1.036    
   6.000       1.069    
   7.000       1.070    
   8.000       1.043    
   9.000       1.001    
   10.00      0.9589    
   11.00      0.9259    
   12.00      0.9030    
   13.00      0.8865    
   14.00      0.8704    
   15.00      0.8486    
   16.00      0.8173    
   17.00      0.7752    
   18.00      0.7238    
   19.00      0.6664    
   20.00      0.6075    
   21.00      0.5518    
   22.00      0.5029    
   23.00      0.4636    
   24.00      0.4347    
   25.00      0.4158    
   26.00      0.4051    
   27.00      0.3999    
   28.00      0.3972    
   29.00      0.3941    
   30.00      0.3882    
   31.00      0.3777    
   32.00      0.3620    
   33.00      0.3412    
   34.00      0.3163    
   35.00      0.2889    
   36.00      0.2608    
   37.00      0.2340    
   38.00      0.2104    
   39.00      0.1911    
   40.00      0.1770    
   41.00      0.1682    
   42.00      0.1644    
   43.00      0.1646    
   44.00      0.1677    
   45.00      0.1721    
   46.00      0.1765    
   47.00      0.1796    
   48.00      0.1803    
   49.00      0.1779    
   50.00      0.1722    
   51.00      0.1633    
   52.00      0.1516    
   53.00      0.1378    
   54.00      0.1229    
   55.00      0.1077    
   56.00      0.9318E-01
   57.00      0.8011E-01
   58.00      0.6912E-01
   59.00      0.6059E-01
   60.00      0.5467E-01
   61.00      0.5129E-01
   62.00      0.5018E-01
   63.00      0.5093E-01
   64.00      0.5301E-01
   65.00      0.5587E-01
   66.00      0.5895E-01
   67.00      0.6177E-01
   68.00      0.6392E-01
   69.00      0.6510E-01
   70.00      0.6515E-01
   71.00      0.6402E-01
   72.00      0.6176E-01
   73.00      0.5853E-01
   74.00      0.5453E-01
   75.00      0.5000E-01
   76.00      0.4522E-01
   77.00      0.4042E-01
   78.00      0.3583E-01
   79.00      0.3163E-01
   80.00      0.2793E-01
 END
@legend string   1 "Partition=  2 Excit=  1 near/far= 1"
#legend string   0 "Lab energy =   21.0000"
@s1 linestyle   2
#  Theta       sigma       iT11        T20         T21         T22         Kyy for projectile
   0.000       4.440    
   1.000       4.444    
   2.000       4.454    
   3.000       4.471    
   4.000       4.494    
   5.000       4.521    
   6.000       4.550    
   7.000       4.580    
   8.000       4.608    
   9.000       4.631    
   10.00       4.646    
   11.00       4.651    
   12.00       4.643    
   13.00       4.619    
   14.00       4.577    
   15.00       4.514    
   16.00       4.430    
   17.00       4.323    
   18.00       4.192    
   19.00       4.039    
   20.00       3.866    
   21.00       3.673    
   22.00       3.463    
   23.00       3.242    
   24.00       3.011    
   25.00       2.776    
   26.00       2.540    
   27.00       2.308    
   28.00       2.084    
   29.00       1.872    
   30.00       1.674    
   31.00       1.495    
   32.00       1.334    
   33.00       1.195    
   34.00       1.076    
   35.00      0.9772    
   36.00      0.8970    
   37.00      0.8336    
   38.00      0.7845    
   39.00      0.7473    
   40.00      0.7193    
   41.00      0.6980    
   42.00      0.6811    
   43.00      0.6664    
   44.00      0.6521    
   45.00      0.6367    
   46.00      0.6190    
   47.00      0.5984    
   48.00      0.5744    
   49.00      0.5471    
   50.00      0.5168    
   51.00      0.4841    
   52.00      0.4497    
   53.00      0.4145    
   54.00      0.3792    
   55.00      0.3446    
   56.00      0.3115    
   57.00      0.2802    
   58.00      0.2513    
   59.00      0.2251    
   60.00      0.2017    
   61.00      0.1812    
   62.00      0.1636    
   63.00      0.1486    
   64.00      0.1360    
   65.00      0.1256    
   66.00      0.1171    
   67.00      0.1100    
   68.00      0.1041    
   69.00      0.9904E-01
   70.00      0.9463E-01
   71.00      0.9065E-01
   72.00      0.8697E-01
   73.00      0.8347E-01
   74.00      0.8010E-01
   75.00      0.7682E-01
   76.00      0.7363E-01
   77.00      0.7055E-01
   78.00      0.6761E-01
   79.00      0.6486E-01
   80.00      0.6235E-01
 END
