     0.0   1.503      1
     0.0   3.006     -1
     1.0   13.53      1
     1.0   27.05     -1
     2.0   30.06      1
     2.0   60.11     -1
     3.0   42.09      1
     3.0   84.15     -1
     4.0   54.05      1
     4.0   108.1     -1
     5.0   65.98      1
     5.0   131.6     -1
     6.0   76.41      1
     6.0   153.5     -1
     7.0   86.43      1
     7.0   170.0     -1
     8.0   85.26      1
     8.0   173.8     -1
     9.0   81.02      1
     9.0   160.2     -1
    10.0   65.30      1
    10.0   130.5     -1
    11.0   44.26      1
    11.0   92.14     -1
    12.0   30.87      1
    12.0   56.75     -1
    13.0   14.31      1
    13.0   31.99     -1
    14.0   9.680      1
    14.0   17.47     -1
    15.0   4.213      1
    15.0   9.449     -1
    16.0   2.816      1
    16.0   5.083     -1
    17.0   1.214      1
    17.0   2.722     -1
    18.0  0.8039      1
    18.0   1.451     -1
    19.0  0.3433      1
    19.0  0.7701     -1
    20.0  0.2257      1
    20.0  0.4072     -1
    21.0  0.9562E-01  1
    21.0  0.2146     -1
    22.0  0.6250E-01  1
    22.0  0.1127     -1
    23.0  0.2630E-01  1
    23.0  0.5904E-01 -1
    24.0  0.1710E-01  1
    24.0  0.3083E-01 -1
    25.0  0.7155E-02  1
    25.0  0.1606E-01 -1
    26.0  0.4632E-02  1
    26.0  0.8351E-02 -1
    27.0  0.1929E-02  1
    27.0  0.4331E-02 -1
    28.0  0.1244E-02  1
    28.0  0.2242E-02 -1
    29.0  0.5160E-03  1
    29.0  0.1158E-02 -1
    30.0  0.3313E-03  1
    30.0  0.5975E-03 -1
