#  81 angles,  1 tensor ranks for 0=projectile
@subtitle   "39K(3He,d)40Ca 21 MeV DWBA ZR 9227.43 keV Jpi=2+ l=2 n=1 j=3/2"                
@legend ON
@legend x1 0.2
@legend y1 0.8
@g0 type LOGY
@yaxis ticklabel format power
@xaxis label "Scattering angle (degrees)"
@yaxis label "Cross section (mb/sr)"
@legend string   0 "Partition=  1 Excit=  1 near/far= 1"
#legend string   0 "Lab energy =   21.0000"
@s0 linestyle   1
#  Theta       sigma       iT11        T20         T21         T22         Kyy for projectile
  0.1000E-01   1.000    
   1.000      0.9997    
   2.000       1.001    
   3.000      0.9801    
   4.000      0.9937    
   5.000       1.036    
   6.000       1.069    
   7.000       1.070    
   8.000       1.043    
   9.000       1.001    
   10.00      0.9589    
   11.00      0.9259    
   12.00      0.9030    
   13.00      0.8865    
   14.00      0.8704    
   15.00      0.8486    
   16.00      0.8173    
   17.00      0.7752    
   18.00      0.7238    
   19.00      0.6664    
   20.00      0.6075    
   21.00      0.5518    
   22.00      0.5029    
   23.00      0.4636    
   24.00      0.4347    
   25.00      0.4158    
   26.00      0.4051    
   27.00      0.3999    
   28.00      0.3972    
   29.00      0.3941    
   30.00      0.3882    
   31.00      0.3777    
   32.00      0.3620    
   33.00      0.3412    
   34.00      0.3163    
   35.00      0.2889    
   36.00      0.2608    
   37.00      0.2340    
   38.00      0.2104    
   39.00      0.1911    
   40.00      0.1770    
   41.00      0.1682    
   42.00      0.1644    
   43.00      0.1646    
   44.00      0.1677    
   45.00      0.1721    
   46.00      0.1765    
   47.00      0.1796    
   48.00      0.1803    
   49.00      0.1779    
   50.00      0.1722    
   51.00      0.1633    
   52.00      0.1516    
   53.00      0.1378    
   54.00      0.1229    
   55.00      0.1077    
   56.00      0.9318E-01
   57.00      0.8011E-01
   58.00      0.6912E-01
   59.00      0.6059E-01
   60.00      0.5467E-01
   61.00      0.5129E-01
   62.00      0.5018E-01
   63.00      0.5093E-01
   64.00      0.5301E-01
   65.00      0.5587E-01
   66.00      0.5895E-01
   67.00      0.6177E-01
   68.00      0.6392E-01
   69.00      0.6510E-01
   70.00      0.6515E-01
   71.00      0.6402E-01
   72.00      0.6176E-01
   73.00      0.5853E-01
   74.00      0.5453E-01
   75.00      0.5000E-01
   76.00      0.4522E-01
   77.00      0.4042E-01
   78.00      0.3583E-01
   79.00      0.3163E-01
   80.00      0.2793E-01
 END
@legend string   1 "Partition=  2 Excit=  1 near/far= 1"
#legend string   0 "Lab energy =   21.0000"
@s1 linestyle   2
#  Theta       sigma       iT11        T20         T21         T22         Kyy for projectile
   0.000       5.936    
   1.000       5.945    
   2.000       5.969    
   3.000       6.007    
   4.000       6.054    
   5.000       6.104    
   6.000       6.150    
   7.000       6.184    
   8.000       6.198    
   9.000       6.183    
   10.00       6.132    
   11.00       6.039    
   12.00       5.899    
   13.00       5.710    
   14.00       5.473    
   15.00       5.191    
   16.00       4.870    
   17.00       4.519    
   18.00       4.147    
   19.00       3.764    
   20.00       3.383    
   21.00       3.014    
   22.00       2.665    
   23.00       2.345    
   24.00       2.059    
   25.00       1.811    
   26.00       1.603    
   27.00       1.433    
   28.00       1.299    
   29.00       1.197    
   30.00       1.122    
   31.00       1.069    
   32.00       1.031    
   33.00       1.003    
   34.00      0.9795    
   35.00      0.9568    
   36.00      0.9315    
   37.00      0.9014    
   38.00      0.8653    
   39.00      0.8230    
   40.00      0.7748    
   41.00      0.7219    
   42.00      0.6657    
   43.00      0.6081    
   44.00      0.5507    
   45.00      0.4952    
   46.00      0.4431    
   47.00      0.3957    
   48.00      0.3537    
   49.00      0.3175    
   50.00      0.2873    
   51.00      0.2628    
   52.00      0.2434    
   53.00      0.2285    
   54.00      0.2173    
   55.00      0.2088    
   56.00      0.2023    
   57.00      0.1968    
   58.00      0.1917    
   59.00      0.1864    
   60.00      0.1804    
   61.00      0.1735    
   62.00      0.1656    
   63.00      0.1566    
   64.00      0.1467    
   65.00      0.1361    
   66.00      0.1250    
   67.00      0.1138    
   68.00      0.1027    
   69.00      0.9200E-01
   70.00      0.8197E-01
   71.00      0.7279E-01
   72.00      0.6460E-01
   73.00      0.5750E-01
   74.00      0.5151E-01
   75.00      0.4662E-01
   76.00      0.4274E-01
   77.00      0.3978E-01
   78.00      0.3760E-01
   79.00      0.3605E-01
   80.00      0.3498E-01
 END
