#  81 angles,  1 tensor ranks for 0=projectile
@subtitle   "39K(3He,d)40Ca 21 MeV DWBA ZR 8851 keV Jpi=0- l=1 n=3 j=3/2"                   
@legend ON
@legend x1 0.2
@legend y1 0.8
@g0 type LOGY
@yaxis ticklabel format power
@legend string   0 "Lab energy =   21.0000"
#legend string   0 "Partition=  2 Excit=  1 near/far= 1"
#  Theta       sigma       iT11        T20         T21         T22         Kyy for projectile
   0.000       7.046    
   1.000       7.032    
   2.000       6.989    
   3.000       6.915    
   4.000       6.803    
   5.000       6.649    
   6.000       6.446    
   7.000       6.192    
   8.000       5.885    
   9.000       5.527    
   10.00       5.123    
   11.00       4.684    
   12.00       4.223    
   13.00       3.755    
   14.00       3.297    
   15.00       2.865    
   16.00       2.473    
   17.00       2.132    
   18.00       1.848    
   19.00       1.624    
   20.00       1.457    
   21.00       1.342    
   22.00       1.270    
   23.00       1.230    
   24.00       1.213    
   25.00       1.208    
   26.00       1.204    
   27.00       1.196    
   28.00       1.176    
   29.00       1.142    
   30.00       1.093    
   31.00       1.029    
   32.00      0.9527    
   33.00      0.8672    
   34.00      0.7767    
   35.00      0.6852    
   36.00      0.5968    
   37.00      0.5150    
   38.00      0.4425    
   39.00      0.3811    
   40.00      0.3317    
   41.00      0.2943    
   42.00      0.2684    
   43.00      0.2528    
   44.00      0.2457    
   45.00      0.2453    
   46.00      0.2496    
   47.00      0.2567    
   48.00      0.2647    
   49.00      0.2723    
   50.00      0.2781    
   51.00      0.2812    
   52.00      0.2811    
   53.00      0.2777    
   54.00      0.2709    
   55.00      0.2610    
   56.00      0.2484    
   57.00      0.2336    
   58.00      0.2174    
   59.00      0.2001    
   60.00      0.1824    
   61.00      0.1649    
   62.00      0.1479    
   63.00      0.1319    
   64.00      0.1171    
   65.00      0.1037    
   66.00      0.9183E-01
   67.00      0.8150E-01
   68.00      0.7267E-01
   69.00      0.6529E-01
   70.00      0.5922E-01
   71.00      0.5434E-01
   72.00      0.5051E-01
   73.00      0.4758E-01
   74.00      0.4540E-01
   75.00      0.4383E-01
   76.00      0.4274E-01
   77.00      0.4201E-01
   78.00      0.4153E-01
   79.00      0.4121E-01
   80.00      0.4097E-01
 END
