     0.0   1.503      1
     0.0   3.005     -1
     1.0   13.53      1
     1.0   27.05     -1
     2.0   30.05      1
     2.0   60.10     -1
     3.0   42.06      1
     3.0   84.11     -1
     4.0   53.99      1
     4.0   108.0     -1
     5.0   65.91      1
     5.0   131.6     -1
     6.0   76.31      1
     6.0   153.5     -1
     7.0   86.37      1
     7.0   170.0     -1
     8.0   85.14      1
     8.0   173.9     -1
     9.0   81.04      1
     9.0   160.1     -1
    10.0   64.92      1
    10.0   130.1     -1
    11.0   44.25      1
    11.0   91.89     -1
    12.0   30.76      1
    12.0   56.64     -1
    13.0   14.31      1
    13.0   31.94     -1
    14.0   9.660      1
    14.0   17.45     -1
    15.0   4.214      1
    15.0   9.441     -1
    16.0   2.812      1
    16.0   5.080     -1
    17.0   1.214      1
    17.0   2.720     -1
    18.0  0.8032      1
    18.0   1.450     -1
    19.0  0.3434      1
    19.0  0.7699     -1
    20.0  0.2256      1
    20.0  0.4072     -1
    21.0  0.9564E-01  1
    21.0  0.2146     -1
    22.0  0.6248E-01  1
    22.0  0.1127     -1
    23.0  0.2630E-01  1
    23.0  0.5903E-01 -1
    24.0  0.1710E-01  1
    24.0  0.3083E-01 -1
    25.0  0.7156E-02  1
    25.0  0.1606E-01 -1
    26.0  0.4631E-02  1
    26.0  0.8350E-02 -1
    27.0  0.1929E-02  1
    27.0  0.4331E-02 -1
    28.0  0.1243E-02  1
    28.0  0.2242E-02 -1
    29.0  0.5160E-03  1
    29.0  0.1158E-02 -1
    30.0  0.3313E-03  1
    30.0  0.5975E-03 -1
