#  81 angles,  1 tensor ranks for 0=projectile
@subtitle   "39K(3He,d)40Ca 21 MeV DWBA ZR 9226.69 keV Jpi=3- l=3 n=1 j=7/2"                
@legend ON
@legend x1 0.2
@legend y1 0.8
@g0 type LOGY
@yaxis ticklabel format power
@legend string   0 "Lab energy =   21.0000"
#legend string   0 "Partition=  2 Excit=  1 near/far= 1"
#  Theta       sigma       iT11        T20         T21         T22         Kyy for projectile
   0.000       4.607    
   1.000       4.611    
   2.000       4.623    
   3.000       4.643    
   4.000       4.670    
   5.000       4.702    
   6.000       4.737    
   7.000       4.774    
   8.000       4.809    
   9.000       4.840    
   10.00       4.864    
   11.00       4.877    
   12.00       4.877    
   13.00       4.860    
   14.00       4.824    
   15.00       4.767    
   16.00       4.685    
   17.00       4.579    
   18.00       4.447    
   19.00       4.290    
   20.00       4.109    
   21.00       3.906    
   22.00       3.685    
   23.00       3.449    
   24.00       3.202    
   25.00       2.950    
   26.00       2.696    
   27.00       2.446    
   28.00       2.205    
   29.00       1.975    
   30.00       1.762    
   31.00       1.568    
   32.00       1.396    
   33.00       1.246    
   34.00       1.118    
   35.00       1.013    
   36.00      0.9276    
   37.00      0.8606    
   38.00      0.8091    
   39.00      0.7704    
   40.00      0.7417    
   41.00      0.7201    
   42.00      0.7030    
   43.00      0.6882    
   44.00      0.6737    
   45.00      0.6577    
   46.00      0.6392    
   47.00      0.6174    
   48.00      0.5919    
   49.00      0.5628    
   50.00      0.5306    
   51.00      0.4959    
   52.00      0.4595    
   53.00      0.4223    
   54.00      0.3853    
   55.00      0.3491    
   56.00      0.3146    
   57.00      0.2822    
   58.00      0.2524    
   59.00      0.2256    
   60.00      0.2019    
   61.00      0.1812    
   62.00      0.1636    
   63.00      0.1489    
   64.00      0.1366    
   65.00      0.1265    
   66.00      0.1183    
   67.00      0.1115    
   68.00      0.1058    
   69.00      0.1009    
   70.00      0.9659E-01
   71.00      0.9266E-01
   72.00      0.8896E-01
   73.00      0.8541E-01
   74.00      0.8195E-01
   75.00      0.7855E-01
   76.00      0.7522E-01
   77.00      0.7200E-01
   78.00      0.6894E-01
   79.00      0.6609E-01
   80.00      0.6353E-01
 END
