#  81 angles,  1 tensor ranks for 0=projectile
@subtitle   "39K(3He,d)40Ca 21 MeV DWBA ZR 9226.69 keV Jpi=2+ l=2 n=3 j=3/2"                
@legend ON
@legend x1 0.2
@legend y1 0.8
@g0 type LOGY
@yaxis ticklabel format power
@legend string   0 "Lab energy =   21.0000"
#legend string   0 "Partition=  2 Excit=  1 near/far= 1"
#  Theta       sigma       iT11        T20         T21         T22         Kyy for projectile
   0.000       24.43    
   1.000       24.44    
   2.000       24.48    
   3.000       24.54    
   4.000       24.59    
   5.000       24.63    
   6.000       24.63    
   7.000       24.58    
   8.000       24.45    
   9.000       24.22    
   10.00       23.87    
   11.00       23.38    
   12.00       22.75    
   13.00       21.96    
   14.00       21.03    
   15.00       19.95    
   16.00       18.76    
   17.00       17.47    
   18.00       16.13    
   19.00       14.76    
   20.00       13.40    
   21.00       12.08    
   22.00       10.85    
   23.00       9.710    
   24.00       8.690    
   25.00       7.796    
   26.00       7.031    
   27.00       6.390    
   28.00       5.865    
   29.00       5.439    
   30.00       5.096    
   31.00       4.816    
   32.00       4.581    
   33.00       4.372    
   34.00       4.173    
   35.00       3.972    
   36.00       3.761    
   37.00       3.535    
   38.00       3.291    
   39.00       3.033    
   40.00       2.765    
   41.00       2.491    
   42.00       2.219    
   43.00       1.956    
   44.00       1.710    
   45.00       1.485    
   46.00       1.287    
   47.00       1.118    
   48.00      0.9815    
   49.00      0.8760    
   50.00      0.8003    
   51.00      0.7517    
   52.00      0.7263    
   53.00      0.7196    
   54.00      0.7268    
   55.00      0.7430    
   56.00      0.7636    
   57.00      0.7845    
   58.00      0.8023    
   59.00      0.8140    
   60.00      0.8178    
   61.00      0.8125    
   62.00      0.7977    
   63.00      0.7737    
   64.00      0.7412    
   65.00      0.7017    
   66.00      0.6565    
   67.00      0.6076    
   68.00      0.5566    
   69.00      0.5053    
   70.00      0.4552    
   71.00      0.4075    
   72.00      0.3634    
   73.00      0.3236    
   74.00      0.2885    
   75.00      0.2584    
   76.00      0.2331    
   77.00      0.2124    
   78.00      0.1958    
   79.00      0.1829    
   80.00      0.1730    
 END
