     0.0   1.503      1
     0.0   3.005     -1
     1.0   13.49      1
     1.0   27.00     -1
     2.0   29.99      1
     2.0   59.98     -1
     3.0   42.01      1
     3.0   84.00     -1
     4.0   53.95      1
     4.0   107.9     -1
     5.0   65.86      1
     5.0   131.3     -1
     6.0   76.24      1
     6.0   153.0     -1
     7.0   85.98      1
     7.0   169.0     -1
     8.0   84.42      1
     8.0   171.9     -1
     9.0   79.94      1
     9.0   157.2     -1
    10.0   63.71      1
    10.0   127.1     -1
    11.0   42.91      1
    11.0   89.93     -1
    12.0   30.48      1
    12.0   55.67     -1
    13.0   14.00      1
    13.0   31.52     -1
    14.0   9.608      1
    14.0   17.27     -1
    15.0   4.159      1
    15.0   9.364     -1
    16.0   2.803      1
    16.0   5.048     -1
    17.0   1.204      1
    17.0   2.707     -1
    18.0  0.8017      1
    18.0   1.444     -1
    19.0  0.3416      1
    19.0  0.7675     -1
    20.0  0.2253      1
    20.0  0.4062     -1
    21.0  0.9533E-01  1
    21.0  0.2141     -1
    22.0  0.6243E-01  1
    22.0  0.1125     -1
    23.0  0.2625E-01  1
    23.0  0.5896E-01 -1
    24.0  0.1709E-01  1
    24.0  0.3080E-01 -1
    25.0  0.7147E-02  1
    25.0  0.1605E-01 -1
    26.0  0.4630E-02  1
    26.0  0.8345E-02 -1
    27.0  0.1928E-02  1
    27.0  0.4330E-02 -1
    28.0  0.1243E-02  1
    28.0  0.2242E-02 -1
    29.0  0.5158E-03  1
    29.0  0.1158E-02 -1
    30.0  0.3313E-03  1
    30.0  0.5975E-03 -1
