     0.0   1.503      1
     0.0   3.006     -1
     1.0   13.53      1
     1.0   27.06     -1
     2.0   30.06      1
     2.0   60.12     -1
     3.0   42.09      1
     3.0   84.14     -1
     4.0   54.01      1
     4.0   108.0     -1
     5.0   65.92      1
     5.0   131.4     -1
     6.0   75.99      1
     6.0   152.9     -1
     7.0   85.84      1
     7.0   168.7     -1
     8.0   84.51      1
     8.0   172.3     -1
     9.0   80.36      1
     9.0   158.8     -1
    10.0   64.77      1
    10.0   129.5     -1
    11.0   43.92      1
    11.0   91.51     -1
    12.0   30.73      1
    12.0   56.44     -1
    13.0   14.23      1
    13.0   31.85     -1
    14.0   9.653      1
    14.0   17.41     -1
    15.0   4.198      1
    15.0   9.422     -1
    16.0   2.811      1
    16.0   5.071     -1
    17.0   1.211      1
    17.0   2.717     -1
    18.0  0.8029      1
    18.0   1.449     -1
    19.0  0.3428      1
    19.0  0.7692     -1
    20.0  0.2256      1
    20.0  0.4068     -1
    21.0  0.9552E-01  1
    21.0  0.2144     -1
    22.0  0.6247E-01  1
    22.0  0.1126     -1
    23.0  0.2628E-01  1
    23.0  0.5900E-01 -1
    24.0  0.1709E-01  1
    24.0  0.3082E-01 -1
    25.0  0.7151E-02  1
    25.0  0.1606E-01 -1
    26.0  0.4630E-02  1
    26.0  0.8346E-02 -1
    27.0  0.1927E-02  1
    27.0  0.4329E-02 -1
    28.0  0.1243E-02  1
    28.0  0.2241E-02 -1
    29.0  0.5155E-03  1
    29.0  0.1157E-02 -1
    30.0  0.3309E-03  1
    30.0  0.5966E-03 -1
