     0.0   1.503      1
     0.0   3.006     -1
     1.0   13.53      1
     1.0   27.06     -1
     2.0   30.06      1
     2.0   60.11     -1
     3.0   42.07      1
     3.0   84.12     -1
     4.0   53.99      1
     4.0   108.0     -1
     5.0   65.92      1
     5.0   131.6     -1
     6.0   76.35      1
     6.0   153.5     -1
     7.0   86.50      1
     7.0   170.2     -1
     8.0   85.34      1
     8.0   174.3     -1
     9.0   81.38      1
     9.0   160.7     -1
    10.0   65.30      1
    10.0   130.7     -1
    11.0   44.34      1
    11.0   92.20     -1
    12.0   30.86      1
    12.0   56.76     -1
    13.0   14.32      1
    13.0   31.99     -1
    14.0   9.674      1
    14.0   17.47     -1
    15.0   4.216      1
    15.0   9.449     -1
    16.0   2.815      1
    16.0   5.083     -1
    17.0   1.214      1
    17.0   2.722     -1
    18.0  0.8037      1
    18.0   1.451     -1
    19.0  0.3434      1
    19.0  0.7702     -1
    20.0  0.2257      1
    20.0  0.4073     -1
    21.0  0.9566E-01  1
    21.0  0.2146     -1
    22.0  0.6250E-01  1
    22.0  0.1127     -1
    23.0  0.2630E-01  1
    23.0  0.5904E-01 -1
    24.0  0.1710E-01  1
    24.0  0.3084E-01 -1
    25.0  0.7156E-02  1
    25.0  0.1607E-01 -1
    26.0  0.4631E-02  1
    26.0  0.8350E-02 -1
    27.0  0.1929E-02  1
    27.0  0.4331E-02 -1
    28.0  0.1243E-02  1
    28.0  0.2241E-02 -1
    29.0  0.5156E-03  1
    29.0  0.1158E-02 -1
    30.0  0.3309E-03  1
    30.0  0.5967E-03 -1
