#  81 angles,  1 tensor ranks for 0=projectile
@subtitle   "39K(3He,d)40Ca 21 MeV DWBA ZR 7973 keV Jpi=3- l=1 n=2 j=3/2"                   
@legend ON
@legend x1 0.2
@legend y1 0.8
@g0 type LOGY
@yaxis ticklabel format power
@legend string   0 "Lab energy =   21.0000"
#legend string   0 "Partition=  2 Excit=  1 near/far= 1"
#  Theta       sigma       iT11        T20         T21         T22         Kyy for projectile
   0.000       35.75    
   1.000       35.77    
   2.000       35.83    
   3.000       35.87    
   4.000       35.84    
   5.000       35.66    
   6.000       35.24    
   7.000       34.50    
   8.000       33.37    
   9.000       31.84    
   10.00       29.91    
   11.00       27.62    
   12.00       25.06    
   13.00       22.36    
   14.00       19.63    
   15.00       16.99    
   16.00       14.58    
   17.00       12.46    
   18.00       10.70    
   19.00       9.311    
   20.00       8.299    
   21.00       7.625    
   22.00       7.237    
   23.00       7.070    
   24.00       7.053    
   25.00       7.114    
   26.00       7.190    
   27.00       7.226    
   28.00       7.182    
   29.00       7.034    
   30.00       6.773    
   31.00       6.406    
   32.00       5.948    
   33.00       5.423    
   34.00       4.860    
   35.00       4.286    
   36.00       3.727    
   37.00       3.205    
   38.00       2.737    
   39.00       2.334    
   40.00       2.000    
   41.00       1.736    
   42.00       1.538    
   43.00       1.398    
   44.00       1.307    
   45.00       1.254    
   46.00       1.226    
   47.00       1.214    
   48.00       1.209    
   49.00       1.203    
   50.00       1.191    
   51.00       1.170    
   52.00       1.140    
   53.00       1.100    
   54.00       1.052    
   55.00      0.9971    
   56.00      0.9384    
   57.00      0.8784    
   58.00      0.8198    
   59.00      0.7650    
   60.00      0.7160    
   61.00      0.6742    
   62.00      0.6400    
   63.00      0.6136    
   64.00      0.5942    
   65.00      0.5808    
   66.00      0.5719    
   67.00      0.5663    
   68.00      0.5625    
   69.00      0.5592    
   70.00      0.5554    
   71.00      0.5501    
   72.00      0.5424    
   73.00      0.5319    
   74.00      0.5181    
   75.00      0.5009    
   76.00      0.4802    
   77.00      0.4565    
   78.00      0.4303    
   79.00      0.4022    
   80.00      0.3732    
 END
