#  81 angles,  1 tensor ranks for 0=projectile
@subtitle   "39K(3He,d)40Ca 21 MeV DWBA ZR 8425 keV Jpi=2- l=1 n=2 j=1/2"                   
@legend ON
@legend x1 0.2
@legend y1 0.8
@g0 type LOGY
@yaxis ticklabel format power
@legend string   0 "Lab energy =   21.0000"
#legend string   0 "Partition=  2 Excit=  1 near/far= 1"
#  Theta       sigma       iT11        T20         T21         T22         Kyy for projectile
   0.000       27.41    
   1.000       27.35    
   2.000       27.16    
   3.000       26.84    
   4.000       26.35    
   5.000       25.68    
   6.000       24.81    
   7.000       23.71    
   8.000       22.40    
   9.000       20.88    
   10.00       19.18    
   11.00       17.35    
   12.00       15.45    
   13.00       13.56    
   14.00       11.73    
   15.00       10.05    
   16.00       8.564    
   17.00       7.315    
   18.00       6.326    
   19.00       5.598    
   20.00       5.116    
   21.00       4.849    
   22.00       4.756    
   23.00       4.788    
   24.00       4.897    
   25.00       5.037    
   26.00       5.165    
   27.00       5.250    
   28.00       5.267    
   29.00       5.205    
   30.00       5.058    
   31.00       4.832    
   32.00       4.536    
   33.00       4.187    
   34.00       3.801    
   35.00       3.397    
   36.00       2.993    
   37.00       2.603    
   38.00       2.240    
   39.00       1.911    
   40.00       1.623    
   41.00       1.376    
   42.00       1.171    
   43.00       1.004    
   44.00      0.8720    
   45.00      0.7690    
   46.00      0.6898    
   47.00      0.6294    
   48.00      0.5830    
   49.00      0.5469    
   50.00      0.5180    
   51.00      0.4942    
   52.00      0.4744    
   53.00      0.4578    
   54.00      0.4444    
   55.00      0.4343    
   56.00      0.4279    
   57.00      0.4254    
   58.00      0.4270    
   59.00      0.4326    
   60.00      0.4418    
   61.00      0.4541    
   62.00      0.4685    
   63.00      0.4840    
   64.00      0.4995    
   65.00      0.5136    
   66.00      0.5251    
   67.00      0.5331    
   68.00      0.5366    
   69.00      0.5348    
   70.00      0.5275    
   71.00      0.5145    
   72.00      0.4959    
   73.00      0.4721    
   74.00      0.4437    
   75.00      0.4115    
   76.00      0.3766    
   77.00      0.3398    
   78.00      0.3023    
   79.00      0.2652    
   80.00      0.2292    
 END
