     0.0   1.498      1
     0.0   2.998     -1
     1.0   13.48      1
     1.0   26.98     -1
     2.0   29.94      1
     2.0   59.95     -1
     3.0   41.93      1
     3.0   83.90     -1
     4.0   53.76      1
     4.0   107.7     -1
     5.0   65.69      1
     5.0   131.2     -1
     6.0   76.03      1
     6.0   153.1     -1
     7.0   86.05      1
     7.0   169.5     -1
     8.0   84.68      1
     8.0   173.1     -1
     9.0   80.47      1
     9.0   159.0     -1
    10.0   64.24      1
    10.0   128.7     -1
    11.0   43.69      1
    11.0   90.53     -1
    12.0   30.19      1
    12.0   55.77     -1
    13.0   14.17      1
    13.0   31.51     -1
    14.0   9.524      1
    14.0   17.25     -1
    15.0   4.186      1
    15.0   9.352     -1
    16.0   2.786      1
    16.0   5.041     -1
    17.0   1.208      1
    17.0   2.703     -1
    18.0  0.7981      1
    18.0   1.443     -1
    19.0  0.3423      1
    19.0  0.7666     -1
    20.0  0.2246      1
    20.0  0.4057     -1
    21.0  0.9543E-01  1
    21.0  0.2139     -1
    22.0  0.6229E-01  1
    22.0  0.1124     -1
    23.0  0.2626E-01  1
    23.0  0.5890E-01 -1
    24.0  0.1706E-01  1
    24.0  0.3078E-01 -1
    25.0  0.7148E-02  1
    25.0  0.1604E-01 -1
    26.0  0.4623E-02  1
    26.0  0.8339E-02 -1
    27.0  0.1928E-02  1
    27.0  0.4327E-02 -1
    28.0  0.1242E-02  1
    28.0  0.2240E-02 -1
    29.0  0.5158E-03  1
    29.0  0.1158E-02 -1
    30.0  0.3311E-03  1
    30.0  0.5973E-03 -1
