#  81 angles,  1 tensor ranks for 0=projectile
@subtitle   "39K(3He,d)40Ca 21 MeV DWBA ZR 7532 keV Jpi=2- l=1 n=3 j=1/2"                   
@legend ON
@legend x1 0.2
@legend y1 0.8
@g0 type LOGY
@yaxis ticklabel format power
@legend string   0 "Lab energy =   21.0000"
#legend string   0 "Partition=  2 Excit=  1 near/far= 1"
#  Theta       sigma       iT11        T20         T21         T22         Kyy for projectile
   0.000       50.38    
   1.000       50.43    
   2.000       50.54    
   3.000       50.64    
   4.000       50.62    
   5.000       50.34    
   6.000       49.67    
   7.000       48.49    
   8.000       46.70    
   9.000       44.27    
   10.00       41.21    
   11.00       37.63    
   12.00       33.64    
   13.00       29.43    
   14.00       25.21    
   15.00       21.15    
   16.00       17.44    
   17.00       14.21    
   18.00       11.57    
   19.00       9.529    
   20.00       8.093    
   21.00       7.203    
   22.00       6.773    
   23.00       6.695    
   24.00       6.855    
   25.00       7.139    
   26.00       7.445    
   27.00       7.692    
   28.00       7.819    
   29.00       7.789    
   30.00       7.592    
   31.00       7.234    
   32.00       6.740    
   33.00       6.143    
   34.00       5.485    
   35.00       4.806    
   36.00       4.142    
   37.00       3.526    
   38.00       2.979    
   39.00       2.517    
   40.00       2.146    
   41.00       1.864    
   42.00       1.665    
   43.00       1.537    
   44.00       1.466    
   45.00       1.435    
   46.00       1.430    
   47.00       1.437    
   48.00       1.445    
   49.00       1.445    
   50.00       1.431    
   51.00       1.401    
   52.00       1.355    
   53.00       1.295    
   54.00       1.224    
   55.00       1.145    
   56.00       1.064    
   57.00      0.9832    
   58.00      0.9072    
   59.00      0.8387    
   60.00      0.7794    
   61.00      0.7305    
   62.00      0.6918    
   63.00      0.6625    
   64.00      0.6411    
   65.00      0.6256    
   66.00      0.6138    
   67.00      0.6035    
   68.00      0.5928    
   69.00      0.5800    
   70.00      0.5639    
   71.00      0.5436    
   72.00      0.5186    
   73.00      0.4891    
   74.00      0.4554    
   75.00      0.4181    
   76.00      0.3784    
   77.00      0.3373    
   78.00      0.2962    
   79.00      0.2563    
   80.00      0.2189    
 END
