#  81 angles,  1 tensor ranks for 0=projectile
@subtitle   "39K(3He,d)40Ca 21 MeV DWBA ZR 7532 keV Jpi=2- l=1 n=3 j=1/2"                   
@legend ON
@legend x1 0.2
@legend y1 0.8
@g0 type LOGY
@yaxis ticklabel format power
@xaxis label "Scattering angle (degrees)"
@yaxis label "Cross section (mb/sr)"
@legend string   0 "Partition=  1 Excit=  1 near/far= 1"
#legend string   0 "Lab energy =   21.0000"
@s0 linestyle   1
#  Theta       sigma       iT11        T20         T21         T22         Kyy for projectile
  0.1000E-01   1.000    
   1.000      0.9997    
   2.000       1.001    
   3.000      0.9801    
   4.000      0.9937    
   5.000       1.036    
   6.000       1.069    
   7.000       1.070    
   8.000       1.043    
   9.000       1.001    
   10.00      0.9589    
   11.00      0.9259    
   12.00      0.9030    
   13.00      0.8865    
   14.00      0.8704    
   15.00      0.8486    
   16.00      0.8173    
   17.00      0.7752    
   18.00      0.7238    
   19.00      0.6664    
   20.00      0.6075    
   21.00      0.5518    
   22.00      0.5029    
   23.00      0.4636    
   24.00      0.4347    
   25.00      0.4158    
   26.00      0.4051    
   27.00      0.3999    
   28.00      0.3972    
   29.00      0.3941    
   30.00      0.3882    
   31.00      0.3777    
   32.00      0.3620    
   33.00      0.3412    
   34.00      0.3163    
   35.00      0.2889    
   36.00      0.2608    
   37.00      0.2340    
   38.00      0.2104    
   39.00      0.1911    
   40.00      0.1770    
   41.00      0.1682    
   42.00      0.1644    
   43.00      0.1646    
   44.00      0.1677    
   45.00      0.1721    
   46.00      0.1765    
   47.00      0.1796    
   48.00      0.1803    
   49.00      0.1779    
   50.00      0.1722    
   51.00      0.1633    
   52.00      0.1516    
   53.00      0.1378    
   54.00      0.1229    
   55.00      0.1077    
   56.00      0.9318E-01
   57.00      0.8011E-01
   58.00      0.6912E-01
   59.00      0.6059E-01
   60.00      0.5467E-01
   61.00      0.5129E-01
   62.00      0.5018E-01
   63.00      0.5093E-01
   64.00      0.5301E-01
   65.00      0.5587E-01
   66.00      0.5895E-01
   67.00      0.6177E-01
   68.00      0.6392E-01
   69.00      0.6510E-01
   70.00      0.6515E-01
   71.00      0.6402E-01
   72.00      0.6176E-01
   73.00      0.5853E-01
   74.00      0.5453E-01
   75.00      0.5000E-01
   76.00      0.4522E-01
   77.00      0.4042E-01
   78.00      0.3583E-01
   79.00      0.3163E-01
   80.00      0.2793E-01
 END
@legend string   1 "Partition=  2 Excit=  1 near/far= 1"
#legend string   0 "Lab energy =   21.0000"
@s1 linestyle   2
#  Theta       sigma       iT11        T20         T21         T22         Kyy for projectile
   0.000       50.38    
   1.000       50.43    
   2.000       50.54    
   3.000       50.64    
   4.000       50.62    
   5.000       50.34    
   6.000       49.67    
   7.000       48.49    
   8.000       46.70    
   9.000       44.27    
   10.00       41.21    
   11.00       37.63    
   12.00       33.64    
   13.00       29.43    
   14.00       25.21    
   15.00       21.15    
   16.00       17.44    
   17.00       14.21    
   18.00       11.57    
   19.00       9.529    
   20.00       8.093    
   21.00       7.203    
   22.00       6.773    
   23.00       6.695    
   24.00       6.855    
   25.00       7.139    
   26.00       7.445    
   27.00       7.692    
   28.00       7.819    
   29.00       7.789    
   30.00       7.592    
   31.00       7.234    
   32.00       6.740    
   33.00       6.143    
   34.00       5.485    
   35.00       4.806    
   36.00       4.142    
   37.00       3.526    
   38.00       2.979    
   39.00       2.517    
   40.00       2.146    
   41.00       1.864    
   42.00       1.665    
   43.00       1.537    
   44.00       1.466    
   45.00       1.435    
   46.00       1.430    
   47.00       1.437    
   48.00       1.445    
   49.00       1.445    
   50.00       1.431    
   51.00       1.401    
   52.00       1.355    
   53.00       1.295    
   54.00       1.224    
   55.00       1.145    
   56.00       1.064    
   57.00      0.9832    
   58.00      0.9072    
   59.00      0.8387    
   60.00      0.7794    
   61.00      0.7305    
   62.00      0.6918    
   63.00      0.6625    
   64.00      0.6411    
   65.00      0.6256    
   66.00      0.6138    
   67.00      0.6035    
   68.00      0.5928    
   69.00      0.5800    
   70.00      0.5639    
   71.00      0.5436    
   72.00      0.5186    
   73.00      0.4891    
   74.00      0.4554    
   75.00      0.4181    
   76.00      0.3784    
   77.00      0.3373    
   78.00      0.2962    
   79.00      0.2563    
   80.00      0.2189    
 END
