     0.0   1.496      1
     0.0   2.998     -1
     1.0   13.49      1
     1.0   27.00     -1
     2.0   29.96      1
     2.0   59.99     -1
     3.0   41.95      1
     3.0   83.97     -1
     4.0   53.79      1
     4.0   107.8     -1
     5.0   65.64      1
     5.0   131.2     -1
     6.0   75.93      1
     6.0   152.9     -1
     7.0   85.74      1
     7.0   169.0     -1
     8.0   84.20      1
     8.0   172.2     -1
     9.0   79.68      1
     9.0   157.5     -1
    10.0   63.35      1
    10.0   126.9     -1
    11.0   42.97      1
    11.0   88.83     -1
    12.0   29.48      1
    12.0   54.68     -1
    13.0   13.99      1
    13.0   30.96     -1
    14.0   9.354      1
    14.0   17.00     -1
    15.0   4.149      1
    15.0   9.239     -1
    16.0   2.751      1
    16.0   4.990     -1
    17.0   1.201      1
    17.0   2.680     -1
    18.0  0.7912      1
    18.0   1.432     -1
    19.0  0.3408      1
    19.0  0.7620     -1
    20.0  0.2232      1
    20.0  0.4036     -1
    21.0  0.9512E-01  1
    21.0  0.2130     -1
    22.0  0.6200E-01  1
    22.0  0.1120     -1
    23.0  0.2619E-01  1
    23.0  0.5871E-01 -1
    24.0  0.1700E-01  1
    24.0  0.3068E-01 -1
    25.0  0.7133E-02  1
    25.0  0.1600E-01 -1
    26.0  0.4610E-02  1
    26.0  0.8318E-02 -1
    27.0  0.1924E-02  1
    27.0  0.4315E-02 -1
    28.0  0.1238E-02  1
    28.0  0.2234E-02 -1
    29.0  0.5149E-03  1
    29.0  0.1155E-02 -1
    30.0  0.3303E-03  1
    30.0  0.5958E-03 -1
