     0.0   1.499      1
     0.0   2.997     -1
     1.0   13.51      1
     1.0   27.01     -1
     2.0   30.01      1
     2.0   60.00     -1
     3.0   42.05      1
     3.0   84.02     -1
     4.0   53.93      1
     4.0   107.8     -1
     5.0   65.81      1
     5.0   131.2     -1
     6.0   75.77      1
     6.0   152.4     -1
     7.0   85.20      1
     7.0   167.5     -1
     8.0   83.94      1
     8.0   170.4     -1
     9.0   79.26      1
     9.0   156.9     -1
    10.0   64.12      1
    10.0   128.2     -1
    11.0   43.59      1
    11.0   90.84     -1
    12.0   30.59      1
    12.0   56.15     -1
    13.0   14.17      1
    13.0   31.72     -1
    14.0   9.627      1
    14.0   17.36     -1
    15.0   4.188      1
    15.0   9.401     -1
    16.0   2.807      1
    16.0   5.063     -1
    17.0   1.209      1
    17.0   2.713     -1
    18.0  0.8022      1
    18.0   1.447     -1
    19.0  0.3425      1
    19.0  0.7686     -1
    20.0  0.2254      1
    20.0  0.4066     -1
    21.0  0.9548E-01  1
    21.0  0.2143     -1
    22.0  0.6245E-01  1
    22.0  0.1126     -1
    23.0  0.2627E-01  1
    23.0  0.5898E-01 -1
    24.0  0.1709E-01  1
    24.0  0.3081E-01 -1
    25.0  0.7150E-02  1
    25.0  0.1605E-01 -1
    26.0  0.4629E-02  1
    26.0  0.8345E-02 -1
    27.0  0.1927E-02  1
    27.0  0.4328E-02 -1
    28.0  0.1242E-02  1
    28.0  0.2240E-02 -1
    29.0  0.5151E-03  1
    29.0  0.1157E-02 -1
    30.0  0.3304E-03  1
    30.0  0.5956E-03 -1
