#  81 angles,  1 tensor ranks for 0=projectile
@subtitle   "39K(3He,d)40Ca 21 MeV DWBA ZR 8995 keV Jpi=2+ l=2 n=3 j=5/2"                   
@legend ON
@legend x1 0.2
@legend y1 0.8
@g0 type LOGY
@yaxis ticklabel format power
@legend string   0 "Lab energy =   21.0000"
#legend string   0 "Partition=  2 Excit=  1 near/far= 1"
#  Theta       sigma       iT11        T20         T21         T22         Kyy for projectile
   0.000       24.06    
   1.000       24.09    
   2.000       24.20    
   3.000       24.37    
   4.000       24.59    
   5.000       24.84    
   6.000       25.10    
   7.000       25.32    
   8.000       25.48    
   9.000       25.53    
   10.00       25.44    
   11.00       25.18    
   12.00       24.74    
   13.00       24.09    
   14.00       23.26    
   15.00       22.23    
   16.00       21.04    
   17.00       19.72    
   18.00       18.29    
   19.00       16.79    
   20.00       15.27    
   21.00       13.76    
   22.00       12.31    
   23.00       10.94    
   24.00       9.693    
   25.00       8.581    
   26.00       7.614    
   27.00       6.794    
   28.00       6.113    
   29.00       5.559    
   30.00       5.114    
   31.00       4.758    
   32.00       4.472    
   33.00       4.234    
   34.00       4.028    
   35.00       3.839    
   36.00       3.654    
   37.00       3.466    
   38.00       3.267    
   39.00       3.058    
   40.00       2.837    
   41.00       2.610    
   42.00       2.380    
   43.00       2.153    
   44.00       1.936    
   45.00       1.734    
   46.00       1.551    
   47.00       1.390    
   48.00       1.253    
   49.00       1.142    
   50.00       1.054    
   51.00      0.9883    
   52.00      0.9423    
   53.00      0.9124    
   54.00      0.8948    
   55.00      0.8856    
   56.00      0.8809    
   57.00      0.8772    
   58.00      0.8715    
   59.00      0.8616    
   60.00      0.8459    
   61.00      0.8236    
   62.00      0.7943    
   63.00      0.7585    
   64.00      0.7170    
   65.00      0.6708    
   66.00      0.6213    
   67.00      0.5699    
   68.00      0.5181    
   69.00      0.4674    
   70.00      0.4191    
   71.00      0.3744    
   72.00      0.3340    
   73.00      0.2986    
   74.00      0.2685    
   75.00      0.2435    
   76.00      0.2235    
   77.00      0.2081    
   78.00      0.1966    
   79.00      0.1886    
   80.00      0.1833    
 END
