     0.0   1.500      1
     0.0   3.003     -1
     1.0   13.48      1
     1.0   26.97     -1
     2.0   29.90      1
     2.0   59.89     -1
     3.0   41.91      1
     3.0   83.90     -1
     4.0   53.80      1
     4.0   107.8     -1
     5.0   65.72      1
     5.0   131.3     -1
     6.0   76.02      1
     6.0   153.0     -1
     7.0   85.94      1
     7.0   169.2     -1
     8.0   84.65      1
     8.0   173.0     -1
     9.0   80.86      1
     9.0   159.5     -1
    10.0   64.82      1
    10.0   129.9     -1
    11.0   44.15      1
    11.0   91.72     -1
    12.0   30.72      1
    12.0   56.54     -1
    13.0   14.28      1
    13.0   31.90     -1
    14.0   9.651      1
    14.0   17.43     -1
    15.0   4.211      1
    15.0   9.434     -1
    16.0   2.811      1
    16.0   5.077     -1
    17.0   1.213      1
    17.0   2.719     -1
    18.0  0.8031      1
    18.0   1.450     -1
    19.0  0.3433      1
    19.0  0.7698     -1
    20.0  0.2256      1
    20.0  0.4071     -1
    21.0  0.9563E-01  1
    21.0  0.2146     -1
    22.0  0.6248E-01  1
    22.0  0.1127     -1
    23.0  0.2630E-01  1
    23.0  0.5903E-01 -1
    24.0  0.1710E-01  1
    24.0  0.3083E-01 -1
    25.0  0.7156E-02  1
    25.0  0.1606E-01 -1
    26.0  0.4631E-02  1
    26.0  0.8350E-02 -1
    27.0  0.1929E-02  1
    27.0  0.4331E-02 -1
    28.0  0.1243E-02  1
    28.0  0.2242E-02 -1
    29.0  0.5161E-03  1
    29.0  0.1158E-02 -1
    30.0  0.3313E-03  1
    30.0  0.5975E-03 -1
