#  81 angles,  1 tensor ranks for 0=projectile
@subtitle   "39K(3He,d)40Ca 21 MeV DWBA ZR 7532 keV Jpi=2- l=1 n=3 j=3/2"                   
@legend ON
@legend x1 0.2
@legend y1 0.8
@g0 type LOGY
@yaxis ticklabel format power
@legend string   0 "Lab energy =   21.0000"
#legend string   0 "Partition=  2 Excit=  1 near/far= 1"
#  Theta       sigma       iT11        T20         T21         T22         Kyy for projectile
   0.000       44.32    
   1.000       44.44    
   2.000       44.75    
   3.000       45.18    
   4.000       45.59    
   5.000       45.85    
   6.000       45.77    
   7.000       45.23    
   8.000       44.10    
   9.000       42.32    
   10.00       39.89    
   11.00       36.89    
   12.00       33.42    
   13.00       29.65    
   14.00       25.78    
   15.00       22.00    
   16.00       18.48    
   17.00       15.37    
   18.00       12.77    
   19.00       10.73    
   20.00       9.236    
   21.00       8.258    
   22.00       7.716    
   23.00       7.513    
   24.00       7.539    
   25.00       7.689    
   26.00       7.864    
   27.00       7.984    
   28.00       7.993    
   29.00       7.854    
   30.00       7.556    
   31.00       7.108    
   32.00       6.533    
   33.00       5.867    
   34.00       5.151    
   35.00       4.427    
   36.00       3.732    
   37.00       3.099    
   38.00       2.551    
   39.00       2.104    
   40.00       1.762    
   41.00       1.526    
   42.00       1.385    
   43.00       1.328    
   44.00       1.335    
   45.00       1.390    
   46.00       1.474    
   47.00       1.569    
   48.00       1.660    
   49.00       1.736    
   50.00       1.788    
   51.00       1.812    
   52.00       1.804    
   53.00       1.767    
   54.00       1.702    
   55.00       1.613    
   56.00       1.507    
   57.00       1.388    
   58.00       1.263    
   59.00       1.135    
   60.00       1.011    
   61.00      0.8937    
   62.00      0.7860    
   63.00      0.6897    
   64.00      0.6059    
   65.00      0.5348    
   66.00      0.4758    
   67.00      0.4280    
   68.00      0.3901    
   69.00      0.3607    
   70.00      0.3383    
   71.00      0.3216    
   72.00      0.3091    
   73.00      0.2996    
   74.00      0.2920    
   75.00      0.2856    
   76.00      0.2797    
   77.00      0.2739    
   78.00      0.2678    
   79.00      0.2615    
   80.00      0.2548    
 END
