#  81 angles,  1 tensor ranks for 0=projectile
@subtitle   "39K(3He,d)40Ca 21 MeV DWBA ZR 8359 keV Jpi=2- l=3 n=2 j=7/2"                   
@legend ON
@legend x1 0.2
@legend y1 0.8
@g0 type LOGY
@yaxis ticklabel format power
@legend string   0 "Lab energy =   21.0000"
#legend string   0 "Partition=  2 Excit=  1 near/far= 1"
#  Theta       sigma       iT11        T20         T21         T22         Kyy for projectile
   0.000       9.512    
   1.000       9.531    
   2.000       9.589    
   3.000       9.681    
   4.000       9.802    
   5.000       9.946    
   6.000       10.10    
   7.000       10.27    
   8.000       10.43    
   9.000       10.58    
   10.00       10.71    
   11.00       10.81    
   12.00       10.87    
   13.00       10.88    
   14.00       10.83    
   15.00       10.73    
   16.00       10.55    
   17.00       10.31    
   18.00       9.994    
   19.00       9.610    
   20.00       9.162    
   21.00       8.658    
   22.00       8.109    
   23.00       7.525    
   24.00       6.918    
   25.00       6.303    
   26.00       5.691    
   27.00       5.095    
   28.00       4.526    
   29.00       3.995    
   30.00       3.511    
   31.00       3.080    
   32.00       2.706    
   33.00       2.390    
   34.00       2.131    
   35.00       1.924    
   36.00       1.765    
   37.00       1.647    
   38.00       1.563    
   39.00       1.503    
   40.00       1.462    
   41.00       1.433    
   42.00       1.408    
   43.00       1.383    
   44.00       1.353    
   45.00       1.315    
   46.00       1.268    
   47.00       1.210    
   48.00       1.143    
   49.00       1.068    
   50.00      0.9865    
   51.00      0.9009    
   52.00      0.8139    
   53.00      0.7282    
   54.00      0.6458    
   55.00      0.5689    
   56.00      0.4988    
   57.00      0.4367    
   58.00      0.3832    
   59.00      0.3386    
   60.00      0.3027    
   61.00      0.2749    
   62.00      0.2545    
   63.00      0.2402    
   64.00      0.2310    
   65.00      0.2255    
   66.00      0.2225    
   67.00      0.2210    
   68.00      0.2199    
   69.00      0.2186    
   70.00      0.2165    
   71.00      0.2132    
   72.00      0.2086    
   73.00      0.2025    
   74.00      0.1950    
   75.00      0.1863    
   76.00      0.1767    
   77.00      0.1665    
   78.00      0.1560    
   79.00      0.1457    
   80.00      0.1359    
 END
