#  81 angles,  1 tensor ranks for 0=projectile
@subtitle   "39K(3He,d)40Ca 21 MeV DWBA ZR 7658 keV Jpi=4- l=3 n=1 j=5/2"                   
@legend ON
@legend x1 0.2
@legend y1 0.8
@g0 type LOGY
@yaxis ticklabel format power
@legend string   0 "Lab energy =   21.0000"
#legend string   0 "Partition=  2 Excit=  1 near/far= 1"
#  Theta       sigma       iT11        T20         T21         T22         Kyy for projectile
   0.000       4.582    
   1.000       4.595    
   2.000       4.635    
   3.000       4.700    
   4.000       4.790    
   5.000       4.903    
   6.000       5.037    
   7.000       5.188    
   8.000       5.352    
   9.000       5.526    
   10.00       5.703    
   11.00       5.877    
   12.00       6.039    
   13.00       6.182    
   14.00       6.297    
   15.00       6.375    
   16.00       6.410    
   17.00       6.395    
   18.00       6.325    
   19.00       6.198    
   20.00       6.014    
   21.00       5.773    
   22.00       5.480    
   23.00       5.141    
   24.00       4.765    
   25.00       4.362    
   26.00       3.944    
   27.00       3.523    
   28.00       3.111    
   29.00       2.720    
   30.00       2.358    
   31.00       2.033    
   32.00       1.751    
   33.00       1.512    
   34.00       1.318    
   35.00       1.167    
   36.00       1.055    
   37.00      0.9768    
   38.00      0.9277    
   39.00      0.9014    
   40.00      0.8916    
   41.00      0.8922    
   42.00      0.8974    
   43.00      0.9024    
   44.00      0.9032    
   45.00      0.8967    
   46.00      0.8812    
   47.00      0.8561    
   48.00      0.8215    
   49.00      0.7785    
   50.00      0.7286    
   51.00      0.6739    
   52.00      0.6163    
   53.00      0.5577    
   54.00      0.5000    
   55.00      0.4447    
   56.00      0.3931    
   57.00      0.3460    
   58.00      0.3041    
   59.00      0.2678    
   60.00      0.2371    
   61.00      0.2117    
   62.00      0.1913    
   63.00      0.1752    
   64.00      0.1628    
   65.00      0.1534    
   66.00      0.1463    
   67.00      0.1407    
   68.00      0.1363    
   69.00      0.1325    
   70.00      0.1291    
   71.00      0.1258    
   72.00      0.1226    
   73.00      0.1193    
   74.00      0.1161    
   75.00      0.1129    
   76.00      0.1098    
   77.00      0.1069    
   78.00      0.1042    
   79.00      0.1019    
   80.00      0.9983E-01
 END
