#  81 angles,  1 tensor ranks for 0=projectile
@subtitle   "39K(3He,d)40Ca 21 MeV DWBA ZR 8359 keV Jpi=1- l=1 n=2 j=3/2"                   
@legend ON
@legend x1 0.2
@legend y1 0.8
@g0 type LOGY
@yaxis ticklabel format power
@xaxis label "Scattering angle (degrees)"
@yaxis label "Cross section (mb/sr)"
@legend string   0 "Partition=  1 Excit=  1 near/far= 1"
#legend string   0 "Lab energy =   21.0000"
@s0 linestyle   1
#  Theta       sigma       iT11        T20         T21         T22         Kyy for projectile
  0.1000E-01   1.000    
   1.000      0.9997    
   2.000       1.001    
   3.000      0.9801    
   4.000      0.9937    
   5.000       1.036    
   6.000       1.069    
   7.000       1.070    
   8.000       1.043    
   9.000       1.001    
   10.00      0.9589    
   11.00      0.9259    
   12.00      0.9030    
   13.00      0.8865    
   14.00      0.8704    
   15.00      0.8486    
   16.00      0.8173    
   17.00      0.7752    
   18.00      0.7238    
   19.00      0.6664    
   20.00      0.6075    
   21.00      0.5518    
   22.00      0.5029    
   23.00      0.4636    
   24.00      0.4347    
   25.00      0.4158    
   26.00      0.4051    
   27.00      0.3999    
   28.00      0.3972    
   29.00      0.3941    
   30.00      0.3882    
   31.00      0.3777    
   32.00      0.3620    
   33.00      0.3412    
   34.00      0.3163    
   35.00      0.2889    
   36.00      0.2608    
   37.00      0.2340    
   38.00      0.2104    
   39.00      0.1911    
   40.00      0.1770    
   41.00      0.1682    
   42.00      0.1644    
   43.00      0.1646    
   44.00      0.1677    
   45.00      0.1721    
   46.00      0.1765    
   47.00      0.1796    
   48.00      0.1803    
   49.00      0.1779    
   50.00      0.1722    
   51.00      0.1633    
   52.00      0.1516    
   53.00      0.1378    
   54.00      0.1229    
   55.00      0.1077    
   56.00      0.9318E-01
   57.00      0.8011E-01
   58.00      0.6912E-01
   59.00      0.6059E-01
   60.00      0.5467E-01
   61.00      0.5129E-01
   62.00      0.5018E-01
   63.00      0.5093E-01
   64.00      0.5301E-01
   65.00      0.5587E-01
   66.00      0.5895E-01
   67.00      0.6177E-01
   68.00      0.6392E-01
   69.00      0.6510E-01
   70.00      0.6515E-01
   71.00      0.6402E-01
   72.00      0.6176E-01
   73.00      0.5853E-01
   74.00      0.5453E-01
   75.00      0.5000E-01
   76.00      0.4522E-01
   77.00      0.4042E-01
   78.00      0.3583E-01
   79.00      0.3163E-01
   80.00      0.2793E-01
 END
@legend string   1 "Partition=  2 Excit=  1 near/far= 1"
#legend string   0 "Lab energy =   21.0000"
@s1 linestyle   2
#  Theta       sigma       iT11        T20         T21         T22         Kyy for projectile
   0.000       14.96    
   1.000       14.95    
   2.000       14.91    
   3.000       14.84    
   4.000       14.70    
   5.000       14.49    
   6.000       14.17    
   7.000       13.73    
   8.000       13.15    
   9.000       12.45    
   10.00       11.62    
   11.00       10.69    
   12.00       9.685    
   13.00       8.653    
   14.00       7.630    
   15.00       6.657    
   16.00       5.772    
   17.00       5.001    
   18.00       4.362    
   19.00       3.864    
   20.00       3.501    
   21.00       3.260    
   22.00       3.120    
   23.00       3.056    
   24.00       3.041    
   25.00       3.050    
   26.00       3.058    
   27.00       3.049    
   28.00       3.009    
   29.00       2.931    
   30.00       2.812    
   31.00       2.655    
   32.00       2.465    
   33.00       2.252    
   34.00       2.025    
   35.00       1.794    
   36.00       1.570    
   37.00       1.359    
   38.00       1.169    
   39.00       1.004    
   40.00      0.8651    
   41.00      0.7534    
   42.00      0.6673    
   43.00      0.6039    
   44.00      0.5598    
   45.00      0.5311    
   46.00      0.5136    
   47.00      0.5034    
   48.00      0.4972    
   49.00      0.4922    
   50.00      0.4862    
   51.00      0.4778    
   52.00      0.4663    
   53.00      0.4515    
   54.00      0.4337    
   55.00      0.4136    
   56.00      0.3919    
   57.00      0.3697    
   58.00      0.3478    
   59.00      0.3271    
   60.00      0.3081    
   61.00      0.2914    
   62.00      0.2771    
   63.00      0.2654    
   64.00      0.2561    
   65.00      0.2490    
   66.00      0.2436    
   67.00      0.2395    
   68.00      0.2362    
   69.00      0.2333    
   70.00      0.2302    
   71.00      0.2267    
   72.00      0.2224    
   73.00      0.2172    
   74.00      0.2108    
   75.00      0.2034    
   76.00      0.1948    
   77.00      0.1853    
   78.00      0.1750    
   79.00      0.1641    
   80.00      0.1528    
 END
