     0.0   1.503      1
     0.0   3.006     -1
     1.0   13.52      1
     1.0   27.05     -1
     2.0   30.05      1
     2.0   60.10     -1
     3.0   42.05      1
     3.0   84.10     -1
     4.0   53.98      1
     4.0   108.0     -1
     5.0   65.88      1
     5.0   131.5     -1
     6.0   76.30      1
     6.0   153.5     -1
     7.0   86.36      1
     7.0   169.9     -1
     8.0   85.14      1
     8.0   173.9     -1
     9.0   81.01      1
     9.0   160.1     -1
    10.0   65.05      1
    10.0   130.2     -1
    11.0   44.14      1
    11.0   91.83     -1
    12.0   30.77      1
    12.0   56.58     -1
    13.0   14.27      1
    13.0   31.91     -1
    14.0   9.658      1
    14.0   17.43     -1
    15.0   4.207      1
    15.0   9.433     -1
    16.0   2.812      1
    16.0   5.076     -1
    17.0   1.212      1
    17.0   2.718     -1
    18.0  0.8031      1
    18.0   1.449     -1
    19.0  0.3430      1
    19.0  0.7695     -1
    20.0  0.2256      1
    20.0  0.4070     -1
    21.0  0.9557E-01  1
    21.0  0.2145     -1
    22.0  0.6247E-01  1
    22.0  0.1127     -1
    23.0  0.2629E-01  1
    23.0  0.5901E-01 -1
    24.0  0.1709E-01  1
    24.0  0.3082E-01 -1
    25.0  0.7151E-02  1
    25.0  0.1606E-01 -1
    26.0  0.4628E-02  1
    26.0  0.8344E-02 -1
    27.0  0.1927E-02  1
    27.0  0.4326E-02 -1
    28.0  0.1242E-02  1
    28.0  0.2238E-02 -1
    29.0  0.5146E-03  1
    29.0  0.1155E-02 -1
    30.0  0.3292E-03  1
    30.0  0.5935E-03 -1
