#  81 angles,  1 tensor ranks for 0=projectile
@subtitle   "39K(3He,d)40Ca 21 MeV DWBA ZR 9432 keV Jpi=4- l=3 n=1 j=5/2"                   
@legend ON
@legend x1 0.2
@legend y1 0.8
@g0 type LOGY
@yaxis ticklabel format power
@legend string   0 "Lab energy =   21.0000"
#legend string   0 "Partition=  2 Excit=  1 near/far= 1"
#  Theta       sigma       iT11        T20         T21         T22         Kyy for projectile
   0.000       5.276    
   1.000       5.284    
   2.000       5.311    
   3.000       5.353    
   4.000       5.411    
   5.000       5.482    
   6.000       5.562    
   7.000       5.647    
   8.000       5.732    
   9.000       5.812    
   10.00       5.881    
   11.00       5.934    
   12.00       5.966    
   13.00       5.974    
   14.00       5.953    
   15.00       5.900    
   16.00       5.814    
   17.00       5.692    
   18.00       5.534    
   19.00       5.340    
   20.00       5.111    
   21.00       4.852    
   22.00       4.567    
   23.00       4.261    
   24.00       3.942    
   25.00       3.615    
   26.00       3.288    
   27.00       2.968    
   28.00       2.661    
   29.00       2.372    
   30.00       2.106    
   31.00       1.865    
   32.00       1.654    
   33.00       1.472    
   34.00       1.320    
   35.00       1.197    
   36.00       1.100    
   37.00       1.027    
   38.00      0.9741    
   39.00      0.9371    
   40.00      0.9124    
   41.00      0.8962    
   42.00      0.8848    
   43.00      0.8753    
   44.00      0.8649    
   45.00      0.8517    
   46.00      0.8342    
   47.00      0.8115    
   48.00      0.7831    
   49.00      0.7492    
   50.00      0.7102    
   51.00      0.6672    
   52.00      0.6210    
   53.00      0.5730    
   54.00      0.5244    
   55.00      0.4765    
   56.00      0.4301    
   57.00      0.3864    
   58.00      0.3459    
   59.00      0.3091    
   60.00      0.2763    
   61.00      0.2476    
   62.00      0.2229    
   63.00      0.2020    
   64.00      0.1846    
   65.00      0.1704    
   66.00      0.1588    
   67.00      0.1495    
   68.00      0.1420    
   69.00      0.1359    
   70.00      0.1308    
   71.00      0.1263    
   72.00      0.1223    
   73.00      0.1185    
   74.00      0.1148    
   75.00      0.1111    
   76.00      0.1075    
   77.00      0.1040    
   78.00      0.1005    
   79.00      0.9711E-01
   80.00      0.9386E-01
 END
