     0.0   1.503      1
     0.0   3.005     -1
     1.0   13.52      1
     1.0   27.05     -1
     2.0   30.05      1
     2.0   60.10     -1
     3.0   42.06      1
     3.0   84.11     -1
     4.0   53.98      1
     4.0   108.0     -1
     5.0   65.90      1
     5.0   131.6     -1
     6.0   76.30      1
     6.0   153.5     -1
     7.0   86.36      1
     7.0   170.0     -1
     8.0   85.13      1
     8.0   173.9     -1
     9.0   80.99      1
     9.0   160.0     -1
    10.0   64.88      1
    10.0   130.0     -1
    11.0   44.20      1
    11.0   91.78     -1
    12.0   30.72      1
    12.0   56.57     -1
    13.0   14.29      1
    13.0   31.91     -1
    14.0   9.649      1
    14.0   17.43     -1
    15.0   4.211      1
    15.0   9.432     -1
    16.0   2.810      1
    16.0   5.076     -1
    17.0   1.213      1
    17.0   2.718     -1
    18.0  0.8026      1
    18.0   1.449     -1
    19.0  0.3432      1
    19.0  0.7694     -1
    20.0  0.2255      1
    20.0  0.4069     -1
    21.0  0.9560E-01  1
    21.0  0.2145     -1
    22.0  0.6245E-01  1
    22.0  0.1127     -1
    23.0  0.2629E-01  1
    23.0  0.5901E-01 -1
    24.0  0.1709E-01  1
    24.0  0.3082E-01 -1
    25.0  0.7154E-02  1
    25.0  0.1606E-01 -1
    26.0  0.4629E-02  1
    26.0  0.8348E-02 -1
    27.0  0.1929E-02  1
    27.0  0.4330E-02 -1
    28.0  0.1243E-02  1
    28.0  0.2242E-02 -1
    29.0  0.5160E-03  1
    29.0  0.1158E-02 -1
    30.0  0.3312E-03  1
    30.0  0.5974E-03 -1
