#  81 angles,  1 tensor ranks for 0=projectile
@subtitle   "39K(3He,d)40Ca 21 MeV DWBA ZR 8484 keV Jpi=2- l=3 n=1 j=5/2"                   
@legend ON
@legend x1 0.2
@legend y1 0.8
@g0 type LOGY
@yaxis ticklabel format power
@xaxis label "Scattering angle (degrees)"
@yaxis label "Cross section (mb/sr)"
@legend string   0 "Partition=  1 Excit=  1 near/far= 1"
#legend string   0 "Lab energy =   21.0000"
@s0 linestyle   1
#  Theta       sigma       iT11        T20         T21         T22         Kyy for projectile
  0.1000E-01   1.000    
   1.000      0.9997    
   2.000       1.001    
   3.000      0.9801    
   4.000      0.9937    
   5.000       1.036    
   6.000       1.069    
   7.000       1.070    
   8.000       1.043    
   9.000       1.001    
   10.00      0.9589    
   11.00      0.9259    
   12.00      0.9030    
   13.00      0.8865    
   14.00      0.8704    
   15.00      0.8486    
   16.00      0.8173    
   17.00      0.7752    
   18.00      0.7238    
   19.00      0.6664    
   20.00      0.6075    
   21.00      0.5518    
   22.00      0.5029    
   23.00      0.4636    
   24.00      0.4347    
   25.00      0.4158    
   26.00      0.4051    
   27.00      0.3999    
   28.00      0.3972    
   29.00      0.3941    
   30.00      0.3882    
   31.00      0.3777    
   32.00      0.3620    
   33.00      0.3412    
   34.00      0.3163    
   35.00      0.2889    
   36.00      0.2608    
   37.00      0.2340    
   38.00      0.2104    
   39.00      0.1911    
   40.00      0.1770    
   41.00      0.1682    
   42.00      0.1644    
   43.00      0.1646    
   44.00      0.1677    
   45.00      0.1721    
   46.00      0.1765    
   47.00      0.1796    
   48.00      0.1803    
   49.00      0.1779    
   50.00      0.1722    
   51.00      0.1633    
   52.00      0.1516    
   53.00      0.1378    
   54.00      0.1229    
   55.00      0.1077    
   56.00      0.9318E-01
   57.00      0.8011E-01
   58.00      0.6912E-01
   59.00      0.6059E-01
   60.00      0.5467E-01
   61.00      0.5129E-01
   62.00      0.5018E-01
   63.00      0.5093E-01
   64.00      0.5301E-01
   65.00      0.5587E-01
   66.00      0.5895E-01
   67.00      0.6177E-01
   68.00      0.6392E-01
   69.00      0.6510E-01
   70.00      0.6515E-01
   71.00      0.6402E-01
   72.00      0.6176E-01
   73.00      0.5853E-01
   74.00      0.5453E-01
   75.00      0.5000E-01
   76.00      0.4522E-01
   77.00      0.4042E-01
   78.00      0.3583E-01
   79.00      0.3163E-01
   80.00      0.2793E-01
 END
@legend string   1 "Partition=  2 Excit=  1 near/far= 1"
#legend string   0 "Lab energy =   21.0000"
@s1 linestyle   2
#  Theta       sigma       iT11        T20         T21         T22         Kyy for projectile
   0.000       3.274    
   1.000       3.282    
   2.000       3.306    
   3.000       3.345    
   4.000       3.397    
   5.000       3.461    
   6.000       3.534    
   7.000       3.613    
   8.000       3.695    
   9.000       3.776    
   10.00       3.853    
   11.00       3.922    
   12.00       3.979    
   13.00       4.019    
   14.00       4.039    
   15.00       4.036    
   16.00       4.006    
   17.00       3.947    
   18.00       3.857    
   19.00       3.737    
   20.00       3.588    
   21.00       3.413    
   22.00       3.214    
   23.00       2.998    
   24.00       2.767    
   25.00       2.529    
   26.00       2.289    
   27.00       2.052    
   28.00       1.823    
   29.00       1.608    
   30.00       1.410    
   31.00       1.232    
   32.00       1.077    
   33.00      0.9450    
   34.00      0.8368    
   35.00      0.7508    
   36.00      0.6853    
   37.00      0.6375    
   38.00      0.6045    
   39.00      0.5832    
   40.00      0.5705    
   41.00      0.5633    
   42.00      0.5589    
   43.00      0.5551    
   44.00      0.5499    
   45.00      0.5419    
   46.00      0.5299    
   47.00      0.5135    
   48.00      0.4927    
   49.00      0.4678    
   50.00      0.4394    
   51.00      0.4083    
   52.00      0.3756    
   53.00      0.3422    
   54.00      0.3090    
   55.00      0.2770    
   56.00      0.2467    
   57.00      0.2188    
   58.00      0.1935    
   59.00      0.1712    
   60.00      0.1519    
   61.00      0.1355    
   62.00      0.1219    
   63.00      0.1109    
   64.00      0.1021    
   65.00      0.9515E-01
   66.00      0.8971E-01
   67.00      0.8541E-01
   68.00      0.8195E-01
   69.00      0.7906E-01
   70.00      0.7656E-01
   71.00      0.7427E-01
   72.00      0.7209E-01
   73.00      0.6996E-01
   74.00      0.6784E-01
   75.00      0.6572E-01
   76.00      0.6362E-01
   77.00      0.6155E-01
   78.00      0.5956E-01
   79.00      0.5768E-01
   80.00      0.5595E-01
 END
