     0.0   1.497      1
     0.0   2.990     -1
     1.0   13.42      1
     1.0   26.91     -1
     2.0   29.89      1
     2.0   59.84     -1
     3.0   41.81      1
     3.0   83.75     -1
     4.0   53.71      1
     4.0   107.6     -1
     5.0   65.52      1
     5.0   131.0     -1
     6.0   75.95      1
     6.0   152.8     -1
     7.0   85.80      1
     7.0   169.1     -1
     8.0   84.47      1
     8.0   172.6     -1
     9.0   79.78      1
     9.0   158.0     -1
    10.0   64.00      1
    10.0   127.5     -1
    11.0   42.89      1
    11.0   89.51     -1
    12.0   30.01      1
    12.0   55.15     -1
    13.0   13.96      1
    13.0   31.20     -1
    14.0   9.476      1
    14.0   17.11     -1
    15.0   4.143      1
    15.0   9.287     -1
    16.0   2.775      1
    16.0   5.011     -1
    17.0   1.200      1
    17.0   2.690     -1
    18.0  0.7959      1
    18.0   1.437     -1
    19.0  0.3406      1
    19.0  0.7639     -1
    20.0  0.2242      1
    20.0  0.4045     -1
    21.0  0.9509E-01  1
    21.0  0.2134     -1
    22.0  0.6220E-01  1
    22.0  0.1122     -1
    23.0  0.2619E-01  1
    23.0  0.5879E-01 -1
    24.0  0.1704E-01  1
    24.0  0.3073E-01 -1
    25.0  0.7136E-02  1
    25.0  0.1602E-01 -1
    26.0  0.4621E-02  1
    26.0  0.8332E-02 -1
    27.0  0.1926E-02  1
    27.0  0.4323E-02 -1
    28.0  0.1242E-02  1
    28.0  0.2239E-02 -1
    29.0  0.5158E-03  1
    29.0  0.1158E-02 -1
    30.0  0.3312E-03  1
    30.0  0.5974E-03 -1
