#  81 angles,  1 tensor ranks for 0=projectile
@subtitle   "39K(3He,d)40Ca 21 MeV DWBA ZR 8188 keV Jpi=4+ l=2 n=3 j=5/2"                   
@legend ON
@legend x1 0.2
@legend y1 0.8
@g0 type LOGY
@yaxis ticklabel format power
@legend string   0 "Lab energy =   21.0000"
#legend string   0 "Partition=  2 Excit=  1 near/far= 1"
#  Theta       sigma       iT11        T20         T21         T22         Kyy for projectile
   0.000       52.48    
   1.000       52.59    
   2.000       52.90    
   3.000       53.41    
   4.000       54.06    
   5.000       54.84    
   6.000       55.65    
   7.000       56.44    
   8.000       57.11    
   9.000       57.56    
   10.00       57.69    
   11.00       57.41    
   12.00       56.67    
   13.00       55.41    
   14.00       53.62    
   15.00       51.32    
   16.00       48.55    
   17.00       45.39    
   18.00       41.93    
   19.00       38.27    
   20.00       34.54    
   21.00       30.84    
   22.00       27.29    
   23.00       23.96    
   24.00       20.95    
   25.00       18.30    
   26.00       16.03    
   27.00       14.14    
   28.00       12.62    
   29.00       11.43    
   30.00       10.52    
   31.00       9.826    
   32.00       9.302    
   33.00       8.888    
   34.00       8.536    
   35.00       8.205    
   36.00       7.865    
   37.00       7.495    
   38.00       7.084    
   39.00       6.630    
   40.00       6.139    
   41.00       5.621    
   42.00       5.093    
   43.00       4.569    
   44.00       4.067    
   45.00       3.600    
   46.00       3.180    
   47.00       2.816    
   48.00       2.512    
   49.00       2.268    
   50.00       2.082    
   51.00       1.948    
   52.00       1.860    
   53.00       1.808    
   54.00       1.781    
   55.00       1.771    
   56.00       1.768    
   57.00       1.764    
   58.00       1.753    
   59.00       1.730    
   60.00       1.692    
   61.00       1.638    
   62.00       1.569    
   63.00       1.486    
   64.00       1.391    
   65.00       1.287    
   66.00       1.179    
   67.00       1.068    
   68.00      0.9595    
   69.00      0.8560    
   70.00      0.7603    
   71.00      0.6747    
   72.00      0.6003    
   73.00      0.5377    
   74.00      0.4870    
   75.00      0.4475    
   76.00      0.4180    
   77.00      0.3973    
   78.00      0.3838    
   79.00      0.3760    
   80.00      0.3722    
 END
