     0.0   1.502      1
     0.0   2.992     -1
     1.0   13.50      1
     1.0   26.98     -1
     2.0   30.01      1
     2.0   59.94     -1
     3.0   41.98      1
     3.0   83.88     -1
     4.0   53.91      1
     4.0   107.7     -1
     5.0   65.76      1
     5.0   131.2     -1
     6.0   76.17      1
     6.0   152.9     -1
     7.0   85.90      1
     7.0   168.9     -1
     8.0   84.29      1
     8.0   171.7     -1
     9.0   78.34      1
     9.0   155.3     -1
    10.0   62.70      1
    10.0   122.8     -1
    11.0   39.39      1
    11.0   83.66     -1
    12.0   27.89      1
    12.0   50.98     -1
    13.0   12.95      1
    13.0   28.98     -1
    14.0   8.893      1
    14.0   16.06     -1
    15.0   3.927      1
    15.0   8.803     -1
    16.0   2.653      1
    16.0   4.790     -1
    17.0   1.155      1
    17.0   2.589     -1
    18.0  0.7707      1
    18.0   1.391     -1
    19.0  0.3312      1
    19.0  0.7431     -1
    20.0  0.2190      1
    20.0  0.3950     -1
    21.0  0.9316E-01  1
    21.0  0.2091     -1
    22.0  0.6112E-01  1
    22.0  0.1102     -1
    23.0  0.2578E-01  1
    23.0  0.5789E-01 -1
    24.0  0.1681E-01  1
    24.0  0.3031E-01 -1
    25.0  0.7043E-02  1
    25.0  0.1582E-01 -1
    26.0  0.4569E-02  1
    26.0  0.8234E-02 -1
    27.0  0.1904E-02  1
    27.0  0.4276E-02 -1
    28.0  0.1229E-02  1
    28.0  0.2215E-02 -1
    29.0  0.5085E-03  1
    29.0  0.1143E-02 -1
    30.0  0.3270E-03  1
    30.0  0.5889E-03 -1
