#  81 angles,  1 tensor ranks for 0=projectile
@subtitle   "39K(3He,d)40Ca 21 MeV DWBA ZR 9226.69 keV Jpi=1- l=1 n=2 j=1/2"                
@legend ON
@legend x1 0.2
@legend y1 0.8
@g0 type LOGY
@yaxis ticklabel format power
@legend string   0 "Lab energy =   21.0000"
#legend string   0 "Partition=  2 Excit=  1 near/far= 1"
#  Theta       sigma       iT11        T20         T21         T22         Kyy for projectile
   0.000       11.02    
   1.000       10.99    
   2.000       10.88    
   3.000       10.70    
   4.000       10.44    
   5.000       10.10    
   6.000       9.684    
   7.000       9.188    
   8.000       8.619    
   9.000       7.987    
   10.00       7.306    
   11.00       6.596    
   12.00       5.879    
   13.00       5.180    
   14.00       4.520    
   15.00       3.923    
   16.00       3.404    
   17.00       2.975    
   18.00       2.641    
   19.00       2.401    
   20.00       2.248    
   21.00       2.170    
   22.00       2.152    
   23.00       2.177    
   24.00       2.228    
   25.00       2.287    
   26.00       2.341    
   27.00       2.376    
   28.00       2.385    
   29.00       2.361    
   30.00       2.303    
   31.00       2.213    
   32.00       2.093    
   33.00       1.949    
   34.00       1.789    
   35.00       1.618    
   36.00       1.443    
   37.00       1.272    
   38.00       1.108    
   39.00      0.9560    
   40.00      0.8188    
   41.00      0.6978    
   42.00      0.5936    
   43.00      0.5058    
   44.00      0.4334    
   45.00      0.3749    
   46.00      0.3285    
   47.00      0.2923    
   48.00      0.2645    
   49.00      0.2434    
   50.00      0.2277    
   51.00      0.2162    
   52.00      0.2081    
   53.00      0.2029    
   54.00      0.2000    
   55.00      0.1992    
   56.00      0.2002    
   57.00      0.2030    
   58.00      0.2074    
   59.00      0.2132    
   60.00      0.2200    
   61.00      0.2277    
   62.00      0.2357    
   63.00      0.2438    
   64.00      0.2513    
   65.00      0.2579    
   66.00      0.2631    
   67.00      0.2665    
   68.00      0.2677    
   69.00      0.2666    
   70.00      0.2629    
   71.00      0.2566    
   72.00      0.2477    
   73.00      0.2366    
   74.00      0.2233    
   75.00      0.2082    
   76.00      0.1918    
   77.00      0.1743    
   78.00      0.1564    
   79.00      0.1385    
   80.00      0.1209    
 END
