#  81 angles,  1 tensor ranks for 0=projectile
@subtitle   "39K(3He,d)40Ca 21 MeV DWBA ZR 7623 keV Jpi=3- l=3 n=1 j=5/2"                   
@legend ON
@legend x1 0.2
@legend y1 0.8
@g0 type LOGY
@yaxis ticklabel format power
@legend string   0 "Lab energy =   21.0000"
#legend string   0 "Partition=  2 Excit=  1 near/far= 1"
#  Theta       sigma       iT11        T20         T21         T22         Kyy for projectile
   0.000       3.518    
   1.000       3.529    
   2.000       3.561    
   3.000       3.613    
   4.000       3.685    
   5.000       3.774    
   6.000       3.878    
   7.000       3.996    
   8.000       4.124    
   9.000       4.260    
   10.00       4.398    
   11.00       4.535    
   12.00       4.665    
   13.00       4.780    
   14.00       4.874    
   15.00       4.939    
   16.00       4.970    
   17.00       4.960    
   18.00       4.907    
   19.00       4.808    
   20.00       4.662    
   21.00       4.474    
   22.00       4.245    
   23.00       3.982    
   24.00       3.691    
   25.00       3.381    
   26.00       3.059    
   27.00       2.735    
   28.00       2.417    
   29.00       2.114    
   30.00       1.832    
   31.00       1.579    
   32.00       1.357    
   33.00       1.171    
   34.00       1.020    
   35.00      0.9021    
   36.00      0.8156    
   37.00      0.7561    
   38.00      0.7187    
   39.00      0.6986    
   40.00      0.6906    
   41.00      0.6903    
   42.00      0.6934    
   43.00      0.6965    
   44.00      0.6967    
   45.00      0.6920    
   46.00      0.6809    
   47.00      0.6626    
   48.00      0.6371    
   49.00      0.6049    
   50.00      0.5670    
   51.00      0.5247    
   52.00      0.4797    
   53.00      0.4336    
   54.00      0.3880    
   55.00      0.3443    
   56.00      0.3036    
   57.00      0.2668    
   58.00      0.2343    
   59.00      0.2063    
   60.00      0.1828    
   61.00      0.1634    
   62.00      0.1479    
   63.00      0.1356    
   64.00      0.1261    
   65.00      0.1188    
   66.00      0.1133    
   67.00      0.1091    
   68.00      0.1057    
   69.00      0.1029    
   70.00      0.1004    
   71.00      0.9795E-01
   72.00      0.9550E-01
   73.00      0.9300E-01
   74.00      0.9045E-01
   75.00      0.8790E-01
   76.00      0.8540E-01
   77.00      0.8304E-01
   78.00      0.8088E-01
   79.00      0.7898E-01
   80.00      0.7735E-01
 END
