     0.0   1.494      1
     0.0   2.991     -1
     1.0   13.48      1
     1.0   26.98     -1
     2.0   29.96      1
     2.0   59.97     -1
     3.0   41.96      1
     3.0   83.99     -1
     4.0   53.88      1
     4.0   107.9     -1
     5.0   65.78      1
     5.0   131.3     -1
     6.0   76.05      1
     6.0   153.1     -1
     7.0   86.02      1
     7.0   169.3     -1
     8.0   84.97      1
     8.0   173.4     -1
     9.0   80.98      1
     9.0   159.9     -1
    10.0   65.14      1
    10.0   130.3     -1
    11.0   44.21      1
    11.0   92.01     -1
    12.0   30.84      1
    12.0   56.69     -1
    13.0   14.30      1
    13.0   31.96     -1
    14.0   9.674      1
    14.0   17.46     -1
    15.0   4.212      1
    15.0   9.445     -1
    16.0   2.815      1
    16.0   5.082     -1
    17.0   1.214      1
    17.0   2.721     -1
    18.0  0.8037      1
    18.0   1.451     -1
    19.0  0.3433      1
    19.0  0.7701     -1
    20.0  0.2257      1
    20.0  0.4072     -1
    21.0  0.9563E-01  1
    21.0  0.2146     -1
    22.0  0.6250E-01  1
    22.0  0.1127     -1
    23.0  0.2630E-01  1
    23.0  0.5904E-01 -1
    24.0  0.1710E-01  1
    24.0  0.3084E-01 -1
    25.0  0.7156E-02  1
    25.0  0.1607E-01 -1
    26.0  0.4631E-02  1
    26.0  0.8351E-02 -1
    27.0  0.1929E-02  1
    27.0  0.4332E-02 -1
    28.0  0.1244E-02  1
    28.0  0.2242E-02 -1
    29.0  0.5161E-03  1
    29.0  0.1159E-02 -1
    30.0  0.3314E-03  1
    30.0  0.5976E-03 -1
