#  81 angles,  1 tensor ranks for 0=projectile
@subtitle   "39K(3He,d)40Ca 21 MeV DWBA ZR 8995 keV Jpi=1- l=1 n=3 j=1/2"                   
@legend ON
@legend x1 0.2
@legend y1 0.8
@g0 type LOGY
@yaxis ticklabel format power
@legend string   0 "Lab energy =   21.0000"
#legend string   0 "Partition=  2 Excit=  1 near/far= 1"
#  Theta       sigma       iT11        T20         T21         T22         Kyy for projectile
   0.000       22.54    
   1.000       22.47    
   2.000       22.27    
   3.000       21.91    
   4.000       21.41    
   5.000       20.74    
   6.000       19.91    
   7.000       18.92    
   8.000       17.77    
   9.000       16.48    
   10.00       15.08    
   11.00       13.59    
   12.00       12.07    
   13.00       10.56    
   14.00       9.110    
   15.00       7.766    
   16.00       6.566    
   17.00       5.539    
   18.00       4.701    
   19.00       4.054    
   20.00       3.589    
   21.00       3.286    
   22.00       3.117    
   23.00       3.052    
   24.00       3.056    
   25.00       3.098    
   26.00       3.150    
   27.00       3.188    
   28.00       3.195    
   29.00       3.160    
   30.00       3.080    
   31.00       2.953    
   32.00       2.787    
   33.00       2.588    
   34.00       2.368    
   35.00       2.137    
   36.00       1.908    
   37.00       1.688    
   38.00       1.485    
   39.00       1.306    
   40.00       1.152    
   41.00       1.025    
   42.00      0.9236    
   43.00      0.8459    
   44.00      0.7885    
   45.00      0.7473    
   46.00      0.7183    
   47.00      0.6974    
   48.00      0.6811    
   49.00      0.6663    
   50.00      0.6507    
   51.00      0.6329    
   52.00      0.6121    
   53.00      0.5882    
   54.00      0.5616    
   55.00      0.5329    
   56.00      0.5031    
   57.00      0.4733    
   58.00      0.4444    
   59.00      0.4171    
   60.00      0.3921    
   61.00      0.3699    
   62.00      0.3505    
   63.00      0.3340    
   64.00      0.3201    
   65.00      0.3085    
   66.00      0.2985    
   67.00      0.2896    
   68.00      0.2813    
   69.00      0.2729    
   70.00      0.2639    
   71.00      0.2540    
   72.00      0.2430    
   73.00      0.2308    
   74.00      0.2174    
   75.00      0.2028    
   76.00      0.1874    
   77.00      0.1713    
   78.00      0.1550    
   79.00      0.1387    
   80.00      0.1228    
 END
