#  81 angles,  1 tensor ranks for 0=projectile
@subtitle   "39K(3He,d)40Ca 21 MeV DWBA ZR 8188 keV Jpi=4+ l=4 n=2 j=7/2"                   
@legend ON
@legend x1 0.2
@legend y1 0.8
@g0 type LOGY
@yaxis ticklabel format power
@legend string   0 "Lab energy =   21.0000"
#legend string   0 "Partition=  2 Excit=  1 near/far= 1"
#  Theta       sigma       iT11        T20         T21         T22         Kyy for projectile
   0.000       4.629    
   1.000       4.641    
   2.000       4.675    
   3.000       4.730    
   4.000       4.806    
   5.000       4.900    
   6.000       5.011    
   7.000       5.134    
   8.000       5.267    
   9.000       5.407    
   10.00       5.551    
   11.00       5.696    
   12.00       5.840    
   13.00       5.979    
   14.00       6.112    
   15.00       6.236    
   16.00       6.349    
   17.00       6.448    
   18.00       6.530    
   19.00       6.590    
   20.00       6.627    
   21.00       6.634    
   22.00       6.610    
   23.00       6.550    
   24.00       6.452    
   25.00       6.314    
   26.00       6.136    
   27.00       5.919    
   28.00       5.664    
   29.00       5.376    
   30.00       5.059    
   31.00       4.717    
   32.00       4.359    
   33.00       3.991    
   34.00       3.620    
   35.00       3.255    
   36.00       2.901    
   37.00       2.566    
   38.00       2.254    
   39.00       1.970    
   40.00       1.718    
   41.00       1.498    
   42.00       1.311    
   43.00       1.157    
   44.00       1.033    
   45.00      0.9372    
   46.00      0.8654    
   47.00      0.8140    
   48.00      0.7791    
   49.00      0.7566    
   50.00      0.7425    
   51.00      0.7332    
   52.00      0.7257    
   53.00      0.7174    
   54.00      0.7064    
   55.00      0.6914    
   56.00      0.6716    
   57.00      0.6470    
   58.00      0.6179    
   59.00      0.5850    
   60.00      0.5492    
   61.00      0.5116    
   62.00      0.4732    
   63.00      0.4352    
   64.00      0.3984    
   65.00      0.3637    
   66.00      0.3317    
   67.00      0.3029    
   68.00      0.2775    
   69.00      0.2555    
   70.00      0.2371    
   71.00      0.2219    
   72.00      0.2097    
   73.00      0.1999    
   74.00      0.1921    
   75.00      0.1859    
   76.00      0.1807    
   77.00      0.1761    
   78.00      0.1717    
   79.00      0.1672    
   80.00      0.1623    
 END
