#  81 angles,  1 tensor ranks for 0=projectile
@subtitle   "39K(3He,d)40Ca 21 MeV DWBA ZR 9226.69 keV Jpi=1- l=3 n=1 j=5/2"                
@legend ON
@legend x1 0.2
@legend y1 0.8
@g0 type LOGY
@yaxis ticklabel format power
@xaxis label "Scattering angle (degrees)"
@yaxis label "Cross section (mb/sr)"
@legend string   0 "Partition=  1 Excit=  1 near/far= 1"
#legend string   0 "Lab energy =   21.0000"
@s0 linestyle   1
#  Theta       sigma       iT11        T20         T21         T22         Kyy for projectile
  0.1000E-01   1.000    
   1.000      0.9997    
   2.000       1.001    
   3.000      0.9801    
   4.000      0.9937    
   5.000       1.036    
   6.000       1.069    
   7.000       1.070    
   8.000       1.043    
   9.000       1.001    
   10.00      0.9589    
   11.00      0.9259    
   12.00      0.9030    
   13.00      0.8865    
   14.00      0.8704    
   15.00      0.8486    
   16.00      0.8173    
   17.00      0.7752    
   18.00      0.7238    
   19.00      0.6664    
   20.00      0.6075    
   21.00      0.5518    
   22.00      0.5029    
   23.00      0.4636    
   24.00      0.4347    
   25.00      0.4158    
   26.00      0.4051    
   27.00      0.3999    
   28.00      0.3972    
   29.00      0.3941    
   30.00      0.3882    
   31.00      0.3777    
   32.00      0.3620    
   33.00      0.3412    
   34.00      0.3163    
   35.00      0.2889    
   36.00      0.2608    
   37.00      0.2340    
   38.00      0.2104    
   39.00      0.1911    
   40.00      0.1770    
   41.00      0.1682    
   42.00      0.1644    
   43.00      0.1646    
   44.00      0.1677    
   45.00      0.1721    
   46.00      0.1765    
   47.00      0.1796    
   48.00      0.1803    
   49.00      0.1779    
   50.00      0.1722    
   51.00      0.1633    
   52.00      0.1516    
   53.00      0.1378    
   54.00      0.1229    
   55.00      0.1077    
   56.00      0.9318E-01
   57.00      0.8011E-01
   58.00      0.6912E-01
   59.00      0.6059E-01
   60.00      0.5467E-01
   61.00      0.5129E-01
   62.00      0.5018E-01
   63.00      0.5093E-01
   64.00      0.5301E-01
   65.00      0.5587E-01
   66.00      0.5895E-01
   67.00      0.6177E-01
   68.00      0.6392E-01
   69.00      0.6510E-01
   70.00      0.6515E-01
   71.00      0.6402E-01
   72.00      0.6176E-01
   73.00      0.5853E-01
   74.00      0.5453E-01
   75.00      0.5000E-01
   76.00      0.4522E-01
   77.00      0.4042E-01
   78.00      0.3583E-01
   79.00      0.3163E-01
   80.00      0.2793E-01
 END
@legend string   1 "Partition=  2 Excit=  1 near/far= 1"
#legend string   0 "Lab energy =   21.0000"
@s1 linestyle   2
#  Theta       sigma       iT11        T20         T21         T22         Kyy for projectile
   0.000       1.810    
   1.000       1.814    
   2.000       1.823    
   3.000       1.839    
   4.000       1.861    
   5.000       1.887    
   6.000       1.917    
   7.000       1.950    
   8.000       1.983    
   9.000       2.014    
   10.00       2.042    
   11.00       2.065    
   12.00       2.080    
   13.00       2.086    
   14.00       2.082    
   15.00       2.067    
   16.00       2.039    
   17.00       1.998    
   18.00       1.944    
   19.00       1.877    
   20.00       1.798    
   21.00       1.708    
   22.00       1.608    
   23.00       1.500    
   24.00       1.388    
   25.00       1.272    
   26.00       1.156    
   27.00       1.042    
   28.00      0.9326    
   29.00      0.8294    
   30.00      0.7344    
   31.00      0.6488    
   32.00      0.5735    
   33.00      0.5089    
   34.00      0.4552    
   35.00      0.4117    
   36.00      0.3778    
   37.00      0.3524    
   38.00      0.3341    
   39.00      0.3215    
   40.00      0.3133    
   41.00      0.3080    
   42.00      0.3044    
   43.00      0.3013    
   44.00      0.2980    
   45.00      0.2935    
   46.00      0.2874    
   47.00      0.2793    
   48.00      0.2692    
   49.00      0.2571    
   50.00      0.2432    
   51.00      0.2279    
   52.00      0.2115    
   53.00      0.1947    
   54.00      0.1776    
   55.00      0.1609    
   56.00      0.1449    
   57.00      0.1298    
   58.00      0.1159    
   59.00      0.1033    
   60.00      0.9217E-01
   61.00      0.8246E-01
   62.00      0.7416E-01
   63.00      0.6720E-01
   64.00      0.6146E-01
   65.00      0.5679E-01
   66.00      0.5305E-01
   67.00      0.5005E-01
   68.00      0.4765E-01
   69.00      0.4568E-01
   70.00      0.4402E-01
   71.00      0.4256E-01
   72.00      0.4122E-01
   73.00      0.3995E-01
   74.00      0.3871E-01
   75.00      0.3748E-01
   76.00      0.3627E-01
   77.00      0.3508E-01
   78.00      0.3391E-01
   79.00      0.3278E-01
   80.00      0.3171E-01
 END
