     0.0   1.503      1
     0.0   3.006     -1
     1.0   13.53      1
     1.0   27.05     -1
     2.0   30.05      1
     2.0   60.11     -1
     3.0   42.07      1
     3.0   84.13     -1
     4.0   54.00      1
     4.0   108.0     -1
     5.0   65.93      1
     5.0   131.6     -1
     6.0   76.33      1
     6.0   153.5     -1
     7.0   86.43      1
     7.0   170.0     -1
     8.0   85.14      1
     8.0   174.0     -1
     9.0   81.11      1
     9.0   160.2     -1
    10.0   64.88      1
    10.0   130.0     -1
    11.0   43.86      1
    11.0   91.28     -1
    12.0   30.22      1
    12.0   55.78     -1
    13.0   14.13      1
    13.0   31.30     -1
    14.0   9.413      1
    14.0   17.12     -1
    15.0   4.176      1
    15.0   9.288     -1
    16.0   2.760      1
    16.0   5.010     -1
    17.0   1.206      1
    17.0   2.688     -1
    18.0  0.7924      1
    18.0   1.436     -1
    19.0  0.3417      1
    19.0  0.7632     -1
    20.0  0.2234      1
    20.0  0.4041     -1
    21.0  0.9528E-01  1
    21.0  0.2132     -1
    22.0  0.6201E-01  1
    22.0  0.1121     -1
    23.0  0.2622E-01  1
    23.0  0.5873E-01 -1
    24.0  0.1699E-01  1
    24.0  0.3069E-01 -1
    25.0  0.7138E-02  1
    25.0  0.1600E-01 -1
    26.0  0.4607E-02  1
    26.0  0.8316E-02 -1
    27.0  0.1922E-02  1
    27.0  0.4311E-02 -1
    28.0  0.1235E-02  1
    28.0  0.2229E-02 -1
    29.0  0.5129E-03  1
    29.0  0.1149E-02 -1
    30.0  0.3269E-03  1
    30.0  0.5905E-03 -1
