#  81 angles,  1 tensor ranks for 0=projectile
@subtitle   "39K(3He,d)40Ca 21 MeV DWBA ZR 7114 keV Jpi=4- l=3 n=1 j=5/2"                   
@legend ON
@legend x1 0.2
@legend y1 0.8
@g0 type LOGY
@yaxis ticklabel format power
@legend string   0 "Lab energy =   21.0000"
#legend string   0 "Partition=  2 Excit=  1 near/far= 1"
#  Theta       sigma       iT11        T20         T21         T22         Kyy for projectile
   0.000       3.623    
   1.000       3.635    
   2.000       3.671    
   3.000       3.729    
   4.000       3.810    
   5.000       3.912    
   6.000       4.034    
   7.000       4.175    
   8.000       4.333    
   9.000       4.505    
   10.00       4.687    
   11.00       4.874    
   12.00       5.060    
   13.00       5.237    
   14.00       5.396    
   15.00       5.527    
   16.00       5.621    
   17.00       5.668    
   18.00       5.662    
   19.00       5.598    
   20.00       5.474    
   21.00       5.289    
   22.00       5.048    
   23.00       4.756    
   24.00       4.423    
   25.00       4.057    
   26.00       3.672    
   27.00       3.278    
   28.00       2.888    
   29.00       2.513    
   30.00       2.163    
   31.00       1.848    
   32.00       1.573    
   33.00       1.341    
   34.00       1.154    
   35.00       1.011    
   36.00      0.9075    
   37.00      0.8390    
   38.00      0.7994    
   39.00      0.7820    
   40.00      0.7804    
   41.00      0.7881    
   42.00      0.7998    
   43.00      0.8105    
   44.00      0.8167    
   45.00      0.8156    
   46.00      0.8055    
   47.00      0.7856    
   48.00      0.7561    
   49.00      0.7177    
   50.00      0.6721    
   51.00      0.6210    
   52.00      0.5665    
   53.00      0.5107    
   54.00      0.4557    
   55.00      0.4032    
   56.00      0.3546    
   57.00      0.3109    
   58.00      0.2726    
   59.00      0.2399    
   60.00      0.2127    
   61.00      0.1907    
   62.00      0.1733    
   63.00      0.1599    
   64.00      0.1497    
   65.00      0.1421    
   66.00      0.1364    
   67.00      0.1321    
   68.00      0.1286    
   69.00      0.1256    
   70.00      0.1228    
   71.00      0.1200    
   72.00      0.1172    
   73.00      0.1142    
   74.00      0.1113    
   75.00      0.1084    
   76.00      0.1056    
   77.00      0.1032    
   78.00      0.1010    
   79.00      0.9923E-01
   80.00      0.9785E-01
 END
