     0.0   1.503      1
     0.0   3.006     -1
     1.0   13.53      1
     1.0   27.05     -1
     2.0   30.05      1
     2.0   60.11     -1
     3.0   42.06      1
     3.0   84.12     -1
     4.0   54.00      1
     4.0   108.0     -1
     5.0   65.88      1
     5.0   131.5     -1
     6.0   76.33      1
     6.0   153.5     -1
     7.0   86.32      1
     7.0   169.9     -1
     8.0   85.11      1
     8.0   173.9     -1
     9.0   80.82      1
     9.0   159.8     -1
    10.0   64.73      1
    10.0   129.4     -1
    11.0   43.17      1
    11.0   90.51     -1
    12.0   30.15      1
    12.0   55.24     -1
    13.0   13.91      1
    13.0   31.10     -1
    14.0   9.437      1
    14.0   17.04     -1
    15.0   4.127      1
    15.0   9.250     -1
    16.0   2.765      1
    16.0   4.992     -1
    17.0   1.195      1
    17.0   2.680     -1
    18.0  0.7932      1
    18.0   1.432     -1
    19.0  0.3394      1
    19.0  0.7614     -1
    20.0  0.2235      1
    20.0  0.4032     -1
    21.0  0.9481E-01  1
    21.0  0.2128     -1
    22.0  0.6203E-01  1
    22.0  0.1119     -1
    23.0  0.2612E-01  1
    23.0  0.5865E-01 -1
    24.0  0.1700E-01  1
    24.0  0.3065E-01 -1
    25.0  0.7119E-02  1
    25.0  0.1598E-01 -1
    26.0  0.4611E-02  1
    26.0  0.8313E-02 -1
    27.0  0.1921E-02  1
    27.0  0.4314E-02 -1
    28.0  0.1239E-02  1
    28.0  0.2234E-02 -1
    29.0  0.5146E-03  1
    29.0  0.1155E-02 -1
    30.0  0.3305E-03  1
    30.0  0.5961E-03 -1
