#  81 angles,  1 tensor ranks for 0=projectile
@subtitle   "39K(3He,d)40Ca 21 MeV DWBA ZR 8188 keV Jpi=5- l=3 n=1 j=7/2"                   
@legend ON
@legend x1 0.2
@legend y1 0.8
@g0 type LOGY
@yaxis ticklabel format power
@legend string   0 "Lab energy =   21.0000"
#legend string   0 "Partition=  2 Excit=  1 near/far= 1"
#  Theta       sigma       iT11        T20         T21         T22         Kyy for projectile
   0.000       7.704    
   1.000       7.715    
   2.000       7.747    
   3.000       7.800    
   4.000       7.871    
   5.000       7.959    
   6.000       8.059    
   7.000       8.168    
   8.000       8.283    
   9.000       8.398    
   10.00       8.508    
   11.00       8.607    
   12.00       8.689    
   13.00       8.747    
   14.00       8.772    
   15.00       8.756    
   16.00       8.691    
   17.00       8.572    
   18.00       8.394    
   19.00       8.154    
   20.00       7.855    
   21.00       7.498    
   22.00       7.091    
   23.00       6.642    
   24.00       6.161    
   25.00       5.658    
   26.00       5.146    
   27.00       4.636    
   28.00       4.139    
   29.00       3.667    
   30.00       3.228    
   31.00       2.830    
   32.00       2.479    
   33.00       2.177    
   34.00       1.924    
   35.00       1.719    
   36.00       1.557    
   37.00       1.435    
   38.00       1.345    
   39.00       1.282    
   40.00       1.239    
   41.00       1.209    
   42.00       1.187    
   43.00       1.168    
   44.00       1.147    
   45.00       1.122    
   46.00       1.090    
   47.00       1.050    
   48.00       1.002    
   49.00      0.9466    
   50.00      0.8852    
   51.00      0.8193    
   52.00      0.7510    
   53.00      0.6821    
   54.00      0.6145    
   55.00      0.5498    
   56.00      0.4894    
   57.00      0.4342    
   58.00      0.3851    
   59.00      0.3423    
   60.00      0.3059    
   61.00      0.2756    
   62.00      0.2509    
   63.00      0.2311    
   64.00      0.2154    
   65.00      0.2030    
   66.00      0.1931    
   67.00      0.1849    
   68.00      0.1779    
   69.00      0.1715    
   70.00      0.1654    
   71.00      0.1592    
   72.00      0.1530    
   73.00      0.1466    
   74.00      0.1401    
   75.00      0.1336    
   76.00      0.1272    
   77.00      0.1212    
   78.00      0.1158    
   79.00      0.1110    
   80.00      0.1070    
 END
