#  81 angles,  1 tensor ranks for 0=projectile
@subtitle   "39K(3He,d)40Ca 21 MeV DWBA ZR 9226.69 keV Jpi=2- l=1 n=3 j=3/2"                
@legend ON
@legend x1 0.2
@legend y1 0.8
@g0 type LOGY
@yaxis ticklabel format power
@legend string   0 "Lab energy =   21.0000"
#legend string   0 "Partition=  2 Excit=  1 near/far= 1"
#  Theta       sigma       iT11        T20         T21         T22         Kyy for projectile
   0.000       29.43    
   1.000       29.36    
   2.000       29.15    
   3.000       28.79    
   4.000       28.27    
   5.000       27.55    
   6.000       26.62    
   7.000       25.49    
   8.000       24.14    
   9.000       22.59    
   10.00       20.89    
   11.00       19.06    
   12.00       17.17    
   13.00       15.28    
   14.00       13.45    
   15.00       11.74    
   16.00       10.19    
   17.00       8.850    
   18.00       7.735    
   19.00       6.852    
   20.00       6.190    
   21.00       5.727    
   22.00       5.432    
   23.00       5.265    
   24.00       5.185    
   25.00       5.150    
   26.00       5.125    
   27.00       5.080    
   28.00       4.991    
   29.00       4.847    
   30.00       4.641    
   31.00       4.377    
   32.00       4.064    
   33.00       3.714    
   34.00       3.343    
   35.00       2.968    
   36.00       2.605    
   37.00       2.266    
   38.00       1.963    
   39.00       1.704    
   40.00       1.493    
   41.00       1.331    
   42.00       1.216    
   43.00       1.143    
   44.00       1.106    
   45.00       1.099    
   46.00       1.112    
   47.00       1.137    
   48.00       1.169    
   49.00       1.200    
   50.00       1.225    
   51.00       1.240    
   52.00       1.243    
   53.00       1.232    
   54.00       1.207    
   55.00       1.169    
   56.00       1.119    
   57.00       1.059    
   58.00      0.9916    
   59.00      0.9187    
   60.00      0.8430    
   61.00      0.7667    
   62.00      0.6917    
   63.00      0.6198    
   64.00      0.5523    
   65.00      0.4902    
   66.00      0.4343    
   67.00      0.3848    
   68.00      0.3418    
   69.00      0.3052    
   70.00      0.2747    
   71.00      0.2498    
   72.00      0.2300    
   73.00      0.2147    
   74.00      0.2033    
   75.00      0.1951    
   76.00      0.1895    
   77.00      0.1859    
   78.00      0.1839    
   79.00      0.1830    
   80.00      0.1828    
 END
