     0.0   1.502      1
     0.0   3.005     -1
     1.0   13.51      1
     1.0   27.03     -1
     2.0   29.99      1
     2.0   60.03     -1
     3.0   41.98      1
     3.0   83.99     -1
     4.0   53.82      1
     4.0   107.8     -1
     5.0   65.66      1
     5.0   131.1     -1
     6.0   75.80      1
     6.0   152.6     -1
     7.0   85.50      1
     7.0   168.3     -1
     8.0   84.05      1
     8.0   171.9     -1
     9.0   80.36      1
     9.0   158.4     -1
    10.0   64.36      1
    10.0   129.1     -1
    11.0   43.94      1
    11.0   91.23     -1
    12.0   30.56      1
    12.0   56.29     -1
    13.0   14.24      1
    13.0   31.78     -1
    14.0   9.621      1
    14.0   17.38     -1
    15.0   4.203      1
    15.0   9.413     -1
    16.0   2.806      1
    16.0   5.069     -1
    17.0   1.212      1
    17.0   2.716     -1
    18.0  0.8022      1
    18.0   1.448     -1
    19.0  0.3431      1
    19.0  0.7692     -1
    20.0  0.2255      1
    20.0  0.4069     -1
    21.0  0.9559E-01  1
    21.0  0.2144     -1
    22.0  0.6245E-01  1
    22.0  0.1127     -1
    23.0  0.2629E-01  1
    23.0  0.5901E-01 -1
    24.0  0.1709E-01  1
    24.0  0.3082E-01 -1
    25.0  0.7154E-02  1
    25.0  0.1606E-01 -1
    26.0  0.4630E-02  1
    26.0  0.8349E-02 -1
    27.0  0.1929E-02  1
    27.0  0.4330E-02 -1
    28.0  0.1243E-02  1
    28.0  0.2242E-02 -1
    29.0  0.5160E-03  1
    29.0  0.1158E-02 -1
    30.0  0.3312E-03  1
    30.0  0.5974E-03 -1
