#  81 angles,  1 tensor ranks for 0=projectile
@subtitle   "39K(3He,d)40Ca 21 MeV DWBA ZR 8995 keV Jpi=1- l=1 n=3 j=3/2"                   
@legend ON
@legend x1 0.2
@legend y1 0.8
@g0 type LOGY
@yaxis ticklabel format power
@legend string   0 "Lab energy =   21.0000"
#legend string   0 "Partition=  2 Excit=  1 near/far= 1"
#  Theta       sigma       iT11        T20         T21         T22         Kyy for projectile
   0.000       19.74    
   1.000       19.70    
   2.000       19.57    
   3.000       19.35    
   4.000       19.03    
   5.000       18.58    
   6.000       17.99    
   7.000       17.27    
   8.000       16.39    
   9.000       15.38    
   10.00       14.24    
   11.00       13.01    
   12.00       11.72    
   13.00       10.43    
   14.00       9.161    
   15.00       7.972    
   16.00       6.897    
   17.00       5.962    
   18.00       5.185    
   19.00       4.571    
   20.00       4.112    
   21.00       3.793    
   22.00       3.592    
   23.00       3.480    
   24.00       3.429    
   25.00       3.410    
   26.00       3.398    
   27.00       3.372    
   28.00       3.316    
   29.00       3.221    
   30.00       3.083    
   31.00       2.905    
   32.00       2.692    
   33.00       2.454    
   34.00       2.202    
   35.00       1.948    
   36.00       1.701    
   37.00       1.473    
   38.00       1.269    
   39.00       1.097    
   40.00      0.9568    
   41.00      0.8505    
   42.00      0.7760    
   43.00      0.7301    
   44.00      0.7084    
   45.00      0.7057    
   46.00      0.7165    
   47.00      0.7355    
   48.00      0.7576    
   49.00      0.7785    
   50.00      0.7949    
   51.00      0.8043    
   52.00      0.8049    
   53.00      0.7962    
   54.00      0.7780    
   55.00      0.7511    
   56.00      0.7165    
   57.00      0.6756    
   58.00      0.6301    
   59.00      0.5815    
   60.00      0.5315    
   61.00      0.4816    
   62.00      0.4330    
   63.00      0.3868    
   64.00      0.3438    
   65.00      0.3047    
   66.00      0.2698    
   67.00      0.2392    
   68.00      0.2130    
   69.00      0.1909    
   70.00      0.1726    
   71.00      0.1578    
   72.00      0.1462    
   73.00      0.1373    
   74.00      0.1306    
   75.00      0.1258    
   76.00      0.1224    
   77.00      0.1203    
   78.00      0.1189    
   79.00      0.1182    
   80.00      0.1177    
 END
