#  81 angles,  1 tensor ranks for 0=projectile
@subtitle   "39K(3He,d)40Ca 21 MeV DWBA ZR 8995 keV Jpi=2+ l=4 n=1 j=7/2"                   
@legend ON
@legend x1 0.2
@legend y1 0.8
@g0 type LOGY
@yaxis ticklabel format power
@xaxis label "Scattering angle (degrees)"
@yaxis label "Cross section (mb/sr)"
@legend string   0 "Partition=  1 Excit=  1 near/far= 1"
#legend string   0 "Lab energy =   21.0000"
@s0 linestyle   1
#  Theta       sigma       iT11        T20         T21         T22         Kyy for projectile
  0.1000E-01   1.000    
   1.000      0.9997    
   2.000       1.001    
   3.000      0.9801    
   4.000      0.9937    
   5.000       1.036    
   6.000       1.069    
   7.000       1.070    
   8.000       1.043    
   9.000       1.001    
   10.00      0.9589    
   11.00      0.9259    
   12.00      0.9030    
   13.00      0.8865    
   14.00      0.8704    
   15.00      0.8486    
   16.00      0.8173    
   17.00      0.7752    
   18.00      0.7238    
   19.00      0.6664    
   20.00      0.6075    
   21.00      0.5518    
   22.00      0.5029    
   23.00      0.4636    
   24.00      0.4347    
   25.00      0.4158    
   26.00      0.4051    
   27.00      0.3999    
   28.00      0.3972    
   29.00      0.3941    
   30.00      0.3882    
   31.00      0.3777    
   32.00      0.3620    
   33.00      0.3412    
   34.00      0.3163    
   35.00      0.2889    
   36.00      0.2608    
   37.00      0.2340    
   38.00      0.2104    
   39.00      0.1911    
   40.00      0.1770    
   41.00      0.1682    
   42.00      0.1644    
   43.00      0.1646    
   44.00      0.1677    
   45.00      0.1721    
   46.00      0.1765    
   47.00      0.1796    
   48.00      0.1803    
   49.00      0.1779    
   50.00      0.1722    
   51.00      0.1633    
   52.00      0.1516    
   53.00      0.1378    
   54.00      0.1229    
   55.00      0.1077    
   56.00      0.9318E-01
   57.00      0.8011E-01
   58.00      0.6912E-01
   59.00      0.6059E-01
   60.00      0.5467E-01
   61.00      0.5129E-01
   62.00      0.5018E-01
   63.00      0.5093E-01
   64.00      0.5301E-01
   65.00      0.5587E-01
   66.00      0.5895E-01
   67.00      0.6177E-01
   68.00      0.6392E-01
   69.00      0.6510E-01
   70.00      0.6515E-01
   71.00      0.6402E-01
   72.00      0.6176E-01
   73.00      0.5853E-01
   74.00      0.5453E-01
   75.00      0.5000E-01
   76.00      0.4522E-01
   77.00      0.4042E-01
   78.00      0.3583E-01
   79.00      0.3163E-01
   80.00      0.2793E-01
 END
@legend string   1 "Partition=  2 Excit=  1 near/far= 1"
#legend string   0 "Lab energy =   21.0000"
@s1 linestyle   2
#  Theta       sigma       iT11        T20         T21         T22         Kyy for projectile
   0.000       1.217    
   1.000       1.216    
   2.000       1.214    
   3.000       1.211    
   4.000       1.206    
   5.000       1.201    
   6.000       1.196    
   7.000       1.191    
   8.000       1.187    
   9.000       1.184    
   10.00       1.182    
   11.00       1.182    
   12.00       1.183    
   13.00       1.186    
   14.00       1.190    
   15.00       1.196    
   16.00       1.203    
   17.00       1.209    
   18.00       1.215    
   19.00       1.220    
   20.00       1.221    
   21.00       1.219    
   22.00       1.213    
   23.00       1.201    
   24.00       1.183    
   25.00       1.159    
   26.00       1.129    
   27.00       1.092    
   28.00       1.049    
   29.00       1.001    
   30.00      0.9464    
   31.00      0.8878    
   32.00      0.8259    
   33.00      0.7618    
   34.00      0.6969    
   35.00      0.6325    
   36.00      0.5698    
   37.00      0.5100    
   38.00      0.4538    
   39.00      0.4022    
   40.00      0.3554    
   41.00      0.3140    
   42.00      0.2780    
   43.00      0.2474    
   44.00      0.2220    
   45.00      0.2015    
   46.00      0.1855    
   47.00      0.1732    
   48.00      0.1642    
   49.00      0.1576    
   50.00      0.1529    
   51.00      0.1493    
   52.00      0.1464    
   53.00      0.1438    
   54.00      0.1409    
   55.00      0.1377    
   56.00      0.1339    
   57.00      0.1294    
   58.00      0.1243    
   59.00      0.1185    
   60.00      0.1121    
   61.00      0.1052    
   62.00      0.9807E-01
   63.00      0.9079E-01
   64.00      0.8355E-01
   65.00      0.7652E-01
   66.00      0.6984E-01
   67.00      0.6362E-01
   68.00      0.5794E-01
   69.00      0.5283E-01
   70.00      0.4832E-01
   71.00      0.4439E-01
   72.00      0.4102E-01
   73.00      0.3817E-01
   74.00      0.3580E-01
   75.00      0.3385E-01
   76.00      0.3227E-01
   77.00      0.3097E-01
   78.00      0.2990E-01
   79.00      0.2899E-01
   80.00      0.2818E-01
 END
