#  81 angles,  1 tensor ranks for 0=projectile
@subtitle   "39K(3He,d)40Ca 21 MeV DWBA ZR 8995 keV Jpi=2+ l=4 n=1 j=7/2"                   
@legend ON
@legend x1 0.2
@legend y1 0.8
@g0 type LOGY
@yaxis ticklabel format power
@legend string   0 "Lab energy =   21.0000"
#legend string   0 "Partition=  2 Excit=  1 near/far= 1"
#  Theta       sigma       iT11        T20         T21         T22         Kyy for projectile
   0.000       1.217    
   1.000       1.216    
   2.000       1.214    
   3.000       1.211    
   4.000       1.206    
   5.000       1.201    
   6.000       1.196    
   7.000       1.191    
   8.000       1.187    
   9.000       1.184    
   10.00       1.182    
   11.00       1.182    
   12.00       1.183    
   13.00       1.186    
   14.00       1.190    
   15.00       1.196    
   16.00       1.203    
   17.00       1.209    
   18.00       1.215    
   19.00       1.220    
   20.00       1.221    
   21.00       1.219    
   22.00       1.213    
   23.00       1.201    
   24.00       1.183    
   25.00       1.159    
   26.00       1.129    
   27.00       1.092    
   28.00       1.049    
   29.00       1.001    
   30.00      0.9464    
   31.00      0.8878    
   32.00      0.8259    
   33.00      0.7618    
   34.00      0.6969    
   35.00      0.6325    
   36.00      0.5698    
   37.00      0.5100    
   38.00      0.4538    
   39.00      0.4022    
   40.00      0.3554    
   41.00      0.3140    
   42.00      0.2780    
   43.00      0.2474    
   44.00      0.2220    
   45.00      0.2015    
   46.00      0.1855    
   47.00      0.1732    
   48.00      0.1642    
   49.00      0.1576    
   50.00      0.1529    
   51.00      0.1493    
   52.00      0.1464    
   53.00      0.1438    
   54.00      0.1409    
   55.00      0.1377    
   56.00      0.1339    
   57.00      0.1294    
   58.00      0.1243    
   59.00      0.1185    
   60.00      0.1121    
   61.00      0.1052    
   62.00      0.9807E-01
   63.00      0.9079E-01
   64.00      0.8355E-01
   65.00      0.7652E-01
   66.00      0.6984E-01
   67.00      0.6362E-01
   68.00      0.5794E-01
   69.00      0.5283E-01
   70.00      0.4832E-01
   71.00      0.4439E-01
   72.00      0.4102E-01
   73.00      0.3817E-01
   74.00      0.3580E-01
   75.00      0.3385E-01
   76.00      0.3227E-01
   77.00      0.3097E-01
   78.00      0.2990E-01
   79.00      0.2899E-01
   80.00      0.2818E-01
 END
