#  81 angles,  1 tensor ranks for 0=projectile
@subtitle   "39K(3He,d)40Ca 21 MeV DWBA ZR 8484 keV Jpi=1- l=1 n=3 j=1/2"                   
@legend ON
@legend x1 0.2
@legend y1 0.8
@g0 type LOGY
@yaxis ticklabel format power
@legend string   0 "Lab energy =   21.0000"
#legend string   0 "Partition=  2 Excit=  1 near/far= 1"
#  Theta       sigma       iT11        T20         T21         T22         Kyy for projectile
   0.000       28.08    
   1.000       28.02    
   2.000       27.83    
   3.000       27.49    
   4.000       26.98    
   5.000       26.28    
   6.000       25.37    
   7.000       24.24    
   8.000       22.88    
   9.000       21.31    
   10.00       19.55    
   11.00       17.66    
   12.00       15.70    
   13.00       13.72    
   14.00       11.81    
   15.00       10.03    
   16.00       8.424    
   17.00       7.051    
   18.00       5.930    
   19.00       5.068    
   20.00       4.453    
   21.00       4.059    
   22.00       3.848    
   23.00       3.776    
   24.00       3.796    
   25.00       3.863    
   26.00       3.939    
   27.00       3.992    
   28.00       4.000    
   29.00       3.949    
   30.00       3.834    
   31.00       3.657    
   32.00       3.428    
   33.00       3.158    
   34.00       2.862    
   35.00       2.557    
   36.00       2.256    
   37.00       1.973    
   38.00       1.716    
   39.00       1.493    
   40.00       1.306    
   41.00       1.156    
   42.00       1.040    
   43.00      0.9551    
   44.00      0.8955    
   45.00      0.8557    
   46.00      0.8296    
   47.00      0.8120    
   48.00      0.7981    
   49.00      0.7842    
   50.00      0.7675    
   51.00      0.7465    
   52.00      0.7206    
   53.00      0.6899    
   54.00      0.6552    
   55.00      0.6180    
   56.00      0.5795    
   57.00      0.5414    
   58.00      0.5050    
   59.00      0.4712    
   60.00      0.4411    
   61.00      0.4149    
   62.00      0.3928    
   63.00      0.3747    
   64.00      0.3600    
   65.00      0.3481    
   66.00      0.3383    
   67.00      0.3296    
   68.00      0.3212    
   69.00      0.3125    
   70.00      0.3028    
   71.00      0.2916    
   72.00      0.2787    
   73.00      0.2640    
   74.00      0.2476    
   75.00      0.2298    
   76.00      0.2108    
   77.00      0.1911    
   78.00      0.1711    
   79.00      0.1514    
   80.00      0.1324    
 END
