     0.0   1.503      1
     0.0   3.005     -1
     1.0   13.52      1
     1.0   27.04     -1
     2.0   30.04      1
     2.0   60.08     -1
     3.0   42.02      1
     3.0   84.07     -1
     4.0   53.91      1
     4.0   107.9     -1
     5.0   65.70      1
     5.0   131.3     -1
     6.0   75.93      1
     6.0   152.8     -1
     7.0   85.48      1
     7.0   168.6     -1
     8.0   84.45      1
     8.0   172.2     -1
     9.0   80.33      1
     9.0   158.7     -1
    10.0   64.71      1
    10.0   129.4     -1
    11.0   43.93      1
    11.0   91.50     -1
    12.0   30.73      1
    12.0   56.45     -1
    13.0   14.23      1
    13.0   31.85     -1
    14.0   9.653      1
    14.0   17.41     -1
    15.0   4.200      1
    15.0   9.423     -1
    16.0   2.811      1
    16.0   5.072     -1
    17.0   1.211      1
    17.0   2.717     -1
    18.0  0.8030      1
    18.0   1.449     -1
    19.0  0.3428      1
    19.0  0.7693     -1
    20.0  0.2256      1
    20.0  0.4069     -1
    21.0  0.9554E-01  1
    21.0  0.2144     -1
    22.0  0.6247E-01  1
    22.0  0.1127     -1
    23.0  0.2628E-01  1
    23.0  0.5901E-01 -1
    24.0  0.1710E-01  1
    24.0  0.3082E-01 -1
    25.0  0.7153E-02  1
    25.0  0.1606E-01 -1
    26.0  0.4631E-02  1
    26.0  0.8349E-02 -1
    27.0  0.1929E-02  1
    27.0  0.4331E-02 -1
    28.0  0.1244E-02  1
    28.0  0.2242E-02 -1
    29.0  0.5161E-03  1
    29.0  0.1159E-02 -1
    30.0  0.3313E-03  1
    30.0  0.5975E-03 -1
