#  81 angles,  1 tensor ranks for 0=projectile
@subtitle   "39K(3He,d)40Ca 21 MeV DWBA ZR 8484 keV Jpi=1- l=1 n=3 j=1/2"                   
@legend ON
@legend x1 0.2
@legend y1 0.8
@g0 type LOGY
@yaxis ticklabel format power
@xaxis label "Scattering angle (degrees)"
@yaxis label "Cross section (mb/sr)"
@legend string   0 "Partition=  1 Excit=  1 near/far= 1"
#legend string   0 "Lab energy =   21.0000"
@s0 linestyle   1
#  Theta       sigma       iT11        T20         T21         T22         Kyy for projectile
  0.1000E-01   1.000    
   1.000      0.9997    
   2.000       1.001    
   3.000      0.9801    
   4.000      0.9937    
   5.000       1.036    
   6.000       1.069    
   7.000       1.070    
   8.000       1.043    
   9.000       1.001    
   10.00      0.9589    
   11.00      0.9259    
   12.00      0.9030    
   13.00      0.8865    
   14.00      0.8704    
   15.00      0.8486    
   16.00      0.8173    
   17.00      0.7752    
   18.00      0.7238    
   19.00      0.6664    
   20.00      0.6075    
   21.00      0.5518    
   22.00      0.5029    
   23.00      0.4636    
   24.00      0.4347    
   25.00      0.4158    
   26.00      0.4051    
   27.00      0.3999    
   28.00      0.3972    
   29.00      0.3941    
   30.00      0.3882    
   31.00      0.3777    
   32.00      0.3620    
   33.00      0.3412    
   34.00      0.3163    
   35.00      0.2889    
   36.00      0.2608    
   37.00      0.2340    
   38.00      0.2104    
   39.00      0.1911    
   40.00      0.1770    
   41.00      0.1682    
   42.00      0.1644    
   43.00      0.1646    
   44.00      0.1677    
   45.00      0.1721    
   46.00      0.1765    
   47.00      0.1796    
   48.00      0.1803    
   49.00      0.1779    
   50.00      0.1722    
   51.00      0.1633    
   52.00      0.1516    
   53.00      0.1378    
   54.00      0.1229    
   55.00      0.1077    
   56.00      0.9318E-01
   57.00      0.8011E-01
   58.00      0.6912E-01
   59.00      0.6059E-01
   60.00      0.5467E-01
   61.00      0.5129E-01
   62.00      0.5018E-01
   63.00      0.5093E-01
   64.00      0.5301E-01
   65.00      0.5587E-01
   66.00      0.5895E-01
   67.00      0.6177E-01
   68.00      0.6392E-01
   69.00      0.6510E-01
   70.00      0.6515E-01
   71.00      0.6402E-01
   72.00      0.6176E-01
   73.00      0.5853E-01
   74.00      0.5453E-01
   75.00      0.5000E-01
   76.00      0.4522E-01
   77.00      0.4042E-01
   78.00      0.3583E-01
   79.00      0.3163E-01
   80.00      0.2793E-01
 END
@legend string   1 "Partition=  2 Excit=  1 near/far= 1"
#legend string   0 "Lab energy =   21.0000"
@s1 linestyle   2
#  Theta       sigma       iT11        T20         T21         T22         Kyy for projectile
   0.000       28.08    
   1.000       28.02    
   2.000       27.83    
   3.000       27.49    
   4.000       26.98    
   5.000       26.28    
   6.000       25.37    
   7.000       24.24    
   8.000       22.88    
   9.000       21.31    
   10.00       19.55    
   11.00       17.66    
   12.00       15.70    
   13.00       13.72    
   14.00       11.81    
   15.00       10.03    
   16.00       8.424    
   17.00       7.051    
   18.00       5.930    
   19.00       5.068    
   20.00       4.453    
   21.00       4.059    
   22.00       3.848    
   23.00       3.776    
   24.00       3.796    
   25.00       3.863    
   26.00       3.939    
   27.00       3.992    
   28.00       4.000    
   29.00       3.949    
   30.00       3.834    
   31.00       3.657    
   32.00       3.428    
   33.00       3.158    
   34.00       2.862    
   35.00       2.557    
   36.00       2.256    
   37.00       1.973    
   38.00       1.716    
   39.00       1.493    
   40.00       1.306    
   41.00       1.156    
   42.00       1.040    
   43.00      0.9551    
   44.00      0.8955    
   45.00      0.8557    
   46.00      0.8296    
   47.00      0.8120    
   48.00      0.7981    
   49.00      0.7842    
   50.00      0.7675    
   51.00      0.7465    
   52.00      0.7206    
   53.00      0.6899    
   54.00      0.6552    
   55.00      0.6180    
   56.00      0.5795    
   57.00      0.5414    
   58.00      0.5050    
   59.00      0.4712    
   60.00      0.4411    
   61.00      0.4149    
   62.00      0.3928    
   63.00      0.3747    
   64.00      0.3600    
   65.00      0.3481    
   66.00      0.3383    
   67.00      0.3296    
   68.00      0.3212    
   69.00      0.3125    
   70.00      0.3028    
   71.00      0.2916    
   72.00      0.2787    
   73.00      0.2640    
   74.00      0.2476    
   75.00      0.2298    
   76.00      0.2108    
   77.00      0.1911    
   78.00      0.1711    
   79.00      0.1514    
   80.00      0.1324    
 END
