#  81 angles,  1 tensor ranks for 0=projectile
@subtitle   "39K(3He,d)40Ca 21 MeV DWBA ZR 9419 keV Jpi=3- l=3 n=1 j=7/2"                   
@legend ON
@legend x1 0.2
@legend y1 0.8
@g0 type LOGY
@yaxis ticklabel format power
@legend string   0 "Lab energy =   21.0000"
#legend string   0 "Partition=  2 Excit=  1 near/far= 1"
#  Theta       sigma       iT11        T20         T21         T22         Kyy for projectile
   0.000       4.467    
   1.000       4.470    
   2.000       4.480    
   3.000       4.497    
   4.000       4.520    
   5.000       4.548    
   6.000       4.579    
   7.000       4.611    
   8.000       4.640    
   9.000       4.664    
   10.00       4.680    
   11.00       4.685    
   12.00       4.676    
   13.00       4.651    
   14.00       4.609    
   15.00       4.547    
   16.00       4.464    
   17.00       4.358    
   18.00       4.230    
   19.00       4.078    
   20.00       3.904    
   21.00       3.711    
   22.00       3.500    
   23.00       3.275    
   24.00       3.041    
   25.00       2.803    
   26.00       2.564    
   27.00       2.329    
   28.00       2.102    
   29.00       1.887    
   30.00       1.688    
   31.00       1.506    
   32.00       1.344    
   33.00       1.203    
   34.00       1.083    
   35.00      0.9827    
   36.00      0.9018    
   37.00      0.8378    
   38.00      0.7884    
   39.00      0.7510    
   40.00      0.7229    
   41.00      0.7016    
   42.00      0.6846    
   43.00      0.6699    
   44.00      0.6556    
   45.00      0.6401    
   46.00      0.6222    
   47.00      0.6014    
   48.00      0.5771    
   49.00      0.5495    
   50.00      0.5189    
   51.00      0.4858    
   52.00      0.4512    
   53.00      0.4157    
   54.00      0.3802    
   55.00      0.3454    
   56.00      0.3121    
   57.00      0.2807    
   58.00      0.2516    
   59.00      0.2253    
   60.00      0.2018    
   61.00      0.1812    
   62.00      0.1635    
   63.00      0.1486    
   64.00      0.1361    
   65.00      0.1257    
   66.00      0.1172    
   67.00      0.1102    
   68.00      0.1043    
   69.00      0.9935E-01
   70.00      0.9497E-01
   71.00      0.9100E-01
   72.00      0.8732E-01
   73.00      0.8380E-01
   74.00      0.8039E-01
   75.00      0.7707E-01
   76.00      0.7384E-01
   77.00      0.7072E-01
   78.00      0.6776E-01
   79.00      0.6500E-01
   80.00      0.6250E-01
 END
