     0.0   1.503      1
     0.0   3.006     -1
     1.0   13.52      1
     1.0   27.05     -1
     2.0   30.04      1
     2.0   60.09     -1
     3.0   42.05      1
     3.0   84.09     -1
     4.0   53.98      1
     4.0   108.0     -1
     5.0   65.88      1
     5.0   131.5     -1
     6.0   76.28      1
     6.0   153.4     -1
     7.0   86.28      1
     7.0   169.8     -1
     8.0   85.05      1
     8.0   173.5     -1
     9.0   80.79      1
     9.0   159.7     -1
    10.0   64.96      1
    10.0   130.0     -1
    11.0   44.15      1
    11.0   91.82     -1
    12.0   30.78      1
    12.0   56.60     -1
    13.0   14.28      1
    13.0   31.93     -1
    14.0   9.664      1
    14.0   17.44     -1
    15.0   4.210      1
    15.0   9.438     -1
    16.0   2.813      1
    16.0   5.079     -1
    17.0   1.213      1
    17.0   2.720     -1
    18.0  0.8034      1
    18.0   1.450     -1
    19.0  0.3432      1
    19.0  0.7699     -1
    20.0  0.2257      1
    20.0  0.4071     -1
    21.0  0.9562E-01  1
    21.0  0.2146     -1
    22.0  0.6249E-01  1
    22.0  0.1127     -1
    23.0  0.2630E-01  1
    23.0  0.5903E-01 -1
    24.0  0.1710E-01  1
    24.0  0.3083E-01 -1
    25.0  0.7155E-02  1
    25.0  0.1606E-01 -1
    26.0  0.4631E-02  1
    26.0  0.8350E-02 -1
    27.0  0.1929E-02  1
    27.0  0.4331E-02 -1
    28.0  0.1243E-02  1
    28.0  0.2242E-02 -1
    29.0  0.5160E-03  1
    29.0  0.1158E-02 -1
    30.0  0.3313E-03  1
    30.0  0.5974E-03 -1
