#  81 angles,  1 tensor ranks for 0=projectile
@subtitle   "39K(3He,d)40Ca 21 MeV DWBA ZR 9419 keV Jpi=3- l=5 n=1 j=9/2"                   
@legend ON
@legend x1 0.2
@legend y1 0.8
@g0 type LOGY
@yaxis ticklabel format power
@xaxis label "Scattering angle (degrees)"
@yaxis label "Cross section (mb/sr)"
@legend string   0 "Partition=  1 Excit=  1 near/far= 1"
#legend string   0 "Lab energy =   21.0000"
@s0 linestyle   1
#  Theta       sigma       iT11        T20         T21         T22         Kyy for projectile
  0.1000E-01   1.000    
   1.000      0.9997    
   2.000       1.001    
   3.000      0.9801    
   4.000      0.9937    
   5.000       1.036    
   6.000       1.069    
   7.000       1.070    
   8.000       1.043    
   9.000       1.001    
   10.00      0.9589    
   11.00      0.9259    
   12.00      0.9030    
   13.00      0.8865    
   14.00      0.8704    
   15.00      0.8486    
   16.00      0.8173    
   17.00      0.7752    
   18.00      0.7238    
   19.00      0.6664    
   20.00      0.6075    
   21.00      0.5518    
   22.00      0.5029    
   23.00      0.4636    
   24.00      0.4347    
   25.00      0.4158    
   26.00      0.4051    
   27.00      0.3999    
   28.00      0.3972    
   29.00      0.3941    
   30.00      0.3882    
   31.00      0.3777    
   32.00      0.3620    
   33.00      0.3412    
   34.00      0.3163    
   35.00      0.2889    
   36.00      0.2608    
   37.00      0.2340    
   38.00      0.2104    
   39.00      0.1911    
   40.00      0.1770    
   41.00      0.1682    
   42.00      0.1644    
   43.00      0.1646    
   44.00      0.1677    
   45.00      0.1721    
   46.00      0.1765    
   47.00      0.1796    
   48.00      0.1803    
   49.00      0.1779    
   50.00      0.1722    
   51.00      0.1633    
   52.00      0.1516    
   53.00      0.1378    
   54.00      0.1229    
   55.00      0.1077    
   56.00      0.9318E-01
   57.00      0.8011E-01
   58.00      0.6912E-01
   59.00      0.6059E-01
   60.00      0.5467E-01
   61.00      0.5129E-01
   62.00      0.5018E-01
   63.00      0.5093E-01
   64.00      0.5301E-01
   65.00      0.5587E-01
   66.00      0.5895E-01
   67.00      0.6177E-01
   68.00      0.6392E-01
   69.00      0.6510E-01
   70.00      0.6515E-01
   71.00      0.6402E-01
   72.00      0.6176E-01
   73.00      0.5853E-01
   74.00      0.5453E-01
   75.00      0.5000E-01
   76.00      0.4522E-01
   77.00      0.4042E-01
   78.00      0.3583E-01
   79.00      0.3163E-01
   80.00      0.2793E-01
 END
@legend string   1 "Partition=  2 Excit=  1 near/far= 1"
#legend string   0 "Lab energy =   21.0000"
@s1 linestyle   2
#  Theta       sigma       iT11        T20         T21         T22         Kyy for projectile
   0.000      0.5138    
   1.000      0.5128    
   2.000      0.5100    
   3.000      0.5054    
   4.000      0.4993    
   5.000      0.4919    
   6.000      0.4835    
   7.000      0.4746    
   8.000      0.4655    
   9.000      0.4567    
   10.00      0.4486    
   11.00      0.4416    
   12.00      0.4360    
   13.00      0.4323    
   14.00      0.4306    
   15.00      0.4312    
   16.00      0.4341    
   17.00      0.4393    
   18.00      0.4466    
   19.00      0.4559    
   20.00      0.4668    
   21.00      0.4789    
   22.00      0.4917    
   23.00      0.5049    
   24.00      0.5177    
   25.00      0.5298    
   26.00      0.5406    
   27.00      0.5496    
   28.00      0.5564    
   29.00      0.5606    
   30.00      0.5621    
   31.00      0.5604    
   32.00      0.5554    
   33.00      0.5471    
   34.00      0.5356    
   35.00      0.5208    
   36.00      0.5029    
   37.00      0.4823    
   38.00      0.4593    
   39.00      0.4342    
   40.00      0.4077    
   41.00      0.3801    
   42.00      0.3520    
   43.00      0.3240    
   44.00      0.2966    
   45.00      0.2702    
   46.00      0.2452    
   47.00      0.2220    
   48.00      0.2008    
   49.00      0.1817    
   50.00      0.1649    
   51.00      0.1504    
   52.00      0.1382    
   53.00      0.1280    
   54.00      0.1197    
   55.00      0.1132    
   56.00      0.1082    
   57.00      0.1044    
   58.00      0.1017    
   59.00      0.9978E-01
   60.00      0.9839E-01
   61.00      0.9733E-01
   62.00      0.9642E-01
   63.00      0.9550E-01
   64.00      0.9443E-01
   65.00      0.9311E-01
   66.00      0.9148E-01
   67.00      0.8950E-01
   68.00      0.8715E-01
   69.00      0.8446E-01
   70.00      0.8145E-01
   71.00      0.7818E-01
   72.00      0.7469E-01
   73.00      0.7105E-01
   74.00      0.6734E-01
   75.00      0.6362E-01
   76.00      0.5995E-01
   77.00      0.5638E-01
   78.00      0.5298E-01
   79.00      0.4977E-01
   80.00      0.4678E-01
 END
