#  81 angles,  1 tensor ranks for 0=projectile
@subtitle   "39K(3He,d)40Ca 21 MeV DWBA ZR 9419 keV Jpi=3- l=5 n=1 j=9/2"                   
@legend ON
@legend x1 0.2
@legend y1 0.8
@g0 type LOGY
@yaxis ticklabel format power
@legend string   0 "Lab energy =   21.0000"
#legend string   0 "Partition=  2 Excit=  1 near/far= 1"
#  Theta       sigma       iT11        T20         T21         T22         Kyy for projectile
   0.000      0.5138    
   1.000      0.5128    
   2.000      0.5100    
   3.000      0.5054    
   4.000      0.4993    
   5.000      0.4919    
   6.000      0.4835    
   7.000      0.4746    
   8.000      0.4655    
   9.000      0.4567    
   10.00      0.4486    
   11.00      0.4416    
   12.00      0.4360    
   13.00      0.4323    
   14.00      0.4306    
   15.00      0.4312    
   16.00      0.4341    
   17.00      0.4393    
   18.00      0.4466    
   19.00      0.4559    
   20.00      0.4668    
   21.00      0.4789    
   22.00      0.4917    
   23.00      0.5049    
   24.00      0.5177    
   25.00      0.5298    
   26.00      0.5406    
   27.00      0.5496    
   28.00      0.5564    
   29.00      0.5606    
   30.00      0.5621    
   31.00      0.5604    
   32.00      0.5554    
   33.00      0.5471    
   34.00      0.5356    
   35.00      0.5208    
   36.00      0.5029    
   37.00      0.4823    
   38.00      0.4593    
   39.00      0.4342    
   40.00      0.4077    
   41.00      0.3801    
   42.00      0.3520    
   43.00      0.3240    
   44.00      0.2966    
   45.00      0.2702    
   46.00      0.2452    
   47.00      0.2220    
   48.00      0.2008    
   49.00      0.1817    
   50.00      0.1649    
   51.00      0.1504    
   52.00      0.1382    
   53.00      0.1280    
   54.00      0.1197    
   55.00      0.1132    
   56.00      0.1082    
   57.00      0.1044    
   58.00      0.1017    
   59.00      0.9978E-01
   60.00      0.9839E-01
   61.00      0.9733E-01
   62.00      0.9642E-01
   63.00      0.9550E-01
   64.00      0.9443E-01
   65.00      0.9311E-01
   66.00      0.9148E-01
   67.00      0.8950E-01
   68.00      0.8715E-01
   69.00      0.8446E-01
   70.00      0.8145E-01
   71.00      0.7818E-01
   72.00      0.7469E-01
   73.00      0.7105E-01
   74.00      0.6734E-01
   75.00      0.6362E-01
   76.00      0.5995E-01
   77.00      0.5638E-01
   78.00      0.5298E-01
   79.00      0.4977E-01
   80.00      0.4678E-01
 END
