     0.0   1.499      1
     0.0   2.999     -1
     1.0   13.45      1
     1.0   26.97     -1
     2.0   29.94      1
     2.0   59.93     -1
     3.0   41.85      1
     3.0   83.83     -1
     4.0   53.81      1
     4.0   107.7     -1
     5.0   65.68      1
     5.0   131.3     -1
     6.0   76.15      1
     6.0   153.2     -1
     7.0   86.14      1
     7.0   169.6     -1
     8.0   84.80      1
     8.0   173.3     -1
     9.0   80.18      1
     9.0   158.7     -1
    10.0   63.97      1
    10.0   127.1     -1
    11.0   41.38      1
    11.0   87.78     -1
    12.0   29.05      1
    12.0   52.89     -1
    13.0   13.27      1
    13.0   29.73     -1
    14.0   9.066      1
    14.0   16.37     -1
    15.0   3.988      1
    15.0   8.940     -1
    16.0   2.686      1
    16.0   4.850     -1
    17.0   1.166      1
    17.0   2.615     -1
    18.0  0.7769      1
    18.0   1.402     -1
    19.0  0.3334      1
    19.0  0.7478     -1
    20.0  0.2201      1
    20.0  0.3971     -1
    21.0  0.9355E-01  1
    21.0  0.2100     -1
    22.0  0.6134E-01  1
    22.0  0.1106     -1
    23.0  0.2587E-01  1
    23.0  0.5808E-01 -1
    24.0  0.1686E-01  1
    24.0  0.3040E-01 -1
    25.0  0.7073E-02  1
    25.0  0.1588E-01 -1
    26.0  0.4586E-02  1
    26.0  0.8271E-02 -1
    27.0  0.1913E-02  1
    27.0  0.4296E-02 -1
    28.0  0.1235E-02  1
    28.0  0.2227E-02 -1
    29.0  0.5143E-03  1
    29.0  0.1153E-02 -1
    30.0  0.3304E-03  1
    30.0  0.5962E-03 -1
