#  81 angles,  1 tensor ranks for 0=projectile
@subtitle   "39K(3He,d)40Ca 21 MeV DWBA ZR 8188 keV Jpi=5- l=3 n=2 j=7/2"                   
@legend ON
@legend x1 0.2
@legend y1 0.8
@g0 type LOGY
@yaxis ticklabel format power
@xaxis label "Scattering angle (degrees)"
@yaxis label "Cross section (mb/sr)"
@legend string   0 "Partition=  1 Excit=  1 near/far= 1"
#legend string   0 "Lab energy =   21.0000"
@s0 linestyle   1
#  Theta       sigma       iT11        T20         T21         T22         Kyy for projectile
  0.1000E-01   1.000    
   1.000      0.9997    
   2.000       1.001    
   3.000      0.9801    
   4.000      0.9937    
   5.000       1.036    
   6.000       1.069    
   7.000       1.070    
   8.000       1.043    
   9.000       1.001    
   10.00      0.9589    
   11.00      0.9259    
   12.00      0.9030    
   13.00      0.8865    
   14.00      0.8704    
   15.00      0.8486    
   16.00      0.8173    
   17.00      0.7752    
   18.00      0.7238    
   19.00      0.6664    
   20.00      0.6075    
   21.00      0.5518    
   22.00      0.5029    
   23.00      0.4636    
   24.00      0.4347    
   25.00      0.4158    
   26.00      0.4051    
   27.00      0.3999    
   28.00      0.3972    
   29.00      0.3941    
   30.00      0.3882    
   31.00      0.3777    
   32.00      0.3620    
   33.00      0.3412    
   34.00      0.3163    
   35.00      0.2889    
   36.00      0.2608    
   37.00      0.2340    
   38.00      0.2104    
   39.00      0.1911    
   40.00      0.1770    
   41.00      0.1682    
   42.00      0.1644    
   43.00      0.1646    
   44.00      0.1677    
   45.00      0.1721    
   46.00      0.1765    
   47.00      0.1796    
   48.00      0.1803    
   49.00      0.1779    
   50.00      0.1722    
   51.00      0.1633    
   52.00      0.1516    
   53.00      0.1378    
   54.00      0.1229    
   55.00      0.1077    
   56.00      0.9318E-01
   57.00      0.8011E-01
   58.00      0.6912E-01
   59.00      0.6059E-01
   60.00      0.5467E-01
   61.00      0.5129E-01
   62.00      0.5018E-01
   63.00      0.5093E-01
   64.00      0.5301E-01
   65.00      0.5587E-01
   66.00      0.5895E-01
   67.00      0.6177E-01
   68.00      0.6392E-01
   69.00      0.6510E-01
   70.00      0.6515E-01
   71.00      0.6402E-01
   72.00      0.6176E-01
   73.00      0.5853E-01
   74.00      0.5453E-01
   75.00      0.5000E-01
   76.00      0.4522E-01
   77.00      0.4042E-01
   78.00      0.3583E-01
   79.00      0.3163E-01
   80.00      0.2793E-01
 END
@legend string   1 "Partition=  2 Excit=  1 near/far= 1"
#legend string   0 "Lab energy =   21.0000"
@s1 linestyle   2
#  Theta       sigma       iT11        T20         T21         T22         Kyy for projectile
   0.000       20.14    
   1.000       20.19    
   2.000       20.31    
   3.000       20.50    
   4.000       20.76    
   5.000       21.07    
   6.000       21.42    
   7.000       21.79    
   8.000       22.17    
   9.000       22.52    
   10.00       22.83    
   11.00       23.08    
   12.00       23.25    
   13.00       23.32    
   14.00       23.28    
   15.00       23.10    
   16.00       22.79    
   17.00       22.33    
   18.00       21.71    
   19.00       20.94    
   20.00       20.02    
   21.00       18.96    
   22.00       17.78    
   23.00       16.52    
   24.00       15.19    
   25.00       13.83    
   26.00       12.47    
   27.00       11.15    
   28.00       9.893    
   29.00       8.720    
   30.00       7.651    
   31.00       6.698    
   32.00       5.869    
   33.00       5.166    
   34.00       4.589    
   35.00       4.130    
   36.00       3.778    
   37.00       3.521    
   38.00       3.340    
   39.00       3.219    
   40.00       3.139    
   41.00       3.082    
   42.00       3.035    
   43.00       2.985    
   44.00       2.922    
   45.00       2.841    
   46.00       2.740    
   47.00       2.616    
   48.00       2.472    
   49.00       2.310    
   50.00       2.134    
   51.00       1.949    
   52.00       1.760    
   53.00       1.573    
   54.00       1.393    
   55.00       1.225    
   56.00       1.072    
   57.00      0.9371    
   58.00      0.8223    
   59.00      0.7276    
   60.00      0.6522    
   61.00      0.5947    
   62.00      0.5529    
   63.00      0.5242    
   64.00      0.5061    
   65.00      0.4958    
   66.00      0.4909    
   67.00      0.4889    
   68.00      0.4877    
   69.00      0.4858    
   70.00      0.4816    
   71.00      0.4744    
   72.00      0.4637    
   73.00      0.4493    
   74.00      0.4316    
   75.00      0.4111    
   76.00      0.3886    
   77.00      0.3651    
   78.00      0.3413    
   79.00      0.3181    
   80.00      0.2963    
 END
