#  81 angles,  1 tensor ranks for 0=projectile
@subtitle   "39K(3He,d)40Ca 21 MeV DWBA ZR 9603 keV Jpi=3- l=3 n=1 j=7/2"                   
@legend ON
@legend x1 0.2
@legend y1 0.8
@g0 type LOGY
@yaxis ticklabel format power
@legend string   0 "Lab energy =   21.0000"
#legend string   0 "Partition=  2 Excit=  1 near/far= 1"
#  Theta       sigma       iT11        T20         T21         T22         Kyy for projectile
   0.000       4.324    
   1.000       4.327    
   2.000       4.337    
   3.000       4.352    
   4.000       4.372    
   5.000       4.396    
   6.000       4.422    
   7.000       4.448    
   8.000       4.472    
   9.000       4.490    
   10.00       4.501    
   11.00       4.500    
   12.00       4.486    
   13.00       4.457    
   14.00       4.410    
   15.00       4.345    
   16.00       4.259    
   17.00       4.153    
   18.00       4.025    
   19.00       3.876    
   20.00       3.709    
   21.00       3.523    
   22.00       3.322    
   23.00       3.110    
   24.00       2.889    
   25.00       2.664    
   26.00       2.439    
   27.00       2.218    
   28.00       2.005    
   29.00       1.803    
   30.00       1.616    
   31.00       1.445    
   32.00       1.293    
   33.00       1.160    
   34.00       1.047    
   35.00      0.9527    
   36.00      0.8758    
   37.00      0.8147    
   38.00      0.7672    
   39.00      0.7311    
   40.00      0.7037    
   41.00      0.6829    
   42.00      0.6662    
   43.00      0.6517    
   44.00      0.6376    
   45.00      0.6225    
   46.00      0.6054    
   47.00      0.5855    
   48.00      0.5624    
   49.00      0.5362    
   50.00      0.5072    
   51.00      0.4758    
   52.00      0.4428    
   53.00      0.4088    
   54.00      0.3747    
   55.00      0.3413    
   56.00      0.3090    
   57.00      0.2786    
   58.00      0.2503    
   59.00      0.2245    
   60.00      0.2014    
   61.00      0.1811    
   62.00      0.1634    
   63.00      0.1483    
   64.00      0.1356    
   65.00      0.1251    
   66.00      0.1163    
   67.00      0.1091    
   68.00      0.1031    
   69.00      0.9795E-01
   70.00      0.9350E-01
   71.00      0.8951E-01
   72.00      0.8581E-01
   73.00      0.8232E-01
   74.00      0.7896E-01
   75.00      0.7570E-01
   76.00      0.7256E-01
   77.00      0.6954E-01
   78.00      0.6668E-01
   79.00      0.6401E-01
   80.00      0.6157E-01
 END
