#  81 angles,  1 tensor ranks for 0=projectile
@subtitle   "39K(3He,d)40Ca 21 MeV DWBA ZR 8271 keV Jpi=3- l=5 n=1 j=9/2"                   
@legend ON
@legend x1 0.2
@legend y1 0.8
@g0 type LOGY
@yaxis ticklabel format power
@legend string   0 "Lab energy =   21.0000"
#legend string   0 "Partition=  2 Excit=  1 near/far= 1"
#  Theta       sigma       iT11        T20         T21         T22         Kyy for projectile
   0.000      0.4360    
   1.000      0.4351    
   2.000      0.4323    
   3.000      0.4279    
   4.000      0.4219    
   5.000      0.4148    
   6.000      0.4068    
   7.000      0.3985    
   8.000      0.3902    
   9.000      0.3824    
   10.00      0.3758    
   11.00      0.3706    
   12.00      0.3675    
   13.00      0.3668    
   14.00      0.3689    
   15.00      0.3739    
   16.00      0.3819    
   17.00      0.3930    
   18.00      0.4070    
   19.00      0.4235    
   20.00      0.4423    
   21.00      0.4628    
   22.00      0.4845    
   23.00      0.5067    
   24.00      0.5288    
   25.00      0.5500    
   26.00      0.5697    
   27.00      0.5872    
   28.00      0.6016    
   29.00      0.6125    
   30.00      0.6193    
   31.00      0.6216    
   32.00      0.6192    
   33.00      0.6121    
   34.00      0.6002    
   35.00      0.5839    
   36.00      0.5634    
   37.00      0.5392    
   38.00      0.5119    
   39.00      0.4820    
   40.00      0.4503    
   41.00      0.4173    
   42.00      0.3838    
   43.00      0.3505    
   44.00      0.3180    
   45.00      0.2868    
   46.00      0.2576    
   47.00      0.2306    
   48.00      0.2063    
   49.00      0.1847    
   50.00      0.1661    
   51.00      0.1504    
   52.00      0.1374    
   53.00      0.1270    
   54.00      0.1189    
   55.00      0.1130    
   56.00      0.1087    
   57.00      0.1060    
   58.00      0.1043    
   59.00      0.1034    
   60.00      0.1030    
   61.00      0.1028    
   62.00      0.1025    
   63.00      0.1021    
   64.00      0.1013    
   65.00      0.1000    
   66.00      0.9826E-01
   67.00      0.9596E-01
   68.00      0.9316E-01
   69.00      0.8993E-01
   70.00      0.8635E-01
   71.00      0.8250E-01
   72.00      0.7847E-01
   73.00      0.7437E-01
   74.00      0.7027E-01
   75.00      0.6625E-01
   76.00      0.6236E-01
   77.00      0.5867E-01
   78.00      0.5520E-01
   79.00      0.5198E-01
   80.00      0.4903E-01
 END
