#  81 angles,  1 tensor ranks for 0=projectile
@subtitle   "39K(3He,d)40Ca 21 MeV DWBA ZR 8764 keV Jpi=3- l=3 n=1 j=5/2"                   
@legend ON
@legend x1 0.2
@legend y1 0.8
@g0 type LOGY
@yaxis ticklabel format power
@legend string   0 "Lab energy =   21.0000"
#legend string   0 "Partition=  2 Excit=  1 near/far= 1"
#  Theta       sigma       iT11        T20         T21         T22         Kyy for projectile
   0.000       4.467    
   1.000       4.477    
   2.000       4.506    
   3.000       4.554    
   4.000       4.618    
   5.000       4.696    
   6.000       4.786    
   7.000       4.882    
   8.000       4.981    
   9.000       5.078    
   10.00       5.168    
   11.00       5.246    
   12.00       5.307    
   13.00       5.346    
   14.00       5.359    
   15.00       5.342    
   16.00       5.290    
   17.00       5.201    
   18.00       5.074    
   19.00       4.910    
   20.00       4.709    
   21.00       4.476    
   22.00       4.214    
   23.00       3.931    
   24.00       3.632    
   25.00       3.323    
   26.00       3.013    
   27.00       2.707    
   28.00       2.412    
   29.00       2.134    
   30.00       1.878    
   31.00       1.648    
   32.00       1.447    
   33.00       1.275    
   34.00       1.134    
   35.00       1.021    
   36.00      0.9334    
   37.00      0.8691    
   38.00      0.8240    
   39.00      0.7940    
   40.00      0.7752    
   41.00      0.7638    
   42.00      0.7565    
   43.00      0.7503    
   44.00      0.7427    
   45.00      0.7316    
   46.00      0.7159    
   47.00      0.6947    
   48.00      0.6677    
   49.00      0.6355    
   50.00      0.5985    
   51.00      0.5580    
   52.00      0.5150    
   53.00      0.4710    
   54.00      0.4270    
   55.00      0.3843    
   56.00      0.3436    
   57.00      0.3058    
   58.00      0.2714    
   59.00      0.2407    
   60.00      0.2139    
   61.00      0.1909    
   62.00      0.1717    
   63.00      0.1558    
   64.00      0.1430    
   65.00      0.1328    
   66.00      0.1248    
   67.00      0.1184    
   68.00      0.1132    
   69.00      0.1089    
   70.00      0.1053    
   71.00      0.1020    
   72.00      0.9893E-01
   73.00      0.9596E-01
   74.00      0.9305E-01
   75.00      0.9015E-01
   76.00      0.8728E-01
   77.00      0.8444E-01
   78.00      0.8168E-01
   79.00      0.7903E-01
   80.00      0.7654E-01
 END
