     0.0   1.500      1
     0.0   2.997     -1
     1.0   13.47      1
     1.0   26.98     -1
     2.0   29.96      1
     2.0   59.96     -1
     3.0   41.93      1
     3.0   83.95     -1
     4.0   53.88      1
     4.0   107.9     -1
     5.0   65.75      1
     5.0   131.4     -1
     6.0   76.12      1
     6.0   153.1     -1
     7.0   85.91      1
     7.0   169.3     -1
     8.0   84.84      1
     8.0   173.0     -1
     9.0   80.75      1
     9.0   159.4     -1
    10.0   64.94      1
    10.0   129.9     -1
    11.0   44.09      1
    11.0   91.78     -1
    12.0   30.78      1
    12.0   56.58     -1
    13.0   14.27      1
    13.0   31.91     -1
    14.0   9.663      1
    14.0   17.44     -1
    15.0   4.206      1
    15.0   9.434     -1
    16.0   2.813      1
    16.0   5.077     -1
    17.0   1.212      1
    17.0   2.719     -1
    18.0  0.8033      1
    18.0   1.450     -1
    19.0  0.3431      1
    19.0  0.7696     -1
    20.0  0.2256      1
    20.0  0.4070     -1
    21.0  0.9558E-01  1
    21.0  0.2145     -1
    22.0  0.6248E-01  1
    22.0  0.1127     -1
    23.0  0.2629E-01  1
    23.0  0.5902E-01 -1
    24.0  0.1710E-01  1
    24.0  0.3083E-01 -1
    25.0  0.7154E-02  1
    25.0  0.1606E-01 -1
    26.0  0.4631E-02  1
    26.0  0.8350E-02 -1
    27.0  0.1929E-02  1
    27.0  0.4331E-02 -1
    28.0  0.1244E-02  1
    28.0  0.2242E-02 -1
    29.0  0.5161E-03  1
    29.0  0.1159E-02 -1
    30.0  0.3314E-03  1
    30.0  0.5976E-03 -1
