#  81 angles,  1 tensor ranks for 0=projectile
@subtitle   "39K(3He,d)40Ca 21 MeV DWBA ZR 8359 keV Jpi=1- l=1 n=2 j=1/2"                   
@legend ON
@legend x1 0.2
@legend y1 0.8
@g0 type LOGY
@yaxis ticklabel format power
@xaxis label "Scattering angle (degrees)"
@yaxis label "Cross section (mb/sr)"
@legend string   0 "Partition=  1 Excit=  1 near/far= 1"
#legend string   0 "Lab energy =   21.0000"
@s0 linestyle   1
#  Theta       sigma       iT11        T20         T21         T22         Kyy for projectile
  0.1000E-01   1.000    
   1.000      0.9997    
   2.000       1.001    
   3.000      0.9801    
   4.000      0.9937    
   5.000       1.036    
   6.000       1.069    
   7.000       1.070    
   8.000       1.043    
   9.000       1.001    
   10.00      0.9589    
   11.00      0.9259    
   12.00      0.9030    
   13.00      0.8865    
   14.00      0.8704    
   15.00      0.8486    
   16.00      0.8173    
   17.00      0.7752    
   18.00      0.7238    
   19.00      0.6664    
   20.00      0.6075    
   21.00      0.5518    
   22.00      0.5029    
   23.00      0.4636    
   24.00      0.4347    
   25.00      0.4158    
   26.00      0.4051    
   27.00      0.3999    
   28.00      0.3972    
   29.00      0.3941    
   30.00      0.3882    
   31.00      0.3777    
   32.00      0.3620    
   33.00      0.3412    
   34.00      0.3163    
   35.00      0.2889    
   36.00      0.2608    
   37.00      0.2340    
   38.00      0.2104    
   39.00      0.1911    
   40.00      0.1770    
   41.00      0.1682    
   42.00      0.1644    
   43.00      0.1646    
   44.00      0.1677    
   45.00      0.1721    
   46.00      0.1765    
   47.00      0.1796    
   48.00      0.1803    
   49.00      0.1779    
   50.00      0.1722    
   51.00      0.1633    
   52.00      0.1516    
   53.00      0.1378    
   54.00      0.1229    
   55.00      0.1077    
   56.00      0.9318E-01
   57.00      0.8011E-01
   58.00      0.6912E-01
   59.00      0.6059E-01
   60.00      0.5467E-01
   61.00      0.5129E-01
   62.00      0.5018E-01
   63.00      0.5093E-01
   64.00      0.5301E-01
   65.00      0.5587E-01
   66.00      0.5895E-01
   67.00      0.6177E-01
   68.00      0.6392E-01
   69.00      0.6510E-01
   70.00      0.6515E-01
   71.00      0.6402E-01
   72.00      0.6176E-01
   73.00      0.5853E-01
   74.00      0.5453E-01
   75.00      0.5000E-01
   76.00      0.4522E-01
   77.00      0.4042E-01
   78.00      0.3583E-01
   79.00      0.3163E-01
   80.00      0.2793E-01
 END
@legend string   1 "Partition=  2 Excit=  1 near/far= 1"
#legend string   0 "Lab energy =   21.0000"
@s1 linestyle   2
#  Theta       sigma       iT11        T20         T21         T22         Kyy for projectile
   0.000       16.94    
   1.000       16.91    
   2.000       16.80    
   3.000       16.61    
   4.000       16.32    
   5.000       15.92    
   6.000       15.38    
   7.000       14.71    
   8.000       13.90    
   9.000       12.96    
   10.00       11.91    
   11.00       10.78    
   12.00       9.597    
   13.00       8.418    
   14.00       7.283    
   15.00       6.233    
   16.00       5.304    
   17.00       4.522    
   18.00       3.901    
   19.00       3.444    
   20.00       3.141    
   21.00       2.974    
   22.00       2.915    
   23.00       2.935    
   24.00       3.004    
   25.00       3.090    
   26.00       3.170    
   27.00       3.222    
   28.00       3.232    
   29.00       3.192    
   30.00       3.101    
   31.00       2.961    
   32.00       2.778    
   33.00       2.562    
   34.00       2.324    
   35.00       2.075    
   36.00       1.826    
   37.00       1.586    
   38.00       1.363    
   39.00       1.162    
   40.00      0.9862    
   41.00      0.8362    
   42.00      0.7117    
   43.00      0.6109    
   44.00      0.5312    
   45.00      0.4693    
   46.00      0.4219    
   47.00      0.3858    
   48.00      0.3580    
   49.00      0.3363    
   50.00      0.3188    
   51.00      0.3043    
   52.00      0.2919    
   53.00      0.2815    
   54.00      0.2728    
   55.00      0.2662    
   56.00      0.2618    
   57.00      0.2599    
   58.00      0.2605    
   59.00      0.2636    
   60.00      0.2691    
   61.00      0.2764    
   62.00      0.2851    
   63.00      0.2945    
   64.00      0.3040    
   65.00      0.3126    
   66.00      0.3198    
   67.00      0.3247    
   68.00      0.3268    
   69.00      0.3258    
   70.00      0.3213    
   71.00      0.3133    
   72.00      0.3018    
   73.00      0.2872    
   74.00      0.2699    
   75.00      0.2502    
   76.00      0.2289    
   77.00      0.2064    
   78.00      0.1835    
   79.00      0.1608    
   80.00      0.1389    
 END
