#  81 angles,  1 tensor ranks for 0=projectile
@subtitle   "39K(3He,d)40Ca 21 MeV DWBA ZR 8851 keV Jpi=6- l=5 n=1 j=11/2"                  
@legend ON
@legend x1 0.2
@legend y1 0.8
@g0 type LOGY
@yaxis ticklabel format power
@legend string   0 "Lab energy =   21.0000"
#legend string   0 "Partition=  2 Excit=  1 near/far= 1"
#  Theta       sigma       iT11        T20         T21         T22         Kyy for projectile
   0.000      0.6480    
   1.000      0.6480    
   2.000      0.6480    
   3.000      0.6482    
   4.000      0.6486    
   5.000      0.6495    
   6.000      0.6513    
   7.000      0.6542    
   8.000      0.6586    
   9.000      0.6648    
   10.00      0.6733    
   11.00      0.6842    
   12.00      0.6977    
   13.00      0.7139    
   14.00      0.7327    
   15.00      0.7541    
   16.00      0.7778    
   17.00      0.8035    
   18.00      0.8308    
   19.00      0.8593    
   20.00      0.8884    
   21.00      0.9177    
   22.00      0.9466    
   23.00      0.9744    
   24.00       1.000    
   25.00       1.024    
   26.00       1.045    
   27.00       1.062    
   28.00       1.074    
   29.00       1.081    
   30.00       1.082    
   31.00       1.078    
   32.00       1.067    
   33.00       1.050    
   34.00       1.026    
   35.00      0.9957    
   36.00      0.9600    
   37.00      0.9191    
   38.00      0.8738    
   39.00      0.8249    
   40.00      0.7734    
   41.00      0.7202    
   42.00      0.6663    
   43.00      0.6127    
   44.00      0.5602    
   45.00      0.5097    
   46.00      0.4619    
   47.00      0.4174    
   48.00      0.3766    
   49.00      0.3400    
   50.00      0.3076    
   51.00      0.2795    
   52.00      0.2558    
   53.00      0.2361    
   54.00      0.2201    
   55.00      0.2076    
   56.00      0.1981    
   57.00      0.1910    
   58.00      0.1860    
   59.00      0.1824    
   60.00      0.1800    
   61.00      0.1782    
   62.00      0.1767    
   63.00      0.1752    
   64.00      0.1736    
   65.00      0.1715    
   66.00      0.1688    
   67.00      0.1656    
   68.00      0.1618    
   69.00      0.1574    
   70.00      0.1524    
   71.00      0.1469    
   72.00      0.1412    
   73.00      0.1351    
   74.00      0.1290    
   75.00      0.1228    
   76.00      0.1168    
   77.00      0.1109    
   78.00      0.1054    
   79.00      0.1001    
   80.00      0.9516E-01
 END
