     0.0   1.503      1
     0.0   3.006     -1
     1.0   13.53      1
     1.0   27.06     -1
     2.0   30.06      1
     2.0   60.12     -1
     3.0   42.08      1
     3.0   84.14     -1
     4.0   53.99      1
     4.0   108.0     -1
     5.0   65.92      1
     5.0   131.5     -1
     6.0   76.33      1
     6.0   153.5     -1
     7.0   86.44      1
     7.0   170.1     -1
     8.0   85.28      1
     8.0   174.2     -1
     9.0   81.28      1
     9.0   160.5     -1
    10.0   65.14      1
    10.0   130.5     -1
    11.0   44.23      1
    11.0   91.94     -1
    12.0   30.74      1
    12.0   56.57     -1
    13.0   14.26      1
    13.0   31.87     -1
    14.0   9.648      1
    14.0   17.41     -1
    15.0   4.203      1
    15.0   9.425     -1
    16.0   2.810      1
    16.0   5.073     -1
    17.0   1.212      1
    17.0   2.717     -1
    18.0  0.8028      1
    18.0   1.449     -1
    19.0  0.3429      1
    19.0  0.7693     -1
    20.0  0.2255      1
    20.0  0.4069     -1
    21.0  0.9556E-01  1
    21.0  0.2144     -1
    22.0  0.6246E-01  1
    22.0  0.1126     -1
    23.0  0.2628E-01  1
    23.0  0.5900E-01 -1
    24.0  0.1709E-01  1
    24.0  0.3082E-01 -1
    25.0  0.7151E-02  1
    25.0  0.1606E-01 -1
    26.0  0.4628E-02  1
    26.0  0.8344E-02 -1
    27.0  0.1927E-02  1
    27.0  0.4326E-02 -1
    28.0  0.1241E-02  1
    28.0  0.2238E-02 -1
    29.0  0.5144E-03  1
    29.0  0.1155E-02 -1
    30.0  0.3292E-03  1
    30.0  0.5934E-03 -1
