#  81 angles,  1 tensor ranks for 0=projectile
@subtitle   "39K(3He,d)40Ca 21 MeV DWBA ZR 7623 keV Jpi=3+ l=4 n=2 j=7/2"                   
@legend ON
@legend x1 0.2
@legend y1 0.8
@g0 type LOGY
@yaxis ticklabel format power
@xaxis label "Scattering angle (degrees)"
@yaxis label "Cross section (mb/sr)"
@legend string   0 "Partition=  1 Excit=  1 near/far= 1"
#legend string   0 "Lab energy =   21.0000"
@s0 linestyle   1
#  Theta       sigma       iT11        T20         T21         T22         Kyy for projectile
  0.1000E-01   1.000    
   1.000      0.9997    
   2.000       1.001    
   3.000      0.9801    
   4.000      0.9937    
   5.000       1.036    
   6.000       1.069    
   7.000       1.070    
   8.000       1.043    
   9.000       1.001    
   10.00      0.9589    
   11.00      0.9259    
   12.00      0.9030    
   13.00      0.8865    
   14.00      0.8704    
   15.00      0.8486    
   16.00      0.8173    
   17.00      0.7752    
   18.00      0.7238    
   19.00      0.6664    
   20.00      0.6075    
   21.00      0.5518    
   22.00      0.5029    
   23.00      0.4636    
   24.00      0.4347    
   25.00      0.4158    
   26.00      0.4051    
   27.00      0.3999    
   28.00      0.3972    
   29.00      0.3941    
   30.00      0.3882    
   31.00      0.3777    
   32.00      0.3620    
   33.00      0.3412    
   34.00      0.3163    
   35.00      0.2889    
   36.00      0.2608    
   37.00      0.2340    
   38.00      0.2104    
   39.00      0.1911    
   40.00      0.1770    
   41.00      0.1682    
   42.00      0.1644    
   43.00      0.1646    
   44.00      0.1677    
   45.00      0.1721    
   46.00      0.1765    
   47.00      0.1796    
   48.00      0.1803    
   49.00      0.1779    
   50.00      0.1722    
   51.00      0.1633    
   52.00      0.1516    
   53.00      0.1378    
   54.00      0.1229    
   55.00      0.1077    
   56.00      0.9318E-01
   57.00      0.8011E-01
   58.00      0.6912E-01
   59.00      0.6059E-01
   60.00      0.5467E-01
   61.00      0.5129E-01
   62.00      0.5018E-01
   63.00      0.5093E-01
   64.00      0.5301E-01
   65.00      0.5587E-01
   66.00      0.5895E-01
   67.00      0.6177E-01
   68.00      0.6392E-01
   69.00      0.6510E-01
   70.00      0.6515E-01
   71.00      0.6402E-01
   72.00      0.6176E-01
   73.00      0.5853E-01
   74.00      0.5453E-01
   75.00      0.5000E-01
   76.00      0.4522E-01
   77.00      0.4042E-01
   78.00      0.3583E-01
   79.00      0.3163E-01
   80.00      0.2793E-01
 END
@legend string   1 "Partition=  2 Excit=  1 near/far= 1"
#legend string   0 "Lab energy =   21.0000"
@s1 linestyle   2
#  Theta       sigma       iT11        T20         T21         T22         Kyy for projectile
   0.000       2.755    
   1.000       2.763    
   2.000       2.788    
   3.000       2.828    
   4.000       2.883    
   5.000       2.951    
   6.000       3.030    
   7.000       3.120    
   8.000       3.217    
   9.000       3.321    
   10.00       3.430    
   11.00       3.542    
   12.00       3.656    
   13.00       3.771    
   14.00       3.885    
   15.00       3.997    
   16.00       4.106    
   17.00       4.209    
   18.00       4.304    
   19.00       4.389    
   20.00       4.459    
   21.00       4.511    
   22.00       4.541    
   23.00       4.545    
   24.00       4.521    
   25.00       4.464    
   26.00       4.374    
   27.00       4.251    
   28.00       4.094    
   29.00       3.907    
   30.00       3.692    
   31.00       3.453    
   32.00       3.196    
   33.00       2.927    
   34.00       2.652    
   35.00       2.377    
   36.00       2.109    
   37.00       1.853    
   38.00       1.615    
   39.00       1.398    
   40.00       1.205    
   41.00       1.037    
   42.00      0.8962    
   43.00      0.7810    
   44.00      0.6901    
   45.00      0.6213    
   46.00      0.5718    
   47.00      0.5386    
   48.00      0.5182    
   49.00      0.5074    
   50.00      0.5028    
   51.00      0.5017    
   52.00      0.5015    
   53.00      0.5001    
   54.00      0.4961    
   55.00      0.4884    
   56.00      0.4767    
   57.00      0.4607    
   58.00      0.4409    
   59.00      0.4179    
   60.00      0.3925    
   61.00      0.3655    
   62.00      0.3379    
   63.00      0.3105    
   64.00      0.2841    
   65.00      0.2593    
   66.00      0.2367    
   67.00      0.2165    
   68.00      0.1990    
   69.00      0.1841    
   70.00      0.1719    
   71.00      0.1619    
   72.00      0.1541    
   73.00      0.1479    
   74.00      0.1431    
   75.00      0.1391    
   76.00      0.1358    
   77.00      0.1327    
   78.00      0.1295    
   79.00      0.1261    
   80.00      0.1223    
 END
