     0.0   1.503      1
     0.0   3.005     -1
     1.0   13.49      1
     1.0   27.00     -1
     2.0   29.98      1
     2.0   59.99     -1
     3.0   41.97      1
     3.0   83.98     -1
     4.0   53.91      1
     4.0   107.9     -1
     5.0   65.82      1
     5.0   131.5     -1
     6.0   76.25      1
     6.0   153.4     -1
     7.0   86.20      1
     7.0   169.7     -1
     8.0   84.80      1
     8.0   173.4     -1
     9.0   80.47      1
     9.0   158.9     -1
    10.0   64.09      1
    10.0   128.5     -1
    11.0   43.00      1
    11.0   90.12     -1
    12.0   30.52      1
    12.0   55.67     -1
    13.0   13.98      1
    13.0   31.51     -1
    14.0   9.618      1
    14.0   17.27     -1
    15.0   4.157      1
    15.0   9.367     -1
    16.0   2.806      1
    16.0   5.049     -1
    17.0   1.204      1
    17.0   2.708     -1
    18.0  0.8021      1
    18.0   1.445     -1
    19.0  0.3417      1
    19.0  0.7677     -1
    20.0  0.2254      1
    20.0  0.4063     -1
    21.0  0.9535E-01  1
    21.0  0.2142     -1
    22.0  0.6245E-01  1
    22.0  0.1126     -1
    23.0  0.2625E-01  1
    23.0  0.5897E-01 -1
    24.0  0.1709E-01  1
    24.0  0.3081E-01 -1
    25.0  0.7147E-02  1
    25.0  0.1605E-01 -1
    26.0  0.4630E-02  1
    26.0  0.8345E-02 -1
    27.0  0.1928E-02  1
    27.0  0.4329E-02 -1
    28.0  0.1243E-02  1
    28.0  0.2241E-02 -1
    29.0  0.5155E-03  1
    29.0  0.1158E-02 -1
    30.0  0.3312E-03  1
    30.0  0.5969E-03 -1
