#  81 angles,  1 tensor ranks for 0=projectile
@subtitle   "39K(3He,d)40Ca 21 MeV DWBA ZR 9603 keV Jpi=3- l=3 n=2 j=5/2"                   
@legend ON
@legend x1 0.2
@legend y1 0.8
@g0 type LOGY
@yaxis ticklabel format power
@legend string   0 "Lab energy =   21.0000"
#legend string   0 "Partition=  2 Excit=  1 near/far= 1"
#  Theta       sigma       iT11        T20         T21         T22         Kyy for projectile
   0.000       10.34    
   1.000       10.36    
   2.000       10.42    
   3.000       10.51    
   4.000       10.64    
   5.000       10.79    
   6.000       10.96    
   7.000       11.13    
   8.000       11.31    
   9.000       11.47    
   10.00       11.60    
   11.00       11.69    
   12.00       11.74    
   13.00       11.72    
   14.00       11.64    
   15.00       11.50    
   16.00       11.28    
   17.00       10.98    
   18.00       10.62    
   19.00       10.19    
   20.00       9.692    
   21.00       9.143    
   22.00       8.549    
   23.00       7.923    
   24.00       7.276    
   25.00       6.623    
   26.00       5.977    
   27.00       5.351    
   28.00       4.757    
   29.00       4.204    
   30.00       3.701    
   31.00       3.252    
   32.00       2.861    
   33.00       2.529    
   34.00       2.255    
   35.00       2.037    
   36.00       1.869    
   37.00       1.747    
   38.00       1.661    
   39.00       1.606    
   40.00       1.573    
   41.00       1.554    
   42.00       1.543    
   43.00       1.534    
   44.00       1.521    
   45.00       1.503    
   46.00       1.475    
   47.00       1.436    
   48.00       1.386    
   49.00       1.326    
   50.00       1.255    
   51.00       1.177    
   52.00       1.092    
   53.00       1.004    
   54.00      0.9140    
   55.00      0.8256    
   56.00      0.7406    
   57.00      0.6606    
   58.00      0.5869    
   59.00      0.5205    
   60.00      0.4616    
   61.00      0.4104    
   62.00      0.3666    
   63.00      0.3297    
   64.00      0.2992    
   65.00      0.2742    
   66.00      0.2540    
   67.00      0.2376    
   68.00      0.2244    
   69.00      0.2133    
   70.00      0.2038    
   71.00      0.1953    
   72.00      0.1872    
   73.00      0.1793    
   74.00      0.1714    
   75.00      0.1635    
   76.00      0.1558    
   77.00      0.1482    
   78.00      0.1410    
   79.00      0.1343    
   80.00      0.1284    
 END
