#  81 angles,  1 tensor ranks for 0=projectile
@subtitle   "39K(3He,d)40Ca 21 MeV DWBA ZR 9136 keV Jpi=3- l=3 n=1 j=5/2"                   
@legend ON
@legend x1 0.2
@legend y1 0.8
@g0 type LOGY
@yaxis ticklabel format power
@legend string   0 "Lab energy =   21.0000"
#legend string   0 "Partition=  2 Excit=  1 near/far= 1"
#  Theta       sigma       iT11        T20         T21         T22         Kyy for projectile
   0.000       4.276    
   1.000       4.284    
   2.000       4.309    
   3.000       4.349    
   4.000       4.403    
   5.000       4.468    
   6.000       4.542    
   7.000       4.620    
   8.000       4.700    
   9.000       4.777    
   10.00       4.846    
   11.00       4.903    
   12.00       4.944    
   13.00       4.964    
   14.00       4.960    
   15.00       4.928    
   16.00       4.866    
   17.00       4.771    
   18.00       4.644    
   19.00       4.485    
   20.00       4.296    
   21.00       4.080    
   22.00       3.841    
   23.00       3.584    
   24.00       3.314    
   25.00       3.037    
   26.00       2.759    
   27.00       2.486    
   28.00       2.223    
   29.00       1.975    
   30.00       1.747    
   31.00       1.541    
   32.00       1.360    
   33.00       1.206    
   34.00       1.077    
   35.00      0.9734    
   36.00      0.8928    
   37.00      0.8324    
   38.00      0.7891    
   39.00      0.7596    
   40.00      0.7403    
   41.00      0.7279    
   42.00      0.7196    
   43.00      0.7126    
   44.00      0.7046    
   45.00      0.6940    
   46.00      0.6795    
   47.00      0.6603    
   48.00      0.6362    
   49.00      0.6073    
   50.00      0.5740    
   51.00      0.5374    
   52.00      0.4983    
   53.00      0.4580    
   54.00      0.4174    
   55.00      0.3775    
   56.00      0.3394    
   57.00      0.3036    
   58.00      0.2707    
   59.00      0.2411    
   60.00      0.2149    
   61.00      0.1922    
   62.00      0.1728    
   63.00      0.1566    
   64.00      0.1434    
   65.00      0.1326    
   66.00      0.1240    
   67.00      0.1171    
   68.00      0.1115    
   69.00      0.1070    
   70.00      0.1031    
   71.00      0.9973E-01
   72.00      0.9663E-01
   73.00      0.9368E-01
   74.00      0.9081E-01
   75.00      0.8798E-01
   76.00      0.8516E-01
   77.00      0.8238E-01
   78.00      0.7964E-01
   79.00      0.7698E-01
   80.00      0.7444E-01
 END
