#  81 angles,  1 tensor ranks for 0=projectile
@subtitle   "39K(3He,d)40Ca 21 MeV DWBA ZR 9226.69 keV Jpi=1- l=1 n=3 j=1/2"                
@legend ON
@legend x1 0.2
@legend y1 0.8
@g0 type LOGY
@yaxis ticklabel format power
@xaxis label "Scattering angle (degrees)"
@yaxis label "Cross section (mb/sr)"
@legend string   0 "Partition=  1 Excit=  1 near/far= 1"
#legend string   0 "Lab energy =   21.0000"
@s0 linestyle   1
#  Theta       sigma       iT11        T20         T21         T22         Kyy for projectile
  0.1000E-01   1.000    
   1.000      0.9997    
   2.000       1.001    
   3.000      0.9801    
   4.000      0.9937    
   5.000       1.036    
   6.000       1.069    
   7.000       1.070    
   8.000       1.043    
   9.000       1.001    
   10.00      0.9589    
   11.00      0.9259    
   12.00      0.9030    
   13.00      0.8865    
   14.00      0.8704    
   15.00      0.8486    
   16.00      0.8173    
   17.00      0.7752    
   18.00      0.7238    
   19.00      0.6664    
   20.00      0.6075    
   21.00      0.5518    
   22.00      0.5029    
   23.00      0.4636    
   24.00      0.4347    
   25.00      0.4158    
   26.00      0.4051    
   27.00      0.3999    
   28.00      0.3972    
   29.00      0.3941    
   30.00      0.3882    
   31.00      0.3777    
   32.00      0.3620    
   33.00      0.3412    
   34.00      0.3163    
   35.00      0.2889    
   36.00      0.2608    
   37.00      0.2340    
   38.00      0.2104    
   39.00      0.1911    
   40.00      0.1770    
   41.00      0.1682    
   42.00      0.1644    
   43.00      0.1646    
   44.00      0.1677    
   45.00      0.1721    
   46.00      0.1765    
   47.00      0.1796    
   48.00      0.1803    
   49.00      0.1779    
   50.00      0.1722    
   51.00      0.1633    
   52.00      0.1516    
   53.00      0.1378    
   54.00      0.1229    
   55.00      0.1077    
   56.00      0.9318E-01
   57.00      0.8011E-01
   58.00      0.6912E-01
   59.00      0.6059E-01
   60.00      0.5467E-01
   61.00      0.5129E-01
   62.00      0.5018E-01
   63.00      0.5093E-01
   64.00      0.5301E-01
   65.00      0.5587E-01
   66.00      0.5895E-01
   67.00      0.6177E-01
   68.00      0.6392E-01
   69.00      0.6510E-01
   70.00      0.6515E-01
   71.00      0.6402E-01
   72.00      0.6176E-01
   73.00      0.5853E-01
   74.00      0.5453E-01
   75.00      0.5000E-01
   76.00      0.4522E-01
   77.00      0.4042E-01
   78.00      0.3583E-01
   79.00      0.3163E-01
   80.00      0.2793E-01
 END
@legend string   1 "Partition=  2 Excit=  1 near/far= 1"
#legend string   0 "Lab energy =   21.0000"
@s1 linestyle   2
#  Theta       sigma       iT11        T20         T21         T22         Kyy for projectile
   0.000       20.19    
   1.000       20.12    
   2.000       19.93    
   3.000       19.60    
   4.000       19.12    
   5.000       18.51    
   6.000       17.74    
   7.000       16.83    
   8.000       15.78    
   9.000       14.61    
   10.00       13.34    
   11.00       12.01    
   12.00       10.66    
   13.00       9.322    
   14.00       8.047    
   15.00       6.870    
   16.00       5.824    
   17.00       4.930    
   18.00       4.201    
   19.00       3.637    
   20.00       3.230    
   21.00       2.963    
   22.00       2.812    
   23.00       2.751    
   24.00       2.752    
   25.00       2.787    
   26.00       2.832    
   27.00       2.866    
   28.00       2.874    
   29.00       2.846    
   30.00       2.778    
   31.00       2.670    
   32.00       2.526    
   33.00       2.354    
   34.00       2.162    
   35.00       1.961    
   36.00       1.759    
   37.00       1.564    
   38.00       1.383    
   39.00       1.222    
   40.00       1.082    
   41.00      0.9655    
   42.00      0.8713    
   43.00      0.7979    
   44.00      0.7425    
   45.00      0.7018    
   46.00      0.6723    
   47.00      0.6505    
   48.00      0.6332    
   49.00      0.6180    
   50.00      0.6026    
   51.00      0.5858    
   52.00      0.5668    
   53.00      0.5453    
   54.00      0.5217    
   55.00      0.4963    
   56.00      0.4700    
   57.00      0.4434    
   58.00      0.4175    
   59.00      0.3929    
   60.00      0.3701    
   61.00      0.3497    
   62.00      0.3316    
   63.00      0.3161    
   64.00      0.3027    
   65.00      0.2914    
   66.00      0.2815    
   67.00      0.2726    
   68.00      0.2643    
   69.00      0.2560    
   70.00      0.2474    
   71.00      0.2381    
   72.00      0.2280    
   73.00      0.2167    
   74.00      0.2045    
   75.00      0.1912    
   76.00      0.1771    
   77.00      0.1625    
   78.00      0.1475    
   79.00      0.1326    
   80.00      0.1180    
 END
