#  81 angles,  1 tensor ranks for 0=projectile
@subtitle   "39K(3He,d)40Ca 21 MeV DWBA ZR 6285 keV Jpi=3- l=3 n=1 j=5/2"                   
@legend ON
@legend x1 0.2
@legend y1 0.8
@g0 type LOGY
@yaxis ticklabel format power
@legend string   0 "Lab energy =   21.0000"
#legend string   0 "Partition=  2 Excit=  1 near/far= 1"
#  Theta       sigma       iT11        T20         T21         T22         Kyy for projectile
   0.000       1.911    
   1.000       1.918    
   2.000       1.939    
   3.000       1.974    
   4.000       2.023    
   5.000       2.088    
   6.000       2.167    
   7.000       2.261    
   8.000       2.370    
   9.000       2.495    
   10.00       2.632    
   11.00       2.781    
   12.00       2.937    
   13.00       3.096    
   14.00       3.250    
   15.00       3.392    
   16.00       3.513    
   17.00       3.606    
   18.00       3.662    
   19.00       3.677    
   20.00       3.644    
   21.00       3.564    
   22.00       3.435    
   23.00       3.262    
   24.00       3.051    
   25.00       2.809    
   26.00       2.544    
   27.00       2.267    
   28.00       1.989    
   29.00       1.717    
   30.00       1.463    
   31.00       1.231    
   32.00       1.029    
   33.00      0.8601    
   34.00      0.7246    
   35.00      0.6225    
   36.00      0.5512    
   37.00      0.5070    
   38.00      0.4853    
   39.00      0.4807    
   40.00      0.4881    
   41.00      0.5023    
   42.00      0.5189    
   43.00      0.5341    
   44.00      0.5448    
   45.00      0.5491    
   46.00      0.5457    
   47.00      0.5343    
   48.00      0.5150    
   49.00      0.4888    
   50.00      0.4569    
   51.00      0.4211    
   52.00      0.3829    
   53.00      0.3440    
   54.00      0.3059    
   55.00      0.2699    
   56.00      0.2369    
   57.00      0.2076    
   58.00      0.1823    
   59.00      0.1612    
   60.00      0.1439    
   61.00      0.1302    
   62.00      0.1197    
   63.00      0.1117    
   64.00      0.1058    
   65.00      0.1015    
   66.00      0.9817E-01
   67.00      0.9558E-01
   68.00      0.9336E-01
   69.00      0.9131E-01
   70.00      0.8928E-01
   71.00      0.8721E-01
   72.00      0.8510E-01
   73.00      0.8300E-01
   74.00      0.8098E-01
   75.00      0.7913E-01
   76.00      0.7751E-01
   77.00      0.7620E-01
   78.00      0.7522E-01
   79.00      0.7459E-01
   80.00      0.7428E-01
 END
