#  81 angles,  1 tensor ranks for 0=projectile
@subtitle   "39K(3He,d)40Ca 21 MeV DWBA ZR 9226.69 keV Jpi=2+ l=2 n=2 j=5/2"                
@legend ON
@legend x1 0.2
@legend y1 0.8
@g0 type LOGY
@yaxis ticklabel format power
@xaxis label "Scattering angle (degrees)"
@yaxis label "Cross section (mb/sr)"
@legend string   0 "Partition=  1 Excit=  1 near/far= 1"
#legend string   0 "Lab energy =   21.0000"
@s0 linestyle   1
#  Theta       sigma       iT11        T20         T21         T22         Kyy for projectile
  0.1000E-01   1.000    
   1.000      0.9997    
   2.000       1.001    
   3.000      0.9801    
   4.000      0.9937    
   5.000       1.036    
   6.000       1.069    
   7.000       1.070    
   8.000       1.043    
   9.000       1.001    
   10.00      0.9589    
   11.00      0.9259    
   12.00      0.9030    
   13.00      0.8865    
   14.00      0.8704    
   15.00      0.8486    
   16.00      0.8173    
   17.00      0.7752    
   18.00      0.7238    
   19.00      0.6664    
   20.00      0.6075    
   21.00      0.5518    
   22.00      0.5029    
   23.00      0.4636    
   24.00      0.4347    
   25.00      0.4158    
   26.00      0.4051    
   27.00      0.3999    
   28.00      0.3972    
   29.00      0.3941    
   30.00      0.3882    
   31.00      0.3777    
   32.00      0.3620    
   33.00      0.3412    
   34.00      0.3163    
   35.00      0.2889    
   36.00      0.2608    
   37.00      0.2340    
   38.00      0.2104    
   39.00      0.1911    
   40.00      0.1770    
   41.00      0.1682    
   42.00      0.1644    
   43.00      0.1646    
   44.00      0.1677    
   45.00      0.1721    
   46.00      0.1765    
   47.00      0.1796    
   48.00      0.1803    
   49.00      0.1779    
   50.00      0.1722    
   51.00      0.1633    
   52.00      0.1516    
   53.00      0.1378    
   54.00      0.1229    
   55.00      0.1077    
   56.00      0.9318E-01
   57.00      0.8011E-01
   58.00      0.6912E-01
   59.00      0.6059E-01
   60.00      0.5467E-01
   61.00      0.5129E-01
   62.00      0.5018E-01
   63.00      0.5093E-01
   64.00      0.5301E-01
   65.00      0.5587E-01
   66.00      0.5895E-01
   67.00      0.6177E-01
   68.00      0.6392E-01
   69.00      0.6510E-01
   70.00      0.6515E-01
   71.00      0.6402E-01
   72.00      0.6176E-01
   73.00      0.5853E-01
   74.00      0.5453E-01
   75.00      0.5000E-01
   76.00      0.4522E-01
   77.00      0.4042E-01
   78.00      0.3583E-01
   79.00      0.3163E-01
   80.00      0.2793E-01
 END
@legend string   1 "Partition=  2 Excit=  1 near/far= 1"
#legend string   0 "Lab energy =   21.0000"
@s1 linestyle   2
#  Theta       sigma       iT11        T20         T21         T22         Kyy for projectile
   0.000       13.30    
   1.000       13.32    
   2.000       13.38    
   3.000       13.49    
   4.000       13.62    
   5.000       13.76    
   6.000       13.90    
   7.000       14.02    
   8.000       14.10    
   9.000       14.12    
   10.00       14.06    
   11.00       13.90    
   12.00       13.63    
   13.00       13.26    
   14.00       12.76    
   15.00       12.17    
   16.00       11.47    
   17.00       10.70    
   18.00       9.871    
   19.00       9.010    
   20.00       8.141    
   21.00       7.288    
   22.00       6.473    
   23.00       5.714    
   24.00       5.027    
   25.00       4.421    
   26.00       3.901    
   27.00       3.466    
   28.00       3.115    
   29.00       2.838    
   30.00       2.626    
   31.00       2.467    
   32.00       2.349    
   33.00       2.259    
   34.00       2.188    
   35.00       2.124    
   36.00       2.060    
   37.00       1.990    
   38.00       1.911    
   39.00       1.822    
   40.00       1.722    
   41.00       1.612    
   42.00       1.496    
   43.00       1.377    
   44.00       1.257    
   45.00       1.140    
   46.00       1.029    
   47.00      0.9260    
   48.00      0.8334    
   49.00      0.7520    
   50.00      0.6821    
   51.00      0.6235    
   52.00      0.5754    
   53.00      0.5364    
   54.00      0.5051    
   55.00      0.4800    
   56.00      0.4592    
   57.00      0.4414    
   58.00      0.4251    
   59.00      0.4092    
   60.00      0.3930    
   61.00      0.3758    
   62.00      0.3575    
   63.00      0.3381    
   64.00      0.3178    
   65.00      0.2970    
   66.00      0.2763    
   67.00      0.2562    
   68.00      0.2372    
   69.00      0.2200    
   70.00      0.2048    
   71.00      0.1921    
   72.00      0.1819    
   73.00      0.1745    
   74.00      0.1696    
   75.00      0.1672    
   76.00      0.1669    
   77.00      0.1683    
   78.00      0.1711    
   79.00      0.1747    
   80.00      0.1786    
 END
