#  81 angles,  1 tensor ranks for 0=projectile
@subtitle   "39K(3He,d)40Ca 21 MeV DWBA ZR 0 keV Jpi=0+ l=2 n=1 j=3/2"                      
@legend ON
@legend x1 0.2
@legend y1 0.8
@g0 type LOGY
@yaxis ticklabel format power
@xaxis label "Scattering angle (degrees)"
@yaxis label "Cross section (mb/sr)"
@legend string   0 "Partition=  1 Excit=  1 near/far= 1"
#legend string   0 "Lab energy =   21.0000"
@s0 linestyle   1
#  Theta       sigma       iT11        T20         T21         T22         Kyy for projectile
  0.1000E-01   1.000    
   1.000      0.9997    
   2.000       1.001    
   3.000      0.9801    
   4.000      0.9937    
   5.000       1.036    
   6.000       1.069    
   7.000       1.070    
   8.000       1.043    
   9.000       1.001    
   10.00      0.9589    
   11.00      0.9259    
   12.00      0.9030    
   13.00      0.8865    
   14.00      0.8704    
   15.00      0.8486    
   16.00      0.8173    
   17.00      0.7752    
   18.00      0.7238    
   19.00      0.6664    
   20.00      0.6075    
   21.00      0.5518    
   22.00      0.5029    
   23.00      0.4636    
   24.00      0.4347    
   25.00      0.4158    
   26.00      0.4051    
   27.00      0.3999    
   28.00      0.3972    
   29.00      0.3941    
   30.00      0.3882    
   31.00      0.3777    
   32.00      0.3620    
   33.00      0.3412    
   34.00      0.3163    
   35.00      0.2889    
   36.00      0.2608    
   37.00      0.2340    
   38.00      0.2104    
   39.00      0.1911    
   40.00      0.1770    
   41.00      0.1682    
   42.00      0.1644    
   43.00      0.1646    
   44.00      0.1677    
   45.00      0.1721    
   46.00      0.1765    
   47.00      0.1796    
   48.00      0.1803    
   49.00      0.1779    
   50.00      0.1722    
   51.00      0.1633    
   52.00      0.1516    
   53.00      0.1378    
   54.00      0.1229    
   55.00      0.1077    
   56.00      0.9318E-01
   57.00      0.8011E-01
   58.00      0.6912E-01
   59.00      0.6059E-01
   60.00      0.5467E-01
   61.00      0.5129E-01
   62.00      0.5018E-01
   63.00      0.5093E-01
   64.00      0.5301E-01
   65.00      0.5587E-01
   66.00      0.5895E-01
   67.00      0.6177E-01
   68.00      0.6392E-01
   69.00      0.6510E-01
   70.00      0.6515E-01
   71.00      0.6402E-01
   72.00      0.6176E-01
   73.00      0.5853E-01
   74.00      0.5453E-01
   75.00      0.5000E-01
   76.00      0.4522E-01
   77.00      0.4042E-01
   78.00      0.3583E-01
   79.00      0.3163E-01
   80.00      0.2793E-01
 END
@legend string   1 "Partition=  2 Excit=  1 near/far= 1"
#legend string   0 "Lab energy =   21.0000"
@s1 linestyle   2
#  Theta       sigma       iT11        T20         T21         T22         Kyy for projectile
   0.000      0.8334E-01
   1.000      0.8215E-01
   2.000      0.7917E-01
   3.000      0.7608E-01
   4.000      0.7529E-01
   5.000      0.7954E-01
   6.000      0.9128E-01
   7.000      0.1123    
   8.000      0.1430    
   9.000      0.1828    
   10.00      0.2295    
   11.00      0.2798    
   12.00      0.3295    
   13.00      0.3745    
   14.00      0.4105    
   15.00      0.4344    
   16.00      0.4439    
   17.00      0.4384    
   18.00      0.4183    
   19.00      0.3857    
   20.00      0.3434    
   21.00      0.2949    
   22.00      0.2441    
   23.00      0.1944    
   24.00      0.1490    
   25.00      0.1102    
   26.00      0.7966E-01
   27.00      0.5787E-01
   28.00      0.4467E-01
   29.00      0.3918E-01
   30.00      0.4003E-01
   31.00      0.4555E-01
   32.00      0.5398E-01
   33.00      0.6366E-01
   34.00      0.7313E-01
   35.00      0.8128E-01
   36.00      0.8731E-01
   37.00      0.9082E-01
   38.00      0.9171E-01
   39.00      0.9018E-01
   40.00      0.8658E-01
   41.00      0.8143E-01
   42.00      0.7524E-01
   43.00      0.6856E-01
   44.00      0.6184E-01
   45.00      0.5545E-01
   46.00      0.4966E-01
   47.00      0.4460E-01
   48.00      0.4033E-01
   49.00      0.3683E-01
   50.00      0.3400E-01
   51.00      0.3173E-01
   52.00      0.2989E-01
   53.00      0.2833E-01
   54.00      0.2696E-01
   55.00      0.2570E-01
   56.00      0.2450E-01
   57.00      0.2333E-01
   58.00      0.2221E-01
   59.00      0.2116E-01
   60.00      0.2021E-01
   61.00      0.1940E-01
   62.00      0.1876E-01
   63.00      0.1832E-01
   64.00      0.1808E-01
   65.00      0.1804E-01
   66.00      0.1817E-01
   67.00      0.1844E-01
   68.00      0.1880E-01
   69.00      0.1920E-01
   70.00      0.1958E-01
   71.00      0.1989E-01
   72.00      0.2009E-01
   73.00      0.2014E-01
   74.00      0.2001E-01
   75.00      0.1970E-01
   76.00      0.1921E-01
   77.00      0.1854E-01
   78.00      0.1771E-01
   79.00      0.1677E-01
   80.00      0.1574E-01
 END
