     0.0   1.503      1
     0.0   3.005     -1
     1.0   13.52      1
     1.0   27.05     -1
     2.0   30.06      1
     2.0   60.10     -1
     3.0   42.08      1
     3.0   84.14     -1
     4.0   54.04      1
     4.0   108.1     -1
     5.0   65.97      1
     5.0   131.7     -1
     6.0   76.47      1
     6.0   153.7     -1
     7.0   86.57      1
     7.0   170.3     -1
     8.0   85.45      1
     8.0   174.4     -1
     9.0   81.44      1
     9.0   160.7     -1
    10.0   65.35      1
    10.0   130.8     -1
    11.0   44.37      1
    11.0   92.27     -1
    12.0   30.88      1
    12.0   56.81     -1
    13.0   14.33      1
    13.0   32.02     -1
    14.0   9.682      1
    14.0   17.48     -1
    15.0   4.218      1
    15.0   9.454     -1
    16.0   2.817      1
    16.0   5.086     -1
    17.0   1.215      1
    17.0   2.723     -1
    18.0  0.8040      1
    18.0   1.451     -1
    19.0  0.3435      1
    19.0  0.7704     -1
    20.0  0.2258      1
    20.0  0.4074     -1
    21.0  0.9567E-01  1
    21.0  0.2147     -1
    22.0  0.6251E-01  1
    22.0  0.1127     -1
    23.0  0.2631E-01  1
    23.0  0.5905E-01 -1
    24.0  0.1710E-01  1
    24.0  0.3084E-01 -1
    25.0  0.7157E-02  1
    25.0  0.1607E-01 -1
    26.0  0.4632E-02  1
    26.0  0.8352E-02 -1
    27.0  0.1929E-02  1
    27.0  0.4332E-02 -1
    28.0  0.1243E-02  1
    28.0  0.2242E-02 -1
    29.0  0.5160E-03  1
    29.0  0.1158E-02 -1
    30.0  0.3312E-03  1
    30.0  0.5973E-03 -1
