#  81 angles,  1 tensor ranks for 0=projectile
@subtitle   "39K(3He,d)40Ca 21 MeV DWBA ZR 8851 keV Jpi=2- l=3 n=1 j=7/2"                   
@legend ON
@legend x1 0.2
@legend y1 0.8
@g0 type LOGY
@yaxis ticklabel format power
@xaxis label "Scattering angle (degrees)"
@yaxis label "Cross section (mb/sr)"
@legend string   0 "Partition=  1 Excit=  1 near/far= 1"
#legend string   0 "Lab energy =   21.0000"
@s0 linestyle   1
#  Theta       sigma       iT11        T20         T21         T22         Kyy for projectile
  0.1000E-01   1.000    
   1.000      0.9997    
   2.000       1.001    
   3.000      0.9801    
   4.000      0.9937    
   5.000       1.036    
   6.000       1.069    
   7.000       1.070    
   8.000       1.043    
   9.000       1.001    
   10.00      0.9589    
   11.00      0.9259    
   12.00      0.9030    
   13.00      0.8865    
   14.00      0.8704    
   15.00      0.8486    
   16.00      0.8173    
   17.00      0.7752    
   18.00      0.7238    
   19.00      0.6664    
   20.00      0.6075    
   21.00      0.5518    
   22.00      0.5029    
   23.00      0.4636    
   24.00      0.4347    
   25.00      0.4158    
   26.00      0.4051    
   27.00      0.3999    
   28.00      0.3972    
   29.00      0.3941    
   30.00      0.3882    
   31.00      0.3777    
   32.00      0.3620    
   33.00      0.3412    
   34.00      0.3163    
   35.00      0.2889    
   36.00      0.2608    
   37.00      0.2340    
   38.00      0.2104    
   39.00      0.1911    
   40.00      0.1770    
   41.00      0.1682    
   42.00      0.1644    
   43.00      0.1646    
   44.00      0.1677    
   45.00      0.1721    
   46.00      0.1765    
   47.00      0.1796    
   48.00      0.1803    
   49.00      0.1779    
   50.00      0.1722    
   51.00      0.1633    
   52.00      0.1516    
   53.00      0.1378    
   54.00      0.1229    
   55.00      0.1077    
   56.00      0.9318E-01
   57.00      0.8011E-01
   58.00      0.6912E-01
   59.00      0.6059E-01
   60.00      0.5467E-01
   61.00      0.5129E-01
   62.00      0.5018E-01
   63.00      0.5093E-01
   64.00      0.5301E-01
   65.00      0.5587E-01
   66.00      0.5895E-01
   67.00      0.6177E-01
   68.00      0.6392E-01
   69.00      0.6510E-01
   70.00      0.6515E-01
   71.00      0.6402E-01
   72.00      0.6176E-01
   73.00      0.5853E-01
   74.00      0.5453E-01
   75.00      0.5000E-01
   76.00      0.4522E-01
   77.00      0.4042E-01
   78.00      0.3583E-01
   79.00      0.3163E-01
   80.00      0.2793E-01
 END
@legend string   1 "Partition=  2 Excit=  1 near/far= 1"
#legend string   0 "Lab energy =   21.0000"
@s1 linestyle   2
#  Theta       sigma       iT11        T20         T21         T22         Kyy for projectile
   0.000       3.465    
   1.000       3.469    
   2.000       3.481    
   3.000       3.501    
   4.000       3.526    
   5.000       3.557    
   6.000       3.590    
   7.000       3.625    
   8.000       3.660    
   9.000       3.692    
   10.00       3.720    
   11.00       3.741    
   12.00       3.752    
   13.00       3.752    
   14.00       3.736    
   15.00       3.703    
   16.00       3.651    
   17.00       3.577    
   18.00       3.482    
   19.00       3.365    
   20.00       3.228    
   21.00       3.071    
   22.00       2.899    
   23.00       2.713    
   24.00       2.518    
   25.00       2.316    
   26.00       2.113    
   27.00       1.912    
   28.00       1.717    
   29.00       1.532    
   30.00       1.360    
   31.00       1.205    
   32.00       1.066    
   33.00      0.9463    
   34.00      0.8451    
   35.00      0.7618    
   36.00      0.6952    
   37.00      0.6432    
   38.00      0.6039    
   39.00      0.5749    
   40.00      0.5537    
   41.00      0.5382    
   42.00      0.5262    
   43.00      0.5158    
   44.00      0.5052    
   45.00      0.4933    
   46.00      0.4791    
   47.00      0.4621    
   48.00      0.4421    
   49.00      0.4192    
   50.00      0.3938    
   51.00      0.3666    
   52.00      0.3383    
   53.00      0.3095    
   54.00      0.2810    
   55.00      0.2533    
   56.00      0.2272    
   57.00      0.2029    
   58.00      0.1808    
   59.00      0.1611    
   60.00      0.1440    
   61.00      0.1293    
   62.00      0.1169    
   63.00      0.1067    
   64.00      0.9835E-01
   65.00      0.9161E-01
   66.00      0.8614E-01
   67.00      0.8166E-01
   68.00      0.7788E-01
   69.00      0.7460E-01
   70.00      0.7164E-01
   71.00      0.6885E-01
   72.00      0.6616E-01
   73.00      0.6351E-01
   74.00      0.6087E-01
   75.00      0.5826E-01
   76.00      0.5569E-01
   77.00      0.5321E-01
   78.00      0.5088E-01
   79.00      0.4875E-01
   80.00      0.4688E-01
 END
