#  81 angles,  1 tensor ranks for 0=projectile
@subtitle   "39K(3He,d)40Ca 21 MeV DWBA ZR 8851 keV Jpi=2- l=3 n=1 j=7/2"                   
@legend ON
@legend x1 0.2
@legend y1 0.8
@g0 type LOGY
@yaxis ticklabel format power
@legend string   0 "Lab energy =   21.0000"
#legend string   0 "Partition=  2 Excit=  1 near/far= 1"
#  Theta       sigma       iT11        T20         T21         T22         Kyy for projectile
   0.000       3.465    
   1.000       3.469    
   2.000       3.481    
   3.000       3.501    
   4.000       3.526    
   5.000       3.557    
   6.000       3.590    
   7.000       3.625    
   8.000       3.660    
   9.000       3.692    
   10.00       3.720    
   11.00       3.741    
   12.00       3.752    
   13.00       3.752    
   14.00       3.736    
   15.00       3.703    
   16.00       3.651    
   17.00       3.577    
   18.00       3.482    
   19.00       3.365    
   20.00       3.228    
   21.00       3.071    
   22.00       2.899    
   23.00       2.713    
   24.00       2.518    
   25.00       2.316    
   26.00       2.113    
   27.00       1.912    
   28.00       1.717    
   29.00       1.532    
   30.00       1.360    
   31.00       1.205    
   32.00       1.066    
   33.00      0.9463    
   34.00      0.8451    
   35.00      0.7618    
   36.00      0.6952    
   37.00      0.6432    
   38.00      0.6039    
   39.00      0.5749    
   40.00      0.5537    
   41.00      0.5382    
   42.00      0.5262    
   43.00      0.5158    
   44.00      0.5052    
   45.00      0.4933    
   46.00      0.4791    
   47.00      0.4621    
   48.00      0.4421    
   49.00      0.4192    
   50.00      0.3938    
   51.00      0.3666    
   52.00      0.3383    
   53.00      0.3095    
   54.00      0.2810    
   55.00      0.2533    
   56.00      0.2272    
   57.00      0.2029    
   58.00      0.1808    
   59.00      0.1611    
   60.00      0.1440    
   61.00      0.1293    
   62.00      0.1169    
   63.00      0.1067    
   64.00      0.9835E-01
   65.00      0.9161E-01
   66.00      0.8614E-01
   67.00      0.8166E-01
   68.00      0.7788E-01
   69.00      0.7460E-01
   70.00      0.7164E-01
   71.00      0.6885E-01
   72.00      0.6616E-01
   73.00      0.6351E-01
   74.00      0.6087E-01
   75.00      0.5826E-01
   76.00      0.5569E-01
   77.00      0.5321E-01
   78.00      0.5088E-01
   79.00      0.4875E-01
   80.00      0.4688E-01
 END
