     0.0   1.494      1
     0.0   2.991     -1
     1.0   13.48      1
     1.0   26.98     -1
     2.0   29.97      1
     2.0   59.98     -1
     3.0   41.97      1
     3.0   83.99     -1
     4.0   53.89      1
     4.0   107.9     -1
     5.0   65.79      1
     5.0   131.4     -1
     6.0   76.08      1
     6.0   153.1     -1
     7.0   86.06      1
     7.0   169.4     -1
     8.0   85.02      1
     8.0   173.5     -1
     9.0   81.04      1
     9.0   160.0     -1
    10.0   65.17      1
    10.0   130.4     -1
    11.0   44.24      1
    11.0   92.05     -1
    12.0   30.84      1
    12.0   56.71     -1
    13.0   14.30      1
    13.0   31.97     -1
    14.0   9.675      1
    14.0   17.46     -1
    15.0   4.214      1
    15.0   9.447     -1
    16.0   2.815      1
    16.0   5.083     -1
    17.0   1.214      1
    17.0   2.722     -1
    18.0  0.8038      1
    18.0   1.451     -1
    19.0  0.3434      1
    19.0  0.7702     -1
    20.0  0.2257      1
    20.0  0.4073     -1
    21.0  0.9564E-01  1
    21.0  0.2146     -1
    22.0  0.6250E-01  1
    22.0  0.1127     -1
    23.0  0.2630E-01  1
    23.0  0.5904E-01 -1
    24.0  0.1710E-01  1
    24.0  0.3084E-01 -1
    25.0  0.7156E-02  1
    25.0  0.1607E-01 -1
    26.0  0.4632E-02  1
    26.0  0.8351E-02 -1
    27.0  0.1929E-02  1
    27.0  0.4332E-02 -1
    28.0  0.1244E-02  1
    28.0  0.2242E-02 -1
    29.0  0.5161E-03  1
    29.0  0.1159E-02 -1
    30.0  0.3314E-03  1
    30.0  0.5976E-03 -1
