     0.0   1.494      1
     0.0   2.990     -1
     1.0   13.47      1
     1.0   26.97     -1
     2.0   29.96      1
     2.0   59.96     -1
     3.0   41.96      1
     3.0   83.98     -1
     4.0   53.88      1
     4.0   107.9     -1
     5.0   65.78      1
     5.0   131.3     -1
     6.0   76.01      1
     6.0   153.0     -1
     7.0   85.97      1
     7.0   169.2     -1
     8.0   84.90      1
     8.0   173.2     -1
     9.0   80.89      1
     9.0   159.8     -1
    10.0   65.09      1
    10.0   130.2     -1
    11.0   44.17      1
    11.0   91.94     -1
    12.0   30.82      1
    12.0   56.66     -1
    13.0   14.29      1
    13.0   31.95     -1
    14.0   9.671      1
    14.0   17.45     -1
    15.0   4.210      1
    15.0   9.442     -1
    16.0   2.815      1
    16.0   5.080     -1
    17.0   1.213      1
    17.0   2.720     -1
    18.0  0.8036      1
    18.0   1.450     -1
    19.0  0.3432      1
    19.0  0.7699     -1
    20.0  0.2257      1
    20.0  0.4072     -1
    21.0  0.9562E-01  1
    21.0  0.2146     -1
    22.0  0.6250E-01  1
    22.0  0.1127     -1
    23.0  0.2630E-01  1
    23.0  0.5903E-01 -1
    24.0  0.1710E-01  1
    24.0  0.3083E-01 -1
    25.0  0.7155E-02  1
    25.0  0.1607E-01 -1
    26.0  0.4631E-02  1
    26.0  0.8351E-02 -1
    27.0  0.1929E-02  1
    27.0  0.4332E-02 -1
    28.0  0.1244E-02  1
    28.0  0.2242E-02 -1
    29.0  0.5161E-03  1
    29.0  0.1159E-02 -1
    30.0  0.3313E-03  1
    30.0  0.5976E-03 -1
