#  81 angles,  1 tensor ranks for 0=projectile
@subtitle   "39K(3He,d)40Ca 21 MeV DWBA ZR 8665 keV Jpi=1- l=1 n=2 j=3/2"                   
@legend ON
@legend x1 0.2
@legend y1 0.8
@g0 type LOGY
@yaxis ticklabel format power
@legend string   0 "Lab energy =   21.0000"
#legend string   0 "Partition=  2 Excit=  1 near/far= 1"
#  Theta       sigma       iT11        T20         T21         T22         Kyy for projectile
   0.000       12.98    
   1.000       12.96    
   2.000       12.90    
   3.000       12.80    
   4.000       12.64    
   5.000       12.41    
   6.000       12.09    
   7.000       11.68    
   8.000       11.16    
   9.000       10.53    
   10.00       9.820    
   11.00       9.032    
   12.00       8.194    
   13.00       7.338    
   14.00       6.495    
   15.00       5.699    
   16.00       4.976    
   17.00       4.349    
   18.00       3.831    
   19.00       3.427    
   20.00       3.133    
   21.00       2.936    
   22.00       2.822    
   23.00       2.767    
   24.00       2.752    
   25.00       2.755    
   26.00       2.758    
   27.00       2.746    
   28.00       2.707    
   29.00       2.637    
   30.00       2.532    
   31.00       2.394    
   32.00       2.229    
   33.00       2.044    
   34.00       1.846    
   35.00       1.643    
   36.00       1.445    
   37.00       1.258    
   38.00       1.088    
   39.00      0.9385    
   40.00      0.8113    
   41.00      0.7072    
   42.00      0.6252    
   43.00      0.5632    
   44.00      0.5185    
   45.00      0.4879    
   46.00      0.4679    
   47.00      0.4555    
   48.00      0.4475    
   49.00      0.4415    
   50.00      0.4356    
   51.00      0.4283    
   52.00      0.4189    
   53.00      0.4070    
   54.00      0.3928    
   55.00      0.3767    
   56.00      0.3592    
   57.00      0.3410    
   58.00      0.3230    
   59.00      0.3056    
   60.00      0.2894    
   61.00      0.2749    
   62.00      0.2622    
   63.00      0.2516    
   64.00      0.2428    
   65.00      0.2358    
   66.00      0.2302    
   67.00      0.2257    
   68.00      0.2219    
   69.00      0.2185    
   70.00      0.2150    
   71.00      0.2111    
   72.00      0.2067    
   73.00      0.2015    
   74.00      0.1955    
   75.00      0.1885    
   76.00      0.1807    
   77.00      0.1721    
   78.00      0.1628    
   79.00      0.1530    
   80.00      0.1428    
 END
