     0.0   1.503      1
     0.0   3.006     -1
     1.0   13.53      1
     1.0   27.06     -1
     2.0   30.06      1
     2.0   60.12     -1
     3.0   42.09      1
     3.0   84.15     -1
     4.0   54.04      1
     4.0   108.1     -1
     5.0   65.97      1
     5.0   131.6     -1
     6.0   76.38      1
     6.0   153.5     -1
     7.0   86.39      1
     7.0   169.9     -1
     8.0   85.06      1
     8.0   173.6     -1
     9.0   80.71      1
     9.0   159.6     -1
    10.0   65.13      1
    10.0   130.0     -1
    11.0   44.02      1
    11.0   91.82     -1
    12.0   30.83      1
    12.0   56.60     -1
    13.0   14.25      1
    13.0   31.92     -1
    14.0   9.673      1
    14.0   17.44     -1
    15.0   4.202      1
    15.0   9.434     -1
    16.0   2.815      1
    16.0   5.076     -1
    17.0   1.211      1
    17.0   2.719     -1
    18.0  0.8036      1
    18.0   1.449     -1
    19.0  0.3428      1
    19.0  0.7695     -1
    20.0  0.2257      1
    20.0  0.4070     -1
    21.0  0.9552E-01  1
    21.0  0.2145     -1
    22.0  0.6249E-01  1
    22.0  0.1127     -1
    23.0  0.2628E-01  1
    23.0  0.5901E-01 -1
    24.0  0.1710E-01  1
    24.0  0.3082E-01 -1
    25.0  0.7151E-02  1
    25.0  0.1606E-01 -1
    26.0  0.4631E-02  1
    26.0  0.8349E-02 -1
    27.0  0.1928E-02  1
    27.0  0.4331E-02 -1
    28.0  0.1244E-02  1
    28.0  0.2242E-02 -1
    29.0  0.5161E-03  1
    29.0  0.1159E-02 -1
    30.0  0.3313E-03  1
    30.0  0.5976E-03 -1
