#  81 angles,  1 tensor ranks for 0=projectile
@subtitle   "39K(3He,d)40Ca 21 MeV DWBA ZR 8019 keV Jpi=1- l=3 n=2 j=5/2"                   
@legend ON
@legend x1 0.2
@legend y1 0.8
@g0 type LOGY
@yaxis ticklabel format power
@legend string   0 "Lab energy =   21.0000"
#legend string   0 "Partition=  2 Excit=  1 near/far= 1"
#  Theta       sigma       iT11        T20         T21         T22         Kyy for projectile
   0.000       5.200    
   1.000       5.197    
   2.000       5.188    
   3.000       5.175    
   4.000       5.158    
   5.000       5.140    
   6.000       5.122    
   7.000       5.105    
   8.000       5.091    
   9.000       5.079    
   10.00       5.069    
   11.00       5.059    
   12.00       5.048    
   13.00       5.032    
   14.00       5.007    
   15.00       4.968    
   16.00       4.910    
   17.00       4.827    
   18.00       4.715    
   19.00       4.570    
   20.00       4.392    
   21.00       4.180    
   22.00       3.938    
   23.00       3.670    
   24.00       3.382    
   25.00       3.082    
   26.00       2.776    
   27.00       2.474    
   28.00       2.181    
   29.00       1.906    
   30.00       1.652    
   31.00       1.425    
   32.00       1.227    
   33.00       1.060    
   34.00      0.9234    
   35.00      0.8164    
   36.00      0.7360    
   37.00      0.6785    
   38.00      0.6398    
   39.00      0.6153    
   40.00      0.6006    
   41.00      0.5916    
   42.00      0.5847    
   43.00      0.5771    
   44.00      0.5666    
   45.00      0.5518    
   46.00      0.5319    
   47.00      0.5067    
   48.00      0.4765    
   49.00      0.4422    
   50.00      0.4049    
   51.00      0.3657    
   52.00      0.3261    
   53.00      0.2874    
   54.00      0.2509    
   55.00      0.2174    
   56.00      0.1877    
   57.00      0.1621    
   58.00      0.1409    
   59.00      0.1238    
   60.00      0.1107    
   61.00      0.1010    
   62.00      0.9430E-01
   63.00      0.8992E-01
   64.00      0.8730E-01
   65.00      0.8585E-01
   66.00      0.8504E-01
   67.00      0.8440E-01
   68.00      0.8354E-01
   69.00      0.8219E-01
   70.00      0.8017E-01
   71.00      0.7742E-01
   72.00      0.7397E-01
   73.00      0.6991E-01
   74.00      0.6539E-01
   75.00      0.6058E-01
   76.00      0.5568E-01
   77.00      0.5084E-01
   78.00      0.4623E-01
   79.00      0.4198E-01
   80.00      0.3816E-01
 END
