#  81 angles,  1 tensor ranks for 0=projectile
@subtitle   "39K(3He,d)40Ca 21 MeV DWBA ZR 7623 keV Jpi=2- l=3 n=2 j=5/2"                   
@legend ON
@legend x1 0.2
@legend y1 0.8
@g0 type LOGY
@yaxis ticklabel format power
@legend string   0 "Lab energy =   21.0000"
#legend string   0 "Partition=  2 Excit=  1 near/far= 1"
#  Theta       sigma       iT11        T20         T21         T22         Kyy for projectile
   0.000       6.573    
   1.000       6.599    
   2.000       6.675    
   3.000       6.798    
   4.000       6.965    
   5.000       7.171    
   6.000       7.408    
   7.000       7.671    
   8.000       7.951    
   9.000       8.239    
   10.00       8.526    
   11.00       8.799    
   12.00       9.046    
   13.00       9.255    
   14.00       9.411    
   15.00       9.503    
   16.00       9.520    
   17.00       9.453    
   18.00       9.298    
   19.00       9.054    
   20.00       8.722    
   21.00       8.311    
   22.00       7.828    
   23.00       7.286    
   24.00       6.700    
   25.00       6.083    
   26.00       5.454    
   27.00       4.827    
   28.00       4.220    
   29.00       3.648    
   30.00       3.122    
   31.00       2.655    
   32.00       2.252    
   33.00       1.918    
   34.00       1.652    
   35.00       1.451    
   36.00       1.307    
   37.00       1.214    
   38.00       1.161    
   39.00       1.139    
   40.00       1.137    
   41.00       1.148    
   42.00       1.164    
   43.00       1.177    
   44.00       1.183    
   45.00       1.179    
   46.00       1.162    
   47.00       1.131    
   48.00       1.086    
   49.00       1.028    
   50.00      0.9605    
   51.00      0.8850    
   52.00      0.8051    
   53.00      0.7239    
   54.00      0.6444    
   55.00      0.5692    
   56.00      0.5003    
   57.00      0.4389    
   58.00      0.3859    
   59.00      0.3414    
   60.00      0.3051    
   61.00      0.2764    
   62.00      0.2543    
   63.00      0.2377    
   64.00      0.2255    
   65.00      0.2165    
   66.00      0.2097    
   67.00      0.2042    
   68.00      0.1991    
   69.00      0.1939    
   70.00      0.1882    
   71.00      0.1817    
   72.00      0.1744    
   73.00      0.1662    
   74.00      0.1576    
   75.00      0.1485    
   76.00      0.1395    
   77.00      0.1308    
   78.00      0.1227    
   79.00      0.1154    
   80.00      0.1091    
 END
