#  81 angles,  1 tensor ranks for 0=projectile
@subtitle   "39K(3He,d)40Ca 21 MeV DWBA ZR 8425 keV Jpi=2- l=1 n=2 j=3/2"                   
@legend ON
@legend x1 0.2
@legend y1 0.8
@g0 type LOGY
@yaxis ticklabel format power
@legend string   0 "Lab energy =   21.0000"
#legend string   0 "Partition=  2 Excit=  1 near/far= 1"
#  Theta       sigma       iT11        T20         T21         T22         Kyy for projectile
   0.000       24.20    
   1.000       24.18    
   2.000       24.11    
   3.000       23.97    
   4.000       23.74    
   5.000       23.37    
   6.000       22.84    
   7.000       22.11    
   8.000       21.17    
   9.000       20.02    
   10.00       18.68    
   11.00       17.19    
   12.00       15.58    
   13.00       13.93    
   14.00       12.29    
   15.00       10.74    
   16.00       9.323    
   17.00       8.092    
   18.00       7.074    
   19.00       6.279    
   20.00       5.700    
   21.00       5.315    
   22.00       5.091    
   23.00       4.988    
   24.00       4.963    
   25.00       4.974    
   26.00       4.987    
   27.00       4.970    
   28.00       4.904    
   29.00       4.776    
   30.00       4.583    
   31.00       4.328    
   32.00       4.022    
   33.00       3.677    
   34.00       3.310    
   35.00       2.936    
   36.00       2.571    
   37.00       2.229    
   38.00       1.920    
   39.00       1.650    
   40.00       1.423    
   41.00       1.239    
   42.00       1.097    
   43.00      0.9917    
   44.00      0.9179    
   45.00      0.8691    
   46.00      0.8389    
   47.00      0.8211    
   48.00      0.8101    
   49.00      0.8014    
   50.00      0.7915    
   51.00      0.7779    
   52.00      0.7596    
   53.00      0.7360    
   54.00      0.7077    
   55.00      0.6757    
   56.00      0.6412    
   57.00      0.6058    
   58.00      0.5708    
   59.00      0.5374    
   60.00      0.5068    
   61.00      0.4797    
   62.00      0.4565    
   63.00      0.4373    
   64.00      0.4220    
   65.00      0.4101    
   66.00      0.4011    
   67.00      0.3941    
   68.00      0.3885    
   69.00      0.3834    
   70.00      0.3781    
   71.00      0.3721    
   72.00      0.3649    
   73.00      0.3562    
   74.00      0.3457    
   75.00      0.3335    
   76.00      0.3196    
   77.00      0.3041    
   78.00      0.2873    
   79.00      0.2695    
   80.00      0.2511    
 END
