     0.0   1.503      1
     0.0   3.006     -1
     1.0   13.53      1
     1.0   27.06     -1
     2.0   30.06      1
     2.0   60.11     -1
     3.0   42.09      1
     3.0   84.14     -1
     4.0   54.03      1
     4.0   108.1     -1
     5.0   65.96      1
     5.0   131.6     -1
     6.0   76.41      1
     6.0   153.5     -1
     7.0   86.42      1
     7.0   170.0     -1
     8.0   85.16      1
     8.0   173.8     -1
     9.0   81.01      1
     9.0   159.8     -1
    10.0   64.89      1
    10.0   129.8     -1
    11.0   43.96      1
    11.0   91.61     -1
    12.0   30.76      1
    12.0   56.48     -1
    13.0   14.23      1
    13.0   31.87     -1
    14.0   9.659      1
    14.0   17.42     -1
    15.0   4.200      1
    15.0   9.427     -1
    16.0   2.812      1
    16.0   5.074     -1
    17.0   1.211      1
    17.0   2.718     -1
    18.0  0.8032      1
    18.0   1.449     -1
    19.0  0.3429      1
    19.0  0.7694     -1
    20.0  0.2256      1
    20.0  0.4069     -1
    21.0  0.9555E-01  1
    21.0  0.2145     -1
    22.0  0.6248E-01  1
    22.0  0.1127     -1
    23.0  0.2629E-01  1
    23.0  0.5901E-01 -1
    24.0  0.1710E-01  1
    24.0  0.3083E-01 -1
    25.0  0.7153E-02  1
    25.0  0.1606E-01 -1
    26.0  0.4631E-02  1
    26.0  0.8349E-02 -1
    27.0  0.1929E-02  1
    27.0  0.4331E-02 -1
    28.0  0.1243E-02  1
    28.0  0.2242E-02 -1
    29.0  0.5160E-03  1
    29.0  0.1158E-02 -1
    30.0  0.3313E-03  1
    30.0  0.5975E-03 -1
