#  81 angles,  1 tensor ranks for 0=projectile
@subtitle   "39K(3He,d)40Ca 21 MeV DWBA ZR 8935 keV Jpi=2+ l=2 n=1 j=3/2"                   
@legend ON
@legend x1 0.2
@legend y1 0.8
@g0 type LOGY
@yaxis ticklabel format power
@legend string   0 "Lab energy =   21.0000"
#legend string   0 "Partition=  2 Excit=  1 near/far= 1"
#  Theta       sigma       iT11        T20         T21         T22         Kyy for projectile
   0.000       6.467    
   1.000       6.479    
   2.000       6.513    
   3.000       6.566    
   4.000       6.633    
   5.000       6.706    
   6.000       6.775    
   7.000       6.832    
   8.000       6.864    
   9.000       6.864    
   10.00       6.821    
   11.00       6.729    
   12.00       6.583    
   13.00       6.380    
   14.00       6.121    
   15.00       5.810    
   16.00       5.453    
   17.00       5.059    
   18.00       4.639    
   19.00       4.206    
   20.00       3.773    
   21.00       3.351    
   22.00       2.954    
   23.00       2.590    
   24.00       2.265    
   25.00       1.985    
   26.00       1.751    
   27.00       1.561    
   28.00       1.413    
   29.00       1.301    
   30.00       1.220    
   31.00       1.163    
   32.00       1.123    
   33.00       1.094    
   34.00       1.070    
   35.00       1.046    
   36.00       1.019    
   37.00      0.9853    
   38.00      0.9448    
   39.00      0.8968    
   40.00      0.8420    
   41.00      0.7820    
   42.00      0.7184    
   43.00      0.6534    
   44.00      0.5890    
   45.00      0.5273    
   46.00      0.4697    
   47.00      0.4176    
   48.00      0.3719    
   49.00      0.3329    
   50.00      0.3006    
   51.00      0.2748    
   52.00      0.2548    
   53.00      0.2397    
   54.00      0.2285    
   55.00      0.2202    
   56.00      0.2138    
   57.00      0.2084    
   58.00      0.2031    
   59.00      0.1975    
   60.00      0.1909    
   61.00      0.1832    
   62.00      0.1743    
   63.00      0.1642    
   64.00      0.1532    
   65.00      0.1414    
   66.00      0.1292    
   67.00      0.1169    
   68.00      0.1049    
   69.00      0.9347E-01
   70.00      0.8288E-01
   71.00      0.7333E-01
   72.00      0.6495E-01
   73.00      0.5782E-01
   74.00      0.5194E-01
   75.00      0.4725E-01
   76.00      0.4366E-01
   77.00      0.4103E-01
   78.00      0.3920E-01
   79.00      0.3799E-01
   80.00      0.3722E-01
 END
