#  81 angles,  1 tensor ranks for 0=projectile
@subtitle   "39K(3He,d)40Ca 21 MeV DWBA ZR 8188 keV Jpi=3+ l=2 n=3 j=3/2"                   
@legend ON
@legend x1 0.2
@legend y1 0.8
@g0 type LOGY
@yaxis ticklabel format power
@xaxis label "Scattering angle (degrees)"
@yaxis label "Cross section (mb/sr)"
@legend string   0 "Partition=  1 Excit=  1 near/far= 1"
#legend string   0 "Lab energy =   21.0000"
@s0 linestyle   1
#  Theta       sigma       iT11        T20         T21         T22         Kyy for projectile
  0.1000E-01   1.000    
   1.000      0.9997    
   2.000       1.001    
   3.000      0.9801    
   4.000      0.9937    
   5.000       1.036    
   6.000       1.069    
   7.000       1.070    
   8.000       1.043    
   9.000       1.001    
   10.00      0.9589    
   11.00      0.9259    
   12.00      0.9030    
   13.00      0.8865    
   14.00      0.8704    
   15.00      0.8486    
   16.00      0.8173    
   17.00      0.7752    
   18.00      0.7238    
   19.00      0.6664    
   20.00      0.6075    
   21.00      0.5518    
   22.00      0.5029    
   23.00      0.4636    
   24.00      0.4347    
   25.00      0.4158    
   26.00      0.4051    
   27.00      0.3999    
   28.00      0.3972    
   29.00      0.3941    
   30.00      0.3882    
   31.00      0.3777    
   32.00      0.3620    
   33.00      0.3412    
   34.00      0.3163    
   35.00      0.2889    
   36.00      0.2608    
   37.00      0.2340    
   38.00      0.2104    
   39.00      0.1911    
   40.00      0.1770    
   41.00      0.1682    
   42.00      0.1644    
   43.00      0.1646    
   44.00      0.1677    
   45.00      0.1721    
   46.00      0.1765    
   47.00      0.1796    
   48.00      0.1803    
   49.00      0.1779    
   50.00      0.1722    
   51.00      0.1633    
   52.00      0.1516    
   53.00      0.1378    
   54.00      0.1229    
   55.00      0.1077    
   56.00      0.9318E-01
   57.00      0.8011E-01
   58.00      0.6912E-01
   59.00      0.6059E-01
   60.00      0.5467E-01
   61.00      0.5129E-01
   62.00      0.5018E-01
   63.00      0.5093E-01
   64.00      0.5301E-01
   65.00      0.5587E-01
   66.00      0.5895E-01
   67.00      0.6177E-01
   68.00      0.6392E-01
   69.00      0.6510E-01
   70.00      0.6515E-01
   71.00      0.6402E-01
   72.00      0.6176E-01
   73.00      0.5853E-01
   74.00      0.5453E-01
   75.00      0.5000E-01
   76.00      0.4522E-01
   77.00      0.4042E-01
   78.00      0.3583E-01
   79.00      0.3163E-01
   80.00      0.2793E-01
 END
@legend string   1 "Partition=  2 Excit=  1 near/far= 1"
#legend string   0 "Lab energy =   21.0000"
@s1 linestyle   2
#  Theta       sigma       iT11        T20         T21         T22         Kyy for projectile
   0.000       44.17    
   1.000       44.23    
   2.000       44.38    
   3.000       44.62    
   4.000       44.93    
   5.000       45.28    
   6.000       45.62    
   7.000       45.89    
   8.000       46.05    
   9.000       46.02    
   10.00       45.73    
   11.00       45.13    
   12.00       44.18    
   13.00       42.86    
   14.00       41.16    
   15.00       39.10    
   16.00       36.74    
   17.00       34.13    
   18.00       31.35    
   19.00       28.48    
   20.00       25.61    
   21.00       22.83    
   22.00       20.20    
   23.00       17.79    
   24.00       15.65    
   25.00       13.80    
   26.00       12.26    
   27.00       11.00    
   28.00       10.02    
   29.00       9.258    
   30.00       8.684    
   31.00       8.247    
   32.00       7.900    
   33.00       7.601    
   34.00       7.313    
   35.00       7.009    
   36.00       6.672    
   37.00       6.290    
   38.00       5.862    
   39.00       5.394    
   40.00       4.895    
   41.00       4.381    
   42.00       3.868    
   43.00       3.373    
   44.00       2.911    
   45.00       2.494    
   46.00       2.133    
   47.00       1.832    
   48.00       1.595    
   49.00       1.419    
   50.00       1.300    
   51.00       1.232    
   52.00       1.205    
   53.00       1.209    
   54.00       1.235    
   55.00       1.273    
   56.00       1.312    
   57.00       1.347    
   58.00       1.370    
   59.00       1.378    
   60.00       1.369    
   61.00       1.342    
   62.00       1.297    
   63.00       1.237    
   64.00       1.163    
   65.00       1.080    
   66.00      0.9896    
   67.00      0.8969    
   68.00      0.8046    
   69.00      0.7160    
   70.00      0.6335    
   71.00      0.5592    
   72.00      0.4942    
   73.00      0.4391    
   74.00      0.3938    
   75.00      0.3578    
   76.00      0.3301    
   77.00      0.3097    
   78.00      0.2950    
   79.00      0.2849    
   80.00      0.2780    
 END
