#  81 angles,  1 tensor ranks for 0=projectile
@subtitle   "39K(3He,d)40Ca 21 MeV DWBA ZR 8188 keV Jpi=3+ l=2 n=3 j=3/2"                   
@legend ON
@legend x1 0.2
@legend y1 0.8
@g0 type LOGY
@yaxis ticklabel format power
@legend string   0 "Lab energy =   21.0000"
#legend string   0 "Partition=  2 Excit=  1 near/far= 1"
#  Theta       sigma       iT11        T20         T21         T22         Kyy for projectile
   0.000       44.17    
   1.000       44.23    
   2.000       44.38    
   3.000       44.62    
   4.000       44.93    
   5.000       45.28    
   6.000       45.62    
   7.000       45.89    
   8.000       46.05    
   9.000       46.02    
   10.00       45.73    
   11.00       45.13    
   12.00       44.18    
   13.00       42.86    
   14.00       41.16    
   15.00       39.10    
   16.00       36.74    
   17.00       34.13    
   18.00       31.35    
   19.00       28.48    
   20.00       25.61    
   21.00       22.83    
   22.00       20.20    
   23.00       17.79    
   24.00       15.65    
   25.00       13.80    
   26.00       12.26    
   27.00       11.00    
   28.00       10.02    
   29.00       9.258    
   30.00       8.684    
   31.00       8.247    
   32.00       7.900    
   33.00       7.601    
   34.00       7.313    
   35.00       7.009    
   36.00       6.672    
   37.00       6.290    
   38.00       5.862    
   39.00       5.394    
   40.00       4.895    
   41.00       4.381    
   42.00       3.868    
   43.00       3.373    
   44.00       2.911    
   45.00       2.494    
   46.00       2.133    
   47.00       1.832    
   48.00       1.595    
   49.00       1.419    
   50.00       1.300    
   51.00       1.232    
   52.00       1.205    
   53.00       1.209    
   54.00       1.235    
   55.00       1.273    
   56.00       1.312    
   57.00       1.347    
   58.00       1.370    
   59.00       1.378    
   60.00       1.369    
   61.00       1.342    
   62.00       1.297    
   63.00       1.237    
   64.00       1.163    
   65.00       1.080    
   66.00      0.9896    
   67.00      0.8969    
   68.00      0.8046    
   69.00      0.7160    
   70.00      0.6335    
   71.00      0.5592    
   72.00      0.4942    
   73.00      0.4391    
   74.00      0.3938    
   75.00      0.3578    
   76.00      0.3301    
   77.00      0.3097    
   78.00      0.2950    
   79.00      0.2849    
   80.00      0.2780    
 END
