     0.0   1.503      1
     0.0   3.006     -1
     1.0   13.53      1
     1.0   27.06     -1
     2.0   30.04      1
     2.0   60.10     -1
     3.0   42.06      1
     3.0   84.11     -1
     4.0   53.97      1
     4.0   108.0     -1
     5.0   65.89      1
     5.0   131.5     -1
     6.0   76.30      1
     6.0   153.4     -1
     7.0   86.33      1
     7.0   169.9     -1
     8.0   85.02      1
     8.0   173.7     -1
     9.0   80.95      1
     9.0   159.6     -1
    10.0   64.52      1
    10.0   129.6     -1
    11.0   43.90      1
    11.0   91.27     -1
    12.0   30.61      1
    12.0   56.27     -1
    13.0   14.21      1
    13.0   31.77     -1
    14.0   9.628      1
    14.0   17.38     -1
    15.0   4.196      1
    15.0   9.410     -1
    16.0   2.807      1
    16.0   5.067     -1
    17.0   1.211      1
    17.0   2.715     -1
    18.0  0.8023      1
    18.0   1.448     -1
    19.0  0.3428      1
    19.0  0.7690     -1
    20.0  0.2255      1
    20.0  0.4068     -1
    21.0  0.9554E-01  1
    21.0  0.2144     -1
    22.0  0.6245E-01  1
    22.0  0.1126     -1
    23.0  0.2628E-01  1
    23.0  0.5900E-01 -1
    24.0  0.1709E-01  1
    24.0  0.3082E-01 -1
    25.0  0.7153E-02  1
    25.0  0.1606E-01 -1
    26.0  0.4630E-02  1
    26.0  0.8348E-02 -1
    27.0  0.1929E-02  1
    27.0  0.4330E-02 -1
    28.0  0.1243E-02  1
    28.0  0.2242E-02 -1
    29.0  0.5156E-03  1
    29.0  0.1158E-02 -1
    30.0  0.3313E-03  1
    30.0  0.5974E-03 -1
