#  81 angles,  1 tensor ranks for 0=projectile
@subtitle   "39K(3He,d)40Ca 21 MeV DWBA ZR 7623 keV Jpi=3+ l=2 n=1 j=3/2"                   
@legend ON
@legend x1 0.2
@legend y1 0.8
@g0 type LOGY
@yaxis ticklabel format power
@xaxis label "Scattering angle (degrees)"
@yaxis label "Cross section (mb/sr)"
@legend string   0 "Partition=  1 Excit=  1 near/far= 1"
#legend string   0 "Lab energy =   21.0000"
@s0 linestyle   1
#  Theta       sigma       iT11        T20         T21         T22         Kyy for projectile
  0.1000E-01   1.000    
   1.000      0.9997    
   2.000       1.001    
   3.000      0.9801    
   4.000      0.9937    
   5.000       1.036    
   6.000       1.069    
   7.000       1.070    
   8.000       1.043    
   9.000       1.001    
   10.00      0.9589    
   11.00      0.9259    
   12.00      0.9030    
   13.00      0.8865    
   14.00      0.8704    
   15.00      0.8486    
   16.00      0.8173    
   17.00      0.7752    
   18.00      0.7238    
   19.00      0.6664    
   20.00      0.6075    
   21.00      0.5518    
   22.00      0.5029    
   23.00      0.4636    
   24.00      0.4347    
   25.00      0.4158    
   26.00      0.4051    
   27.00      0.3999    
   28.00      0.3972    
   29.00      0.3941    
   30.00      0.3882    
   31.00      0.3777    
   32.00      0.3620    
   33.00      0.3412    
   34.00      0.3163    
   35.00      0.2889    
   36.00      0.2608    
   37.00      0.2340    
   38.00      0.2104    
   39.00      0.1911    
   40.00      0.1770    
   41.00      0.1682    
   42.00      0.1644    
   43.00      0.1646    
   44.00      0.1677    
   45.00      0.1721    
   46.00      0.1765    
   47.00      0.1796    
   48.00      0.1803    
   49.00      0.1779    
   50.00      0.1722    
   51.00      0.1633    
   52.00      0.1516    
   53.00      0.1378    
   54.00      0.1229    
   55.00      0.1077    
   56.00      0.9318E-01
   57.00      0.8011E-01
   58.00      0.6912E-01
   59.00      0.6059E-01
   60.00      0.5467E-01
   61.00      0.5129E-01
   62.00      0.5018E-01
   63.00      0.5093E-01
   64.00      0.5301E-01
   65.00      0.5587E-01
   66.00      0.5895E-01
   67.00      0.6177E-01
   68.00      0.6392E-01
   69.00      0.6510E-01
   70.00      0.6515E-01
   71.00      0.6402E-01
   72.00      0.6176E-01
   73.00      0.5853E-01
   74.00      0.5453E-01
   75.00      0.5000E-01
   76.00      0.4522E-01
   77.00      0.4042E-01
   78.00      0.3583E-01
   79.00      0.3163E-01
   80.00      0.2793E-01
 END
@legend string   1 "Partition=  2 Excit=  1 near/far= 1"
#legend string   0 "Lab energy =   21.0000"
@s1 linestyle   2
#  Theta       sigma       iT11        T20         T21         T22         Kyy for projectile
   0.000       8.782    
   1.000       8.814    
   2.000       8.909    
   3.000       9.062    
   4.000       9.262    
   5.000       9.499    
   6.000       9.757    
   7.000       10.02    
   8.000       10.26    
   9.000       10.46    
   10.00       10.60    
   11.00       10.65    
   12.00       10.60    
   13.00       10.42    
   14.00       10.13    
   15.00       9.712    
   16.00       9.180    
   17.00       8.550    
   18.00       7.844    
   19.00       7.091    
   20.00       6.317    
   21.00       5.553    
   22.00       4.824    
   23.00       4.152    
   24.00       3.554    
   25.00       3.041    
   26.00       2.618    
   27.00       2.286    
   28.00       2.037    
   29.00       1.863    
   30.00       1.751    
   31.00       1.686    
   32.00       1.653    
   33.00       1.638    
   34.00       1.628    
   35.00       1.615    
   36.00       1.589    
   37.00       1.548    
   38.00       1.489    
   39.00       1.412    
   40.00       1.320    
   41.00       1.216    
   42.00       1.104    
   43.00      0.9900    
   44.00      0.8774    
   45.00      0.7705    
   46.00      0.6727    
   47.00      0.5864    
   48.00      0.5129    
   49.00      0.4527    
   50.00      0.4054    
   51.00      0.3698    
   52.00      0.3442    
   53.00      0.3267    
   54.00      0.3151    
   55.00      0.3074    
   56.00      0.3017    
   57.00      0.2964    
   58.00      0.2902    
   59.00      0.2821    
   60.00      0.2717    
   61.00      0.2587    
   62.00      0.2434    
   63.00      0.2261    
   64.00      0.2074    
   65.00      0.1879    
   66.00      0.1684    
   67.00      0.1495    
   68.00      0.1318    
   69.00      0.1158    
   70.00      0.1019    
   71.00      0.9016E-01
   72.00      0.8070E-01
   73.00      0.7346E-01
   74.00      0.6826E-01
   75.00      0.6483E-01
   76.00      0.6285E-01
   77.00      0.6196E-01
   78.00      0.6179E-01
   79.00      0.6201E-01
   80.00      0.6231E-01
 END
