     0.0   1.503      1
     0.0   3.005     -1
     1.0   13.53      1
     1.0   27.05     -1
     2.0   30.06      1
     2.0   60.10     -1
     3.0   42.08      1
     3.0   84.12     -1
     4.0   54.02      1
     4.0   108.0     -1
     5.0   65.95      1
     5.0   131.6     -1
     6.0   76.41      1
     6.0   153.5     -1
     7.0   86.48      1
     7.0   170.1     -1
     8.0   85.23      1
     8.0   174.0     -1
     9.0   81.08      1
     9.0   160.0     -1
    10.0   64.75      1
    10.0   129.6     -1
    11.0   43.70      1
    11.0   90.76     -1
    12.0   30.03      1
    12.0   55.57     -1
    13.0   14.14      1
    13.0   31.34     -1
    14.0   9.451      1
    14.0   17.16     -1
    15.0   4.178      1
    15.0   9.310     -1
    16.0   2.769      1
    16.0   5.020     -1
    17.0   1.206      1
    17.0   2.693     -1
    18.0  0.7943      1
    18.0   1.438     -1
    19.0  0.3418      1
    19.0  0.7643     -1
    20.0  0.2238      1
    20.0  0.4046     -1
    21.0  0.9531E-01  1
    21.0  0.2134     -1
    22.0  0.6210E-01  1
    22.0  0.1122     -1
    23.0  0.2623E-01  1
    23.0  0.5879E-01 -1
    24.0  0.1702E-01  1
    24.0  0.3072E-01 -1
    25.0  0.7142E-02  1
    25.0  0.1601E-01 -1
    26.0  0.4614E-02  1
    26.0  0.8327E-02 -1
    27.0  0.1926E-02  1
    27.0  0.4320E-02 -1
    28.0  0.1240E-02  1
    28.0  0.2237E-02 -1
    29.0  0.5155E-03  1
    29.0  0.1156E-02 -1
    30.0  0.3307E-03  1
    30.0  0.5967E-03 -1
