#  81 angles,  1 tensor ranks for 0=projectile
@subtitle   "39K(3He,d)40Ca 21 MeV DWBA ZR 8851 keV Jpi=2- l=1 n=2 j=3/2"                   
@legend ON
@legend x1 0.2
@legend y1 0.8
@g0 type LOGY
@yaxis ticklabel format power
@xaxis label "Scattering angle (degrees)"
@yaxis label "Cross section (mb/sr)"
@legend string   0 "Partition=  1 Excit=  1 near/far= 1"
#legend string   0 "Lab energy =   21.0000"
@s0 linestyle   1
#  Theta       sigma       iT11        T20         T21         T22         Kyy for projectile
  0.1000E-01   1.000    
   1.000      0.9997    
   2.000       1.001    
   3.000      0.9801    
   4.000      0.9937    
   5.000       1.036    
   6.000       1.069    
   7.000       1.070    
   8.000       1.043    
   9.000       1.001    
   10.00      0.9589    
   11.00      0.9259    
   12.00      0.9030    
   13.00      0.8865    
   14.00      0.8704    
   15.00      0.8486    
   16.00      0.8173    
   17.00      0.7752    
   18.00      0.7238    
   19.00      0.6664    
   20.00      0.6075    
   21.00      0.5518    
   22.00      0.5029    
   23.00      0.4636    
   24.00      0.4347    
   25.00      0.4158    
   26.00      0.4051    
   27.00      0.3999    
   28.00      0.3972    
   29.00      0.3941    
   30.00      0.3882    
   31.00      0.3777    
   32.00      0.3620    
   33.00      0.3412    
   34.00      0.3163    
   35.00      0.2889    
   36.00      0.2608    
   37.00      0.2340    
   38.00      0.2104    
   39.00      0.1911    
   40.00      0.1770    
   41.00      0.1682    
   42.00      0.1644    
   43.00      0.1646    
   44.00      0.1677    
   45.00      0.1721    
   46.00      0.1765    
   47.00      0.1796    
   48.00      0.1803    
   49.00      0.1779    
   50.00      0.1722    
   51.00      0.1633    
   52.00      0.1516    
   53.00      0.1378    
   54.00      0.1229    
   55.00      0.1077    
   56.00      0.9318E-01
   57.00      0.8011E-01
   58.00      0.6912E-01
   59.00      0.6059E-01
   60.00      0.5467E-01
   61.00      0.5129E-01
   62.00      0.5018E-01
   63.00      0.5093E-01
   64.00      0.5301E-01
   65.00      0.5587E-01
   66.00      0.5895E-01
   67.00      0.6177E-01
   68.00      0.6392E-01
   69.00      0.6510E-01
   70.00      0.6515E-01
   71.00      0.6402E-01
   72.00      0.6176E-01
   73.00      0.5853E-01
   74.00      0.5453E-01
   75.00      0.5000E-01
   76.00      0.4522E-01
   77.00      0.4042E-01
   78.00      0.3583E-01
   79.00      0.3163E-01
   80.00      0.2793E-01
 END
@legend string   1 "Partition=  2 Excit=  1 near/far= 1"
#legend string   0 "Lab energy =   21.0000"
@s1 linestyle   2
#  Theta       sigma       iT11        T20         T21         T22         Kyy for projectile
   0.000       19.75    
   1.000       19.71    
   2.000       19.61    
   3.000       19.43    
   4.000       19.15    
   5.000       18.76    
   6.000       18.25    
   7.000       17.58    
   8.000       16.77    
   9.000       15.82    
   10.00       14.74    
   11.00       13.55    
   12.00       12.30    
   13.00       11.03    
   14.00       9.788    
   15.00       8.616    
   16.00       7.557    
   17.00       6.640    
   18.00       5.884    
   19.00       5.295    
   20.00       4.866    
   21.00       4.581    
   22.00       4.413    
   23.00       4.334    
   24.00       4.310    
   25.00       4.312    
   26.00       4.312    
   27.00       4.289    
   28.00       4.227    
   29.00       4.117    
   30.00       3.955    
   31.00       3.744    
   32.00       3.491    
   33.00       3.207    
   34.00       2.903    
   35.00       2.592    
   36.00       2.287    
   37.00       1.997    
   38.00       1.733    
   39.00       1.498    
   40.00       1.298    
   41.00       1.132    
   42.00       1.000    
   43.00      0.8989    
   44.00      0.8245    
   45.00      0.7724    
   46.00      0.7374    
   47.00      0.7148    
   48.00      0.6999    
   49.00      0.6891    
   50.00      0.6791    
   51.00      0.6678    
   52.00      0.6538    
   53.00      0.6365    
   54.00      0.6159    
   55.00      0.5925    
   56.00      0.5671    
   57.00      0.5406    
   58.00      0.5139    
   59.00      0.4880    
   60.00      0.4637    
   61.00      0.4417    
   62.00      0.4222    
   63.00      0.4055    
   64.00      0.3915    
   65.00      0.3800    
   66.00      0.3706    
   67.00      0.3629    
   68.00      0.3562    
   69.00      0.3500    
   70.00      0.3438    
   71.00      0.3371    
   72.00      0.3295    
   73.00      0.3209    
   74.00      0.3111    
   75.00      0.2999    
   76.00      0.2875    
   77.00      0.2739    
   78.00      0.2593    
   79.00      0.2439    
   80.00      0.2280    
 END
