#  81 angles,  1 tensor ranks for 0=projectile
@subtitle   "39K(3He,d)40Ca 21 MeV DWBA ZR 8851 keV Jpi=2- l=1 n=2 j=3/2"                   
@legend ON
@legend x1 0.2
@legend y1 0.8
@g0 type LOGY
@yaxis ticklabel format power
@legend string   0 "Lab energy =   21.0000"
#legend string   0 "Partition=  2 Excit=  1 near/far= 1"
#  Theta       sigma       iT11        T20         T21         T22         Kyy for projectile
   0.000       19.75    
   1.000       19.71    
   2.000       19.61    
   3.000       19.43    
   4.000       19.15    
   5.000       18.76    
   6.000       18.25    
   7.000       17.58    
   8.000       16.77    
   9.000       15.82    
   10.00       14.74    
   11.00       13.55    
   12.00       12.30    
   13.00       11.03    
   14.00       9.788    
   15.00       8.616    
   16.00       7.557    
   17.00       6.640    
   18.00       5.884    
   19.00       5.295    
   20.00       4.866    
   21.00       4.581    
   22.00       4.413    
   23.00       4.334    
   24.00       4.310    
   25.00       4.312    
   26.00       4.312    
   27.00       4.289    
   28.00       4.227    
   29.00       4.117    
   30.00       3.955    
   31.00       3.744    
   32.00       3.491    
   33.00       3.207    
   34.00       2.903    
   35.00       2.592    
   36.00       2.287    
   37.00       1.997    
   38.00       1.733    
   39.00       1.498    
   40.00       1.298    
   41.00       1.132    
   42.00       1.000    
   43.00      0.8989    
   44.00      0.8245    
   45.00      0.7724    
   46.00      0.7374    
   47.00      0.7148    
   48.00      0.6999    
   49.00      0.6891    
   50.00      0.6791    
   51.00      0.6678    
   52.00      0.6538    
   53.00      0.6365    
   54.00      0.6159    
   55.00      0.5925    
   56.00      0.5671    
   57.00      0.5406    
   58.00      0.5139    
   59.00      0.4880    
   60.00      0.4637    
   61.00      0.4417    
   62.00      0.4222    
   63.00      0.4055    
   64.00      0.3915    
   65.00      0.3800    
   66.00      0.3706    
   67.00      0.3629    
   68.00      0.3562    
   69.00      0.3500    
   70.00      0.3438    
   71.00      0.3371    
   72.00      0.3295    
   73.00      0.3209    
   74.00      0.3111    
   75.00      0.2999    
   76.00      0.2875    
   77.00      0.2739    
   78.00      0.2593    
   79.00      0.2439    
   80.00      0.2280    
 END
