     0.0   1.500      1
     0.0   3.003     -1
     1.0   13.47      1
     1.0   26.96     -1
     2.0   29.89      1
     2.0   59.87     -1
     3.0   41.90      1
     3.0   83.88     -1
     4.0   53.78      1
     4.0   107.8     -1
     5.0   65.70      1
     5.0   131.3     -1
     6.0   75.96      1
     6.0   152.9     -1
     7.0   85.82      1
     7.0   169.0     -1
     8.0   84.48      1
     8.0   172.7     -1
     9.0   80.66      1
     9.0   159.0     -1
    10.0   64.63      1
    10.0   129.5     -1
    11.0   44.05      1
    11.0   91.49     -1
    12.0   30.64      1
    12.0   56.41     -1
    13.0   14.26      1
    13.0   31.83     -1
    14.0   9.632      1
    14.0   17.40     -1
    15.0   4.205      1
    15.0   9.420     -1
    16.0   2.808      1
    16.0   5.071     -1
    17.0   1.212      1
    17.0   2.717     -1
    18.0  0.8024      1
    18.0   1.449     -1
    19.0  0.3431      1
    19.0  0.7692     -1
    20.0  0.2255      1
    20.0  0.4069     -1
    21.0  0.9559E-01  1
    21.0  0.2145     -1
    22.0  0.6245E-01  1
    22.0  0.1127     -1
    23.0  0.2629E-01  1
    23.0  0.5901E-01 -1
    24.0  0.1709E-01  1
    24.0  0.3082E-01 -1
    25.0  0.7155E-02  1
    25.0  0.1606E-01 -1
    26.0  0.4630E-02  1
    26.0  0.8349E-02 -1
    27.0  0.1929E-02  1
    27.0  0.4331E-02 -1
    28.0  0.1243E-02  1
    28.0  0.2242E-02 -1
    29.0  0.5160E-03  1
    29.0  0.1159E-02 -1
    30.0  0.3313E-03  1
    30.0  0.5975E-03 -1
