     0.0   1.503      1
     0.0   3.004     -1
     1.0   13.52      1
     1.0   27.03     -1
     2.0   30.04      1
     2.0   60.03     -1
     3.0   42.02      1
     3.0   84.00     -1
     4.0   53.95      1
     4.0   107.9     -1
     5.0   65.89      1
     5.0   131.4     -1
     6.0   76.26      1
     6.0   153.3     -1
     7.0   86.34      1
     7.0   169.6     -1
     8.0   84.98      1
     8.0   173.3     -1
     9.0   80.59      1
     9.0   159.2     -1
    10.0   64.73      1
    10.0   129.3     -1
    11.0   43.74      1
    11.0   91.10     -1
    12.0   30.56      1
    12.0   56.16     -1
    13.0   14.17      1
    13.0   31.71     -1
    14.0   9.613      1
    14.0   17.34     -1
    15.0   4.186      1
    15.0   9.392     -1
    16.0   2.803      1
    16.0   5.057     -1
    17.0   1.208      1
    17.0   2.710     -1
    18.0  0.8011      1
    18.0   1.445     -1
    19.0  0.3421      1
    19.0  0.7677     -1
    20.0  0.2252      1
    20.0  0.4061     -1
    21.0  0.9538E-01  1
    21.0  0.2141     -1
    22.0  0.6238E-01  1
    22.0  0.1125     -1
    23.0  0.2625E-01  1
    23.0  0.5893E-01 -1
    24.0  0.1708E-01  1
    24.0  0.3079E-01 -1
    25.0  0.7144E-02  1
    25.0  0.1604E-01 -1
    26.0  0.4626E-02  1
    26.0  0.8340E-02 -1
    27.0  0.1927E-02  1
    27.0  0.4327E-02 -1
    28.0  0.1242E-02  1
    28.0  0.2240E-02 -1
    29.0  0.5156E-03  1
    29.0  0.1158E-02 -1
    30.0  0.3311E-03  1
    30.0  0.5970E-03 -1
