#  81 angles,  1 tensor ranks for 0=projectile
@subtitle   "39K(3He,d)40Ca 21 MeV DWBA ZR 7623 keV Jpi=4+ l=4 n=2 j=9/2"                   
@legend ON
@legend x1 0.2
@legend y1 0.8
@g0 type LOGY
@yaxis ticklabel format power
@xaxis label "Scattering angle (degrees)"
@yaxis label "Cross section (mb/sr)"
@legend string   0 "Partition=  1 Excit=  1 near/far= 1"
#legend string   0 "Lab energy =   21.0000"
@s0 linestyle   1
#  Theta       sigma       iT11        T20         T21         T22         Kyy for projectile
  0.1000E-01   1.000    
   1.000      0.9997    
   2.000       1.001    
   3.000      0.9801    
   4.000      0.9937    
   5.000       1.036    
   6.000       1.069    
   7.000       1.070    
   8.000       1.043    
   9.000       1.001    
   10.00      0.9589    
   11.00      0.9259    
   12.00      0.9030    
   13.00      0.8865    
   14.00      0.8704    
   15.00      0.8486    
   16.00      0.8173    
   17.00      0.7752    
   18.00      0.7238    
   19.00      0.6664    
   20.00      0.6075    
   21.00      0.5518    
   22.00      0.5029    
   23.00      0.4636    
   24.00      0.4347    
   25.00      0.4158    
   26.00      0.4051    
   27.00      0.3999    
   28.00      0.3972    
   29.00      0.3941    
   30.00      0.3882    
   31.00      0.3777    
   32.00      0.3620    
   33.00      0.3412    
   34.00      0.3163    
   35.00      0.2889    
   36.00      0.2608    
   37.00      0.2340    
   38.00      0.2104    
   39.00      0.1911    
   40.00      0.1770    
   41.00      0.1682    
   42.00      0.1644    
   43.00      0.1646    
   44.00      0.1677    
   45.00      0.1721    
   46.00      0.1765    
   47.00      0.1796    
   48.00      0.1803    
   49.00      0.1779    
   50.00      0.1722    
   51.00      0.1633    
   52.00      0.1516    
   53.00      0.1378    
   54.00      0.1229    
   55.00      0.1077    
   56.00      0.9318E-01
   57.00      0.8011E-01
   58.00      0.6912E-01
   59.00      0.6059E-01
   60.00      0.5467E-01
   61.00      0.5129E-01
   62.00      0.5018E-01
   63.00      0.5093E-01
   64.00      0.5301E-01
   65.00      0.5587E-01
   66.00      0.5895E-01
   67.00      0.6177E-01
   68.00      0.6392E-01
   69.00      0.6510E-01
   70.00      0.6515E-01
   71.00      0.6402E-01
   72.00      0.6176E-01
   73.00      0.5853E-01
   74.00      0.5453E-01
   75.00      0.5000E-01
   76.00      0.4522E-01
   77.00      0.4042E-01
   78.00      0.3583E-01
   79.00      0.3163E-01
   80.00      0.2793E-01
 END
@legend string   1 "Partition=  2 Excit=  1 near/far= 1"
#legend string   0 "Lab energy =   21.0000"
@s1 linestyle   2
#  Theta       sigma       iT11        T20         T21         T22         Kyy for projectile
   0.000       4.163    
   1.000       4.164    
   2.000       4.168    
   3.000       4.174    
   4.000       4.185    
   5.000       4.200    
   6.000       4.222    
   7.000       4.252    
   8.000       4.291    
   9.000       4.342    
   10.00       4.404    
   11.00       4.480    
   12.00       4.570    
   13.00       4.675    
   14.00       4.793    
   15.00       4.925    
   16.00       5.067    
   17.00       5.215    
   18.00       5.364    
   19.00       5.509    
   20.00       5.642    
   21.00       5.755    
   22.00       5.841    
   23.00       5.894    
   24.00       5.906    
   25.00       5.874    
   26.00       5.792    
   27.00       5.661    
   28.00       5.481    
   29.00       5.253    
   30.00       4.982    
   31.00       4.674    
   32.00       4.337    
   33.00       3.978    
   34.00       3.608    
   35.00       3.235    
   36.00       2.868    
   37.00       2.515    
   38.00       2.184    
   39.00       1.881    
   40.00       1.610    
   41.00       1.373    
   42.00       1.173    
   43.00       1.008    
   44.00      0.8778    
   45.00      0.7791    
   46.00      0.7084    
   47.00      0.6616    
   48.00      0.6341    
   49.00      0.6214    
   50.00      0.6189    
   51.00      0.6226    
   52.00      0.6288    
   53.00      0.6345    
   54.00      0.6373    
   55.00      0.6355    
   56.00      0.6283    
   57.00      0.6152    
   58.00      0.5963    
   59.00      0.5723    
   60.00      0.5441    
   61.00      0.5126    
   62.00      0.4791    
   63.00      0.4446    
   64.00      0.4104    
   65.00      0.3773    
   66.00      0.3461    
   67.00      0.3175    
   68.00      0.2919    
   69.00      0.2695    
   70.00      0.2503    
   71.00      0.2341    
   72.00      0.2208    
   73.00      0.2100    
   74.00      0.2011    
   75.00      0.1938    
   76.00      0.1876    
   77.00      0.1820    
   78.00      0.1768    
   79.00      0.1716    
   80.00      0.1663    
 END
