#  81 angles,  1 tensor ranks for 0=projectile
@subtitle   "39K(3He,d)40Ca 21 MeV DWBA ZR 8851 keV Jpi=2- l=1 n=2 j=1/2"                   
@legend ON
@legend x1 0.2
@legend y1 0.8
@g0 type LOGY
@yaxis ticklabel format power
@legend string   0 "Lab energy =   21.0000"
#legend string   0 "Partition=  2 Excit=  1 near/far= 1"
#  Theta       sigma       iT11        T20         T21         T22         Kyy for projectile
   0.000       22.38    
   1.000       22.32    
   2.000       22.12    
   3.000       21.79    
   4.000       21.31    
   5.000       20.68    
   6.000       19.88    
   7.000       18.92    
   8.000       17.80    
   9.000       16.53    
   10.00       15.16    
   11.00       13.70    
   12.00       12.21    
   13.00       10.74    
   14.00       9.336    
   15.00       8.053    
   16.00       6.927    
   17.00       5.988    
   18.00       5.249    
   19.00       4.710    
   20.00       4.360    
   21.00       4.172    
   22.00       4.116    
   23.00       4.153    
   24.00       4.247    
   25.00       4.361    
   26.00       4.465    
   27.00       4.532    
   28.00       4.547    
   29.00       4.497    
   30.00       4.379    
   31.00       4.196    
   32.00       3.956    
   33.00       3.670    
   34.00       3.352    
   35.00       3.016    
   36.00       2.675    
   37.00       2.344    
   38.00       2.030    
   39.00       1.743    
   40.00       1.486    
   41.00       1.263    
   42.00       1.074    
   43.00      0.9173    
   44.00      0.7901    
   45.00      0.6888    
   46.00      0.6097    
   47.00      0.5486    
   48.00      0.5019    
   49.00      0.4662    
   50.00      0.4389    
   51.00      0.4180    
   52.00      0.4021    
   53.00      0.3902    
   54.00      0.3819    
   55.00      0.3771    
   56.00      0.3756    
   57.00      0.3774    
   58.00      0.3824    
   59.00      0.3904    
   60.00      0.4009    
   61.00      0.4133    
   62.00      0.4271    
   63.00      0.4413    
   64.00      0.4550    
   65.00      0.4673    
   66.00      0.4773    
   67.00      0.4840    
   68.00      0.4867    
   69.00      0.4849    
   70.00      0.4783    
   71.00      0.4667    
   72.00      0.4503    
   73.00      0.4294    
   74.00      0.4046    
   75.00      0.3765    
   76.00      0.3458    
   77.00      0.3135    
   78.00      0.2803    
   79.00      0.2471    
   80.00      0.2148    
 END
