#  81 angles,  1 tensor ranks for 0=projectile
@subtitle   "39K(3He,d)40Ca 21 MeV DWBA ZR 9454 keV Jpi=3- l=5 n=1 j=9/2"                   
@legend ON
@legend x1 0.2
@legend y1 0.8
@g0 type LOGY
@yaxis ticklabel format power
@legend string   0 "Lab energy =   21.0000"
#legend string   0 "Partition=  2 Excit=  1 near/far= 1"
#  Theta       sigma       iT11        T20         T21         T22         Kyy for projectile
   0.000      0.5156    
   1.000      0.5146    
   2.000      0.5117    
   3.000      0.5071    
   4.000      0.5008    
   5.000      0.4933    
   6.000      0.4848    
   7.000      0.4758    
   8.000      0.4667    
   9.000      0.4578    
   10.00      0.4496    
   11.00      0.4426    
   12.00      0.4370    
   13.00      0.4332    
   14.00      0.4314    
   15.00      0.4318    
   16.00      0.4345    
   17.00      0.4395    
   18.00      0.4466    
   19.00      0.4555    
   20.00      0.4661    
   21.00      0.4779    
   22.00      0.4905    
   23.00      0.5034    
   24.00      0.5160    
   25.00      0.5280    
   26.00      0.5388    
   27.00      0.5479    
   28.00      0.5549    
   29.00      0.5593    
   30.00      0.5608    
   31.00      0.5592    
   32.00      0.5543    
   33.00      0.5459    
   34.00      0.5341    
   35.00      0.5191    
   36.00      0.5010    
   37.00      0.4801    
   38.00      0.4569    
   39.00      0.4318    
   40.00      0.4054    
   41.00      0.3780    
   42.00      0.3502    
   43.00      0.3225    
   44.00      0.2955    
   45.00      0.2694    
   46.00      0.2447    
   47.00      0.2217    
   48.00      0.2006    
   49.00      0.1817    
   50.00      0.1649    
   51.00      0.1505    
   52.00      0.1382    
   53.00      0.1280    
   54.00      0.1197    
   55.00      0.1132    
   56.00      0.1082    
   57.00      0.1044    
   58.00      0.1017    
   59.00      0.9967E-01
   60.00      0.9821E-01
   61.00      0.9707E-01
   62.00      0.9609E-01
   63.00      0.9511E-01
   64.00      0.9400E-01
   65.00      0.9267E-01
   66.00      0.9106E-01
   67.00      0.8912E-01
   68.00      0.8684E-01
   69.00      0.8423E-01
   70.00      0.8130E-01
   71.00      0.7809E-01
   72.00      0.7466E-01
   73.00      0.7107E-01
   74.00      0.6738E-01
   75.00      0.6366E-01
   76.00      0.5997E-01
   77.00      0.5639E-01
   78.00      0.5295E-01
   79.00      0.4971E-01
   80.00      0.4670E-01
 END
