#  81 angles,  1 tensor ranks for 0=projectile
@subtitle   "39K(3He,d)40Ca 21 MeV DWBA ZR 6582 keV Jpi=3- l=1 n=2 j=3/2"                   
@legend ON
@legend x1 0.2
@legend y1 0.8
@g0 type LOGY
@yaxis ticklabel format power
@legend string   0 "Lab energy =   21.0000"
#legend string   0 "Partition=  2 Excit=  1 near/far= 1"
#  Theta       sigma       iT11        T20         T21         T22         Kyy for projectile
   0.000       31.10    
   1.000       31.38    
   2.000       32.19    
   3.000       33.39    
   4.000       34.81    
   5.000       36.21    
   6.000       37.35    
   7.000       38.02    
   8.000       38.03    
   9.000       37.28    
   10.00       35.74    
   11.00       33.45    
   12.00       30.54    
   13.00       27.18    
   14.00       23.57    
   15.00       19.95    
   16.00       16.50    
   17.00       13.41    
   18.00       10.81    
   19.00       8.749    
   20.00       7.265    
   21.00       6.320    
   22.00       5.843    
   23.00       5.735    
   24.00       5.880    
   25.00       6.165    
   26.00       6.483    
   27.00       6.747    
   28.00       6.895    
   29.00       6.890    
   30.00       6.718    
   31.00       6.388    
   32.00       5.926    
   33.00       5.365    
   34.00       4.746    
   35.00       4.111    
   36.00       3.494    
   37.00       2.928    
   38.00       2.435    
   39.00       2.028    
   40.00       1.713    
   41.00       1.487    
   42.00       1.342    
   43.00       1.265    
   44.00       1.240    
   45.00       1.249    
   46.00       1.278    
   47.00       1.311    
   48.00       1.337    
   49.00       1.349    
   50.00       1.342    
   51.00       1.313    
   52.00       1.265    
   53.00       1.199    
   54.00       1.120    
   55.00       1.034    
   56.00      0.9441    
   57.00      0.8566    
   58.00      0.7755    
   59.00      0.7043    
   60.00      0.6453    
   61.00      0.5999    
   62.00      0.5682    
   63.00      0.5493    
   64.00      0.5415    
   65.00      0.5426    
   66.00      0.5501    
   67.00      0.5612    
   68.00      0.5736    
   69.00      0.5848    
   70.00      0.5930    
   71.00      0.5969    
   72.00      0.5954    
   73.00      0.5879    
   74.00      0.5743    
   75.00      0.5549    
   76.00      0.5302    
   77.00      0.5009    
   78.00      0.4681    
   79.00      0.4328    
   80.00      0.3963    
 END
