#  81 angles,  1 tensor ranks for 0=projectile
@subtitle   "39K(3He,d)40Ca 21 MeV DWBA ZR 8851 keV Jpi=1- l=3 n=2 j=5/2"                   
@legend ON
@legend x1 0.2
@legend y1 0.8
@g0 type LOGY
@yaxis ticklabel format power
@legend string   0 "Lab energy =   21.0000"
#legend string   0 "Partition=  2 Excit=  1 near/far= 1"
#  Theta       sigma       iT11        T20         T21         T22         Kyy for projectile
   0.000       4.891    
   1.000       4.903    
   2.000       4.939    
   3.000       4.999    
   4.000       5.079    
   5.000       5.176    
   6.000       5.286    
   7.000       5.403    
   8.000       5.522    
   9.000       5.636    
   10.00       5.739    
   11.00       5.823    
   12.00       5.884    
   13.00       5.915    
   14.00       5.913    
   15.00       5.872    
   16.00       5.791    
   17.00       5.667    
   18.00       5.501    
   19.00       5.293    
   20.00       5.046    
   21.00       4.766    
   22.00       4.457    
   23.00       4.128    
   24.00       3.785    
   25.00       3.436    
   26.00       3.089    
   27.00       2.751    
   28.00       2.429    
   29.00       2.129    
   30.00       1.856    
   31.00       1.613    
   32.00       1.402    
   33.00       1.225    
   34.00       1.081    
   35.00      0.9687    
   36.00      0.8842    
   37.00      0.8241    
   38.00      0.7842    
   39.00      0.7600    
   40.00      0.7470    
   41.00      0.7412    
   42.00      0.7387    
   43.00      0.7366    
   44.00      0.7321    
   45.00      0.7233    
   46.00      0.7090    
   47.00      0.6884    
   48.00      0.6615    
   49.00      0.6287    
   50.00      0.5909    
   51.00      0.5491    
   52.00      0.5049    
   53.00      0.4596    
   54.00      0.4145    
   55.00      0.3708    
   56.00      0.3296    
   57.00      0.2916    
   58.00      0.2574    
   59.00      0.2272    
   60.00      0.2012    
   61.00      0.1793    
   62.00      0.1612    
   63.00      0.1466    
   64.00      0.1350    
   65.00      0.1259    
   66.00      0.1188    
   67.00      0.1130    
   68.00      0.1083    
   69.00      0.1042    
   70.00      0.1004    
   71.00      0.9666E-01
   72.00      0.9289E-01
   73.00      0.8900E-01
   74.00      0.8500E-01
   75.00      0.8090E-01
   76.00      0.7677E-01
   77.00      0.7270E-01
   78.00      0.6880E-01
   79.00      0.6516E-01
   80.00      0.6190E-01
 END
