#  81 angles,  1 tensor ranks for 0=projectile
@subtitle   "39K(3He,d)40Ca 21 MeV DWBA ZR 8484 keV Jpi=2- l=1 n=2 j=1/2"                   
@legend ON
@legend x1 0.2
@legend y1 0.8
@g0 type LOGY
@yaxis ticklabel format power
@xaxis label "Scattering angle (degrees)"
@yaxis label "Cross section (mb/sr)"
@legend string   0 "Partition=  1 Excit=  1 near/far= 1"
#legend string   0 "Lab energy =   21.0000"
@s0 linestyle   1
#  Theta       sigma       iT11        T20         T21         T22         Kyy for projectile
  0.1000E-01   1.000    
   1.000      0.9997    
   2.000       1.001    
   3.000      0.9801    
   4.000      0.9937    
   5.000       1.036    
   6.000       1.069    
   7.000       1.070    
   8.000       1.043    
   9.000       1.001    
   10.00      0.9589    
   11.00      0.9259    
   12.00      0.9030    
   13.00      0.8865    
   14.00      0.8704    
   15.00      0.8486    
   16.00      0.8173    
   17.00      0.7752    
   18.00      0.7238    
   19.00      0.6664    
   20.00      0.6075    
   21.00      0.5518    
   22.00      0.5029    
   23.00      0.4636    
   24.00      0.4347    
   25.00      0.4158    
   26.00      0.4051    
   27.00      0.3999    
   28.00      0.3972    
   29.00      0.3941    
   30.00      0.3882    
   31.00      0.3777    
   32.00      0.3620    
   33.00      0.3412    
   34.00      0.3163    
   35.00      0.2889    
   36.00      0.2608    
   37.00      0.2340    
   38.00      0.2104    
   39.00      0.1911    
   40.00      0.1770    
   41.00      0.1682    
   42.00      0.1644    
   43.00      0.1646    
   44.00      0.1677    
   45.00      0.1721    
   46.00      0.1765    
   47.00      0.1796    
   48.00      0.1803    
   49.00      0.1779    
   50.00      0.1722    
   51.00      0.1633    
   52.00      0.1516    
   53.00      0.1378    
   54.00      0.1229    
   55.00      0.1077    
   56.00      0.9318E-01
   57.00      0.8011E-01
   58.00      0.6912E-01
   59.00      0.6059E-01
   60.00      0.5467E-01
   61.00      0.5129E-01
   62.00      0.5018E-01
   63.00      0.5093E-01
   64.00      0.5301E-01
   65.00      0.5587E-01
   66.00      0.5895E-01
   67.00      0.6177E-01
   68.00      0.6392E-01
   69.00      0.6510E-01
   70.00      0.6515E-01
   71.00      0.6402E-01
   72.00      0.6176E-01
   73.00      0.5853E-01
   74.00      0.5453E-01
   75.00      0.5000E-01
   76.00      0.4522E-01
   77.00      0.4042E-01
   78.00      0.3583E-01
   79.00      0.3163E-01
   80.00      0.2793E-01
 END
@legend string   1 "Partition=  2 Excit=  1 near/far= 1"
#legend string   0 "Lab energy =   21.0000"
@s1 linestyle   2
#  Theta       sigma       iT11        T20         T21         T22         Kyy for projectile
   0.000       26.67    
   1.000       26.61    
   2.000       26.43    
   3.000       26.10    
   4.000       25.62    
   5.000       24.95    
   6.000       24.08    
   7.000       23.00    
   8.000       21.71    
   9.000       20.22    
   10.00       18.56    
   11.00       16.79    
   12.00       14.96    
   13.00       13.13    
   14.00       11.37    
   15.00       9.754    
   16.00       8.323    
   17.00       7.120    
   18.00       6.167    
   19.00       5.467    
   20.00       5.005    
   21.00       4.751    
   22.00       4.664    
   23.00       4.698    
   24.00       4.806    
   25.00       4.941    
   26.00       5.065    
   27.00       5.146    
   28.00       5.162    
   29.00       5.101    
   30.00       4.959    
   31.00       4.739    
   32.00       4.452    
   33.00       4.112    
   34.00       3.737    
   35.00       3.343    
   36.00       2.948    
   37.00       2.567    
   38.00       2.211    
   39.00       1.888    
   40.00       1.604    
   41.00       1.361    
   42.00       1.158    
   43.00      0.9921    
   44.00      0.8602    
   45.00      0.7572    
   46.00      0.6779    
   47.00      0.6173    
   48.00      0.5709    
   49.00      0.5348    
   50.00      0.5062    
   51.00      0.4829    
   52.00      0.4637    
   53.00      0.4478    
   54.00      0.4351    
   55.00      0.4259    
   56.00      0.4203    
   57.00      0.4185    
   58.00      0.4207    
   59.00      0.4267    
   60.00      0.4361    
   61.00      0.4483    
   62.00      0.4626    
   63.00      0.4778    
   64.00      0.4930    
   65.00      0.5068    
   66.00      0.5182    
   67.00      0.5260    
   68.00      0.5294    
   69.00      0.5277    
   70.00      0.5205    
   71.00      0.5076    
   72.00      0.4893    
   73.00      0.4659    
   74.00      0.4380    
   75.00      0.4066    
   76.00      0.3723    
   77.00      0.3363    
   78.00      0.2994    
   79.00      0.2628    
   80.00      0.2273    
 END
