     0.0   1.498      1
     0.0   2.998     -1
     1.0   13.48      1
     1.0   26.98     -1
     2.0   29.94      1
     2.0   59.95     -1
     3.0   41.93      1
     3.0   83.90     -1
     4.0   53.77      1
     4.0   107.7     -1
     5.0   65.69      1
     5.0   131.2     -1
     6.0   76.03      1
     6.0   153.1     -1
     7.0   86.06      1
     7.0   169.5     -1
     8.0   84.69      1
     8.0   173.1     -1
     9.0   80.49      1
     9.0   159.0     -1
    10.0   64.26      1
    10.0   128.8     -1
    11.0   43.71      1
    11.0   90.59     -1
    12.0   30.21      1
    12.0   55.81     -1
    13.0   14.17      1
    13.0   31.53     -1
    14.0   9.530      1
    14.0   17.26     -1
    15.0   4.187      1
    15.0   9.357     -1
    16.0   2.787      1
    16.0   5.043     -1
    17.0   1.209      1
    17.0   2.704     -1
    18.0  0.7984      1
    18.0   1.443     -1
    19.0  0.3424      1
    19.0  0.7668     -1
    20.0  0.2247      1
    20.0  0.4058     -1
    21.0  0.9545E-01  1
    21.0  0.2140     -1
    22.0  0.6231E-01  1
    22.0  0.1125     -1
    23.0  0.2627E-01  1
    23.0  0.5892E-01 -1
    24.0  0.1706E-01  1
    24.0  0.3079E-01 -1
    25.0  0.7150E-02  1
    25.0  0.1604E-01 -1
    26.0  0.4626E-02  1
    26.0  0.8343E-02 -1
    27.0  0.1928E-02  1
    27.0  0.4328E-02 -1
    28.0  0.1243E-02  1
    28.0  0.2241E-02 -1
    29.0  0.5160E-03  1
    29.0  0.1158E-02 -1
    30.0  0.3313E-03  1
    30.0  0.5975E-03 -1
