#  81 angles,  1 tensor ranks for 0=projectile
@subtitle   "39K(3He,d)40Ca 21 MeV DWBA ZR 7623 keV Jpi=4+ l=4 n=2 j=7/2"                   
@legend ON
@legend x1 0.2
@legend y1 0.8
@g0 type LOGY
@yaxis ticklabel format power
@legend string   0 "Lab energy =   21.0000"
#legend string   0 "Partition=  2 Excit=  1 near/far= 1"
#  Theta       sigma       iT11        T20         T21         T22         Kyy for projectile
   0.000       3.546    
   1.000       3.556    
   2.000       3.587    
   3.000       3.638    
   4.000       3.708    
   5.000       3.795    
   6.000       3.896    
   7.000       4.011    
   8.000       4.136    
   9.000       4.269    
   10.00       4.409    
   11.00       4.553    
   12.00       4.700    
   13.00       4.847    
   14.00       4.994    
   15.00       5.138    
   16.00       5.278    
   17.00       5.411    
   18.00       5.534    
   19.00       5.643    
   20.00       5.734    
   21.00       5.801    
   22.00       5.840    
   23.00       5.845    
   24.00       5.813    
   25.00       5.740    
   26.00       5.624    
   27.00       5.465    
   28.00       5.263    
   29.00       5.022    
   30.00       4.746    
   31.00       4.439    
   32.00       4.109    
   33.00       3.763    
   34.00       3.410    
   35.00       3.057    
   36.00       2.712    
   37.00       2.383    
   38.00       2.076    
   39.00       1.797    
   40.00       1.549    
   41.00       1.334    
   42.00       1.152    
   43.00       1.004    
   44.00      0.8872    
   45.00      0.7987    
   46.00      0.7351    
   47.00      0.6923    
   48.00      0.6661    
   49.00      0.6521    
   50.00      0.6464    
   51.00      0.6450    
   52.00      0.6448    
   53.00      0.6432    
   54.00      0.6381    
   55.00      0.6282    
   56.00      0.6130    
   57.00      0.5924    
   58.00      0.5669    
   59.00      0.5372    
   60.00      0.5045    
   61.00      0.4698    
   62.00      0.4343    
   63.00      0.3991    
   64.00      0.3652    
   65.00      0.3334    
   66.00      0.3043    
   67.00      0.2784    
   68.00      0.2559    
   69.00      0.2368    
   70.00      0.2210    
   71.00      0.2082    
   72.00      0.1981    
   73.00      0.1902    
   74.00      0.1840    
   75.00      0.1789    
   76.00      0.1746    
   77.00      0.1706    
   78.00      0.1665    
   79.00      0.1621    
   80.00      0.1572    
 END
