#  81 angles,  1 tensor ranks for 0=projectile
@subtitle   "39K(3He,d)40Ca 21 MeV DWBA ZR 8484 keV Jpi=2- l=1 n=2 j=3/2"                   
@legend ON
@legend x1 0.2
@legend y1 0.8
@g0 type LOGY
@yaxis ticklabel format power
@legend string   0 "Lab energy =   21.0000"
#legend string   0 "Partition=  2 Excit=  1 near/far= 1"
#  Theta       sigma       iT11        T20         T21         T22         Kyy for projectile
   0.000       23.55    
   1.000       23.53    
   2.000       23.45    
   3.000       23.31    
   4.000       23.06    
   5.000       22.69    
   6.000       22.16    
   7.000       21.44    
   8.000       20.51    
   9.000       19.39    
   10.00       18.09    
   11.00       16.64    
   12.00       15.09    
   13.00       13.49    
   14.00       11.92    
   15.00       10.42    
   16.00       9.061    
   17.00       7.879    
   18.00       6.900    
   19.00       6.136    
   20.00       5.580    
   21.00       5.210    
   22.00       4.994    
   23.00       4.894    
   24.00       4.869    
   25.00       4.878    
   26.00       4.888    
   27.00       4.871    
   28.00       4.805    
   29.00       4.680    
   30.00       4.491    
   31.00       4.243    
   32.00       3.945    
   33.00       3.609    
   34.00       3.251    
   35.00       2.887    
   36.00       2.531    
   37.00       2.196    
   38.00       1.893    
   39.00       1.629    
   40.00       1.405    
   41.00       1.224    
   42.00       1.083    
   43.00      0.9785    
   44.00      0.9044    
   45.00      0.8550    
   46.00      0.8240    
   47.00      0.8054    
   48.00      0.7938    
   49.00      0.7847    
   50.00      0.7748    
   51.00      0.7617    
   52.00      0.7440    
   53.00      0.7215    
   54.00      0.6944    
   55.00      0.6637    
   56.00      0.6306    
   57.00      0.5965    
   58.00      0.5627    
   59.00      0.5305    
   60.00      0.5008    
   61.00      0.4744    
   62.00      0.4517    
   63.00      0.4329    
   64.00      0.4177    
   65.00      0.4059    
   66.00      0.3967    
   67.00      0.3896    
   68.00      0.3838    
   69.00      0.3785    
   70.00      0.3731    
   71.00      0.3670    
   72.00      0.3598    
   73.00      0.3511    
   74.00      0.3407    
   75.00      0.3287    
   76.00      0.3150    
   77.00      0.2998    
   78.00      0.2833    
   79.00      0.2659    
   80.00      0.2478    
 END
