#  81 angles,  1 tensor ranks for 0=projectile
@subtitle   "39K(3He,d)40Ca 21 MeV DWBA ZR 8359 keV Jpi=0- l=1 n=2 j=3/2"                   
@legend ON
@legend x1 0.2
@legend y1 0.8
@g0 type LOGY
@yaxis ticklabel format power
@xaxis label "Scattering angle (degrees)"
@yaxis label "Cross section (mb/sr)"
@legend string   0 "Partition=  1 Excit=  1 near/far= 1"
#legend string   0 "Lab energy =   21.0000"
@s0 linestyle   1
#  Theta       sigma       iT11        T20         T21         T22         Kyy for projectile
  0.1000E-01   1.000    
   1.000      0.9997    
   2.000       1.001    
   3.000      0.9801    
   4.000      0.9937    
   5.000       1.036    
   6.000       1.069    
   7.000       1.070    
   8.000       1.043    
   9.000       1.001    
   10.00      0.9589    
   11.00      0.9259    
   12.00      0.9030    
   13.00      0.8865    
   14.00      0.8704    
   15.00      0.8486    
   16.00      0.8173    
   17.00      0.7752    
   18.00      0.7238    
   19.00      0.6664    
   20.00      0.6075    
   21.00      0.5518    
   22.00      0.5029    
   23.00      0.4636    
   24.00      0.4347    
   25.00      0.4158    
   26.00      0.4051    
   27.00      0.3999    
   28.00      0.3972    
   29.00      0.3941    
   30.00      0.3882    
   31.00      0.3777    
   32.00      0.3620    
   33.00      0.3412    
   34.00      0.3163    
   35.00      0.2889    
   36.00      0.2608    
   37.00      0.2340    
   38.00      0.2104    
   39.00      0.1911    
   40.00      0.1770    
   41.00      0.1682    
   42.00      0.1644    
   43.00      0.1646    
   44.00      0.1677    
   45.00      0.1721    
   46.00      0.1765    
   47.00      0.1796    
   48.00      0.1803    
   49.00      0.1779    
   50.00      0.1722    
   51.00      0.1633    
   52.00      0.1516    
   53.00      0.1378    
   54.00      0.1229    
   55.00      0.1077    
   56.00      0.9318E-01
   57.00      0.8011E-01
   58.00      0.6912E-01
   59.00      0.6059E-01
   60.00      0.5467E-01
   61.00      0.5129E-01
   62.00      0.5018E-01
   63.00      0.5093E-01
   64.00      0.5301E-01
   65.00      0.5587E-01
   66.00      0.5895E-01
   67.00      0.6177E-01
   68.00      0.6392E-01
   69.00      0.6510E-01
   70.00      0.6515E-01
   71.00      0.6402E-01
   72.00      0.6176E-01
   73.00      0.5853E-01
   74.00      0.5453E-01
   75.00      0.5000E-01
   76.00      0.4522E-01
   77.00      0.4042E-01
   78.00      0.3583E-01
   79.00      0.3163E-01
   80.00      0.2793E-01
 END
@legend string   1 "Partition=  2 Excit=  1 near/far= 1"
#legend string   0 "Lab energy =   21.0000"
@s1 linestyle   2
#  Theta       sigma       iT11        T20         T21         T22         Kyy for projectile
   0.000       4.987    
   1.000       4.983    
   2.000       4.971    
   3.000       4.946    
   4.000       4.901    
   5.000       4.829    
   6.000       4.722    
   7.000       4.575    
   8.000       4.384    
   9.000       4.149    
   10.00       3.872    
   11.00       3.562    
   12.00       3.228    
   13.00       2.884    
   14.00       2.543    
   15.00       2.219    
   16.00       1.924    
   17.00       1.667    
   18.00       1.454    
   19.00       1.288    
   20.00       1.167    
   21.00       1.087    
   22.00       1.040    
   23.00       1.019    
   24.00       1.014    
   25.00       1.017    
   26.00       1.019    
   27.00       1.016    
   28.00       1.003    
   29.00      0.9770    
   30.00      0.9373    
   31.00      0.8849    
   32.00      0.8218    
   33.00      0.7507    
   34.00      0.6750    
   35.00      0.5982    
   36.00      0.5233    
   37.00      0.4531    
   38.00      0.3897    
   39.00      0.3346    
   40.00      0.2884    
   41.00      0.2511    
   42.00      0.2224    
   43.00      0.2013    
   44.00      0.1866    
   45.00      0.1770    
   46.00      0.1712    
   47.00      0.1678    
   48.00      0.1657    
   49.00      0.1641    
   50.00      0.1621    
   51.00      0.1593    
   52.00      0.1554    
   53.00      0.1505    
   54.00      0.1446    
   55.00      0.1379    
   56.00      0.1306    
   57.00      0.1232    
   58.00      0.1159    
   59.00      0.1090    
   60.00      0.1027    
   61.00      0.9712E-01
   62.00      0.9237E-01
   63.00      0.8847E-01
   64.00      0.8537E-01
   65.00      0.8299E-01
   66.00      0.8119E-01
   67.00      0.7983E-01
   68.00      0.7874E-01
   69.00      0.7776E-01
   70.00      0.7674E-01
   71.00      0.7557E-01
   72.00      0.7414E-01
   73.00      0.7239E-01
   74.00      0.7028E-01
   75.00      0.6779E-01
   76.00      0.6495E-01
   77.00      0.6178E-01
   78.00      0.5834E-01
   79.00      0.5470E-01
   80.00      0.5093E-01
 END
