     0.0   1.498      1
     0.0   3.001     -1
     1.0   13.51      1
     1.0   27.02     -1
     2.0   30.01      1
     2.0   60.06     -1
     3.0   42.06      1
     3.0   84.11     -1
     4.0   53.97      1
     4.0   108.0     -1
     5.0   65.94      1
     5.0   131.6     -1
     6.0   76.24      1
     6.0   153.4     -1
     7.0   86.42      1
     7.0   169.9     -1
     8.0   85.17      1
     8.0   174.0     -1
     9.0   81.33      1
     9.0   160.4     -1
    10.0   65.22      1
    10.0   130.6     -1
    11.0   44.35      1
    11.0   92.19     -1
    12.0   30.85      1
    12.0   56.77     -1
    13.0   14.32      1
    13.0   32.00     -1
    14.0   9.676      1
    14.0   17.47     -1
    15.0   4.217      1
    15.0   9.451     -1
    16.0   2.815      1
    16.0   5.084     -1
    17.0   1.214      1
    17.0   2.722     -1
    18.0  0.8038      1
    18.0   1.451     -1
    19.0  0.3435      1
    19.0  0.7702     -1
    20.0  0.2257      1
    20.0  0.4073     -1
    21.0  0.9566E-01  1
    21.0  0.2146     -1
    22.0  0.6250E-01  1
    22.0  0.1127     -1
    23.0  0.2631E-01  1
    23.0  0.5904E-01 -1
    24.0  0.1710E-01  1
    24.0  0.3084E-01 -1
    25.0  0.7157E-02  1
    25.0  0.1607E-01 -1
    26.0  0.4632E-02  1
    26.0  0.8351E-02 -1
    27.0  0.1929E-02  1
    27.0  0.4332E-02 -1
    28.0  0.1244E-02  1
    28.0  0.2242E-02 -1
    29.0  0.5161E-03  1
    29.0  0.1159E-02 -1
    30.0  0.3314E-03  1
    30.0  0.5976E-03 -1
