#  81 angles,  1 tensor ranks for 0=projectile
@subtitle   "39K(3He,d)40Ca 21 MeV DWBA ZR 8359 keV Jpi=0- l=1 n=2 j=3/2"                   
@legend ON
@legend x1 0.2
@legend y1 0.8
@g0 type LOGY
@yaxis ticklabel format power
@legend string   0 "Lab energy =   21.0000"
#legend string   0 "Partition=  2 Excit=  1 near/far= 1"
#  Theta       sigma       iT11        T20         T21         T22         Kyy for projectile
   0.000       4.987    
   1.000       4.983    
   2.000       4.971    
   3.000       4.946    
   4.000       4.901    
   5.000       4.829    
   6.000       4.722    
   7.000       4.575    
   8.000       4.384    
   9.000       4.149    
   10.00       3.872    
   11.00       3.562    
   12.00       3.228    
   13.00       2.884    
   14.00       2.543    
   15.00       2.219    
   16.00       1.924    
   17.00       1.667    
   18.00       1.454    
   19.00       1.288    
   20.00       1.167    
   21.00       1.087    
   22.00       1.040    
   23.00       1.019    
   24.00       1.014    
   25.00       1.017    
   26.00       1.019    
   27.00       1.016    
   28.00       1.003    
   29.00      0.9770    
   30.00      0.9373    
   31.00      0.8849    
   32.00      0.8218    
   33.00      0.7507    
   34.00      0.6750    
   35.00      0.5982    
   36.00      0.5233    
   37.00      0.4531    
   38.00      0.3897    
   39.00      0.3346    
   40.00      0.2884    
   41.00      0.2511    
   42.00      0.2224    
   43.00      0.2013    
   44.00      0.1866    
   45.00      0.1770    
   46.00      0.1712    
   47.00      0.1678    
   48.00      0.1657    
   49.00      0.1641    
   50.00      0.1621    
   51.00      0.1593    
   52.00      0.1554    
   53.00      0.1505    
   54.00      0.1446    
   55.00      0.1379    
   56.00      0.1306    
   57.00      0.1232    
   58.00      0.1159    
   59.00      0.1090    
   60.00      0.1027    
   61.00      0.9712E-01
   62.00      0.9237E-01
   63.00      0.8847E-01
   64.00      0.8537E-01
   65.00      0.8299E-01
   66.00      0.8119E-01
   67.00      0.7983E-01
   68.00      0.7874E-01
   69.00      0.7776E-01
   70.00      0.7674E-01
   71.00      0.7557E-01
   72.00      0.7414E-01
   73.00      0.7239E-01
   74.00      0.7028E-01
   75.00      0.6779E-01
   76.00      0.6495E-01
   77.00      0.6178E-01
   78.00      0.5834E-01
   79.00      0.5470E-01
   80.00      0.5093E-01
 END
