#  81 angles,  1 tensor ranks for 0=projectile
@subtitle   "39K(3He,d)40Ca 21 MeV DWBA ZR 9419 keV Jpi=3- l=1 n=2 j=3/2"                   
@legend ON
@legend x1 0.2
@legend y1 0.8
@g0 type LOGY
@yaxis ticklabel format power
@legend string   0 "Lab energy =   21.0000"
#legend string   0 "Partition=  2 Excit=  1 near/far= 1"
#  Theta       sigma       iT11        T20         T21         T22         Kyy for projectile
   0.000       20.35    
   1.000       20.30    
   2.000       20.16    
   3.000       19.92    
   4.000       19.57    
   5.000       19.09    
   6.000       18.47    
   7.000       17.72    
   8.000       16.83    
   9.000       15.81    
   10.00       14.69    
   11.00       13.50    
   12.00       12.27    
   13.00       11.05    
   14.00       9.879    
   15.00       8.791    
   16.00       7.820    
   17.00       6.989    
   18.00       6.309    
   19.00       5.784    
   20.00       5.405    
   21.00       5.156    
   22.00       5.012    
   23.00       4.946    
   24.00       4.928    
   25.00       4.929    
   26.00       4.924    
   27.00       4.892    
   28.00       4.818    
   29.00       4.693    
   30.00       4.514    
   31.00       4.284    
   32.00       4.010    
   33.00       3.703    
   34.00       3.374    
   35.00       3.036    
   36.00       2.702    
   37.00       2.381    
   38.00       2.084    
   39.00       1.817    
   40.00       1.584    
   41.00       1.386    
   42.00       1.224    
   43.00       1.095    
   44.00      0.9960    
   45.00      0.9226    
   46.00      0.8698    
   47.00      0.8330    
   48.00      0.8074    
   49.00      0.7891    
   50.00      0.7745    
   51.00      0.7611    
   52.00      0.7471    
   53.00      0.7311    
   54.00      0.7127    
   55.00      0.6920    
   56.00      0.6692    
   57.00      0.6450    
   58.00      0.6201    
   59.00      0.5954    
   60.00      0.5715    
   61.00      0.5491    
   62.00      0.5284    
   63.00      0.5099    
   64.00      0.4934    
   65.00      0.4789    
   66.00      0.4661    
   67.00      0.4547    
   68.00      0.4442    
   69.00      0.4342    
   70.00      0.4242    
   71.00      0.4139    
   72.00      0.4029    
   73.00      0.3909    
   74.00      0.3779    
   75.00      0.3636    
   76.00      0.3482    
   77.00      0.3317    
   78.00      0.3143    
   79.00      0.2961    
   80.00      0.2776    
 END
