     0.0   1.503      1
     0.0   3.005     -1
     1.0   13.52      1
     1.0   27.05     -1
     2.0   30.05      1
     2.0   60.10     -1
     3.0   42.06      1
     3.0   84.11     -1
     4.0   53.98      1
     4.0   108.0     -1
     5.0   65.90      1
     5.0   131.6     -1
     6.0   76.31      1
     6.0   153.5     -1
     7.0   86.36      1
     7.0   170.0     -1
     8.0   85.13      1
     8.0   173.9     -1
     9.0   81.01      1
     9.0   160.0     -1
    10.0   64.90      1
    10.0   130.1     -1
    11.0   44.23      1
    11.0   91.83     -1
    12.0   30.74      1
    12.0   56.60     -1
    13.0   14.30      1
    13.0   31.92     -1
    14.0   9.654      1
    14.0   17.44     -1
    15.0   4.213      1
    15.0   9.437     -1
    16.0   2.811      1
    16.0   5.078     -1
    17.0   1.214      1
    17.0   2.719     -1
    18.0  0.8030      1
    18.0   1.450     -1
    19.0  0.3433      1
    19.0  0.7697     -1
    20.0  0.2256      1
    20.0  0.4071     -1
    21.0  0.9562E-01  1
    21.0  0.2145     -1
    22.0  0.6247E-01  1
    22.0  0.1127     -1
    23.0  0.2630E-01  1
    23.0  0.5902E-01 -1
    24.0  0.1709E-01  1
    24.0  0.3083E-01 -1
    25.0  0.7155E-02  1
    25.0  0.1606E-01 -1
    26.0  0.4630E-02  1
    26.0  0.8349E-02 -1
    27.0  0.1929E-02  1
    27.0  0.4331E-02 -1
    28.0  0.1243E-02  1
    28.0  0.2242E-02 -1
    29.0  0.5160E-03  1
    29.0  0.1158E-02 -1
    30.0  0.3313E-03  1
    30.0  0.5975E-03 -1
