#  81 angles,  1 tensor ranks for 0=projectile
@subtitle   "39K(3He,d)40Ca 21 MeV DWBA ZR 8851 keV Jpi=2- l=3 n=1 j=5/2"                   
@legend ON
@legend x1 0.2
@legend y1 0.8
@g0 type LOGY
@yaxis ticklabel format power
@xaxis label "Scattering angle (degrees)"
@yaxis label "Cross section (mb/sr)"
@legend string   0 "Partition=  1 Excit=  1 near/far= 1"
#legend string   0 "Lab energy =   21.0000"
@s0 linestyle   1
#  Theta       sigma       iT11        T20         T21         T22         Kyy for projectile
  0.1000E-01   1.000    
   1.000      0.9997    
   2.000       1.001    
   3.000      0.9801    
   4.000      0.9937    
   5.000       1.036    
   6.000       1.069    
   7.000       1.070    
   8.000       1.043    
   9.000       1.001    
   10.00      0.9589    
   11.00      0.9259    
   12.00      0.9030    
   13.00      0.8865    
   14.00      0.8704    
   15.00      0.8486    
   16.00      0.8173    
   17.00      0.7752    
   18.00      0.7238    
   19.00      0.6664    
   20.00      0.6075    
   21.00      0.5518    
   22.00      0.5029    
   23.00      0.4636    
   24.00      0.4347    
   25.00      0.4158    
   26.00      0.4051    
   27.00      0.3999    
   28.00      0.3972    
   29.00      0.3941    
   30.00      0.3882    
   31.00      0.3777    
   32.00      0.3620    
   33.00      0.3412    
   34.00      0.3163    
   35.00      0.2889    
   36.00      0.2608    
   37.00      0.2340    
   38.00      0.2104    
   39.00      0.1911    
   40.00      0.1770    
   41.00      0.1682    
   42.00      0.1644    
   43.00      0.1646    
   44.00      0.1677    
   45.00      0.1721    
   46.00      0.1765    
   47.00      0.1796    
   48.00      0.1803    
   49.00      0.1779    
   50.00      0.1722    
   51.00      0.1633    
   52.00      0.1516    
   53.00      0.1378    
   54.00      0.1229    
   55.00      0.1077    
   56.00      0.9318E-01
   57.00      0.8011E-01
   58.00      0.6912E-01
   59.00      0.6059E-01
   60.00      0.5467E-01
   61.00      0.5129E-01
   62.00      0.5018E-01
   63.00      0.5093E-01
   64.00      0.5301E-01
   65.00      0.5587E-01
   66.00      0.5895E-01
   67.00      0.6177E-01
   68.00      0.6392E-01
   69.00      0.6510E-01
   70.00      0.6515E-01
   71.00      0.6402E-01
   72.00      0.6176E-01
   73.00      0.5853E-01
   74.00      0.5453E-01
   75.00      0.5000E-01
   76.00      0.4522E-01
   77.00      0.4042E-01
   78.00      0.3583E-01
   79.00      0.3163E-01
   80.00      0.2793E-01
 END
@legend string   1 "Partition=  2 Excit=  1 near/far= 1"
#legend string   0 "Lab energy =   21.0000"
@s1 linestyle   2
#  Theta       sigma       iT11        T20         T21         T22         Kyy for projectile
   0.000       3.160    
   1.000       3.167    
   2.000       3.187    
   3.000       3.220    
   4.000       3.265    
   5.000       3.318    
   6.000       3.380    
   7.000       3.445    
   8.000       3.513    
   9.000       3.579    
   10.00       3.640    
   11.00       3.692    
   12.00       3.732    
   13.00       3.756    
   14.00       3.763    
   15.00       3.747    
   16.00       3.708    
   17.00       3.643    
   18.00       3.553    
   19.00       3.436    
   20.00       3.294    
   21.00       3.130    
   22.00       2.948    
   23.00       2.750    
   24.00       2.541    
   25.00       2.326    
   26.00       2.110    
   27.00       1.897    
   28.00       1.692    
   29.00       1.498    
   30.00       1.320    
   31.00       1.160    
   32.00       1.020    
   33.00      0.8999    
   34.00      0.8009    
   35.00      0.7216    
   36.00      0.6603    
   37.00      0.6150    
   38.00      0.5830    
   39.00      0.5616    
   40.00      0.5481    
   41.00      0.5398    
   42.00      0.5344    
   43.00      0.5299    
   44.00      0.5244    
   45.00      0.5166    
   46.00      0.5055    
   47.00      0.4907    
   48.00      0.4719    
   49.00      0.4494    
   50.00      0.4236    
   51.00      0.3953    
   52.00      0.3652    
   53.00      0.3344    
   54.00      0.3035    
   55.00      0.2735    
   56.00      0.2449    
   57.00      0.2182    
   58.00      0.1939    
   59.00      0.1721    
   60.00      0.1530    
   61.00      0.1366    
   62.00      0.1228    
   63.00      0.1115    
   64.00      0.1022    
   65.00      0.9483E-01
   66.00      0.8896E-01
   67.00      0.8430E-01
   68.00      0.8054E-01
   69.00      0.7745E-01
   70.00      0.7480E-01
   71.00      0.7243E-01
   72.00      0.7024E-01
   73.00      0.6814E-01
   74.00      0.6608E-01
   75.00      0.6403E-01
   76.00      0.6199E-01
   77.00      0.5997E-01
   78.00      0.5800E-01
   79.00      0.5609E-01
   80.00      0.5430E-01
 END
