#  81 angles,  1 tensor ranks for 0=projectile
@subtitle   "39K(3He,d)40Ca 21 MeV DWBA ZR 8359 keV Jpi=1- l=3 n=1 j=5/2"                   
@legend ON
@legend x1 0.2
@legend y1 0.8
@g0 type LOGY
@yaxis ticklabel format power
@legend string   0 "Lab energy =   21.0000"
#legend string   0 "Partition=  2 Excit=  1 near/far= 1"
#  Theta       sigma       iT11        T20         T21         T22         Kyy for projectile
   0.000       1.986    
   1.000       1.991    
   2.000       2.005    
   3.000       2.029    
   4.000       2.062    
   5.000       2.102    
   6.000       2.148    
   7.000       2.198    
   8.000       2.251    
   9.000       2.302    
   10.00       2.352    
   11.00       2.396    
   12.00       2.432    
   13.00       2.459    
   14.00       2.474    
   15.00       2.474    
   16.00       2.459    
   17.00       2.426    
   18.00       2.375    
   19.00       2.305    
   20.00       2.216    
   21.00       2.110    
   22.00       1.988    
   23.00       1.853    
   24.00       1.709    
   25.00       1.560    
   26.00       1.409    
   27.00       1.261    
   28.00       1.119    
   29.00      0.9855    
   30.00      0.8630    
   31.00      0.7532    
   32.00      0.6573    
   33.00      0.5758    
   34.00      0.5087    
   35.00      0.4554    
   36.00      0.4150    
   37.00      0.3859    
   38.00      0.3662    
   39.00      0.3539    
   40.00      0.3469    
   41.00      0.3432    
   42.00      0.3409    
   43.00      0.3387    
   44.00      0.3352    
   45.00      0.3299    
   46.00      0.3222    
   47.00      0.3118    
   48.00      0.2989    
   49.00      0.2837    
   50.00      0.2663    
   51.00      0.2474    
   52.00      0.2275    
   53.00      0.2070    
   54.00      0.1866    
   55.00      0.1669    
   56.00      0.1483    
   57.00      0.1311    
   58.00      0.1158    
   59.00      0.1023    
   60.00      0.9075E-01
   61.00      0.8103E-01
   62.00      0.7300E-01
   63.00      0.6649E-01
   64.00      0.6128E-01
   65.00      0.5716E-01
   66.00      0.5394E-01
   67.00      0.5141E-01
   68.00      0.4941E-01
   69.00      0.4777E-01
   70.00      0.4636E-01
   71.00      0.4506E-01
   72.00      0.4380E-01
   73.00      0.4252E-01
   74.00      0.4121E-01
   75.00      0.3988E-01
   76.00      0.3854E-01
   77.00      0.3724E-01
   78.00      0.3600E-01
   79.00      0.3486E-01
   80.00      0.3384E-01
 END
