#  81 angles,  1 tensor ranks for 0=projectile
@subtitle   "39K(3He,d)40Ca 21 MeV DWBA ZR 7623 keV Jpi=3- l=1 n=2 j=3/2"                   
@legend ON
@legend x1 0.2
@legend y1 0.8
@g0 type LOGY
@yaxis ticklabel format power
@legend string   0 "Lab energy =   21.0000"
#legend string   0 "Partition=  2 Excit=  1 near/far= 1"
#  Theta       sigma       iT11        T20         T21         T22         Kyy for projectile
   0.000       35.56    
   1.000       35.64    
   2.000       35.87    
   3.000       36.17    
   4.000       36.46    
   5.000       36.63    
   6.000       36.54    
   7.000       36.09    
   8.000       35.20    
   9.000       33.81    
   10.00       31.92    
   11.00       29.59    
   12.00       26.90    
   13.00       23.99    
   14.00       21.00    
   15.00       18.08    
   16.00       15.36    
   17.00       12.96    
   18.00       10.95    
   19.00       9.370    
   20.00       8.216    
   21.00       7.456    
   22.00       7.032    
   23.00       6.869    
   24.00       6.883    
   25.00       6.993    
   26.00       7.122    
   27.00       7.210    
   28.00       7.211    
   29.00       7.095    
   30.00       6.855    
   31.00       6.494    
   32.00       6.031    
   33.00       5.491    
   34.00       4.907    
   35.00       4.310    
   36.00       3.727    
   37.00       3.185    
   38.00       2.702    
   39.00       2.289    
   40.00       1.953    
   41.00       1.692    
   42.00       1.502    
   43.00       1.374    
   44.00       1.296    
   45.00       1.256    
   46.00       1.242    
   47.00       1.241    
   48.00       1.244    
   49.00       1.244    
   50.00       1.235    
   51.00       1.214    
   52.00       1.180    
   53.00       1.134    
   54.00       1.079    
   55.00       1.016    
   56.00      0.9494    
   57.00      0.8821    
   58.00      0.8174    
   59.00      0.7579    
   60.00      0.7057    
   61.00      0.6621    
   62.00      0.6278    
   63.00      0.6024    
   64.00      0.5852    
   65.00      0.5748    
   66.00      0.5698    
   67.00      0.5683    
   68.00      0.5687    
   69.00      0.5695    
   70.00      0.5691    
   71.00      0.5665    
   72.00      0.5608    
   73.00      0.5513    
   74.00      0.5377    
   75.00      0.5200    
   76.00      0.4984    
   77.00      0.4733    
   78.00      0.4454    
   79.00      0.4155    
   80.00      0.3845    
 END
