     0.0   1.497      1
     0.0   2.991     -1
     1.0   13.42      1
     1.0   26.91     -1
     2.0   29.89      1
     2.0   59.85     -1
     3.0   41.81      1
     3.0   83.76     -1
     4.0   53.72      1
     4.0   107.6     -1
     5.0   65.52      1
     5.0   131.0     -1
     6.0   75.95      1
     6.0   152.9     -1
     7.0   85.81      1
     7.0   169.1     -1
     8.0   84.44      1
     8.0   172.6     -1
     9.0   79.71      1
     9.0   157.9     -1
    10.0   63.97      1
    10.0   127.5     -1
    11.0   42.95      1
    11.0   89.59     -1
    12.0   30.04      1
    12.0   55.22     -1
    13.0   13.98      1
    13.0   31.23     -1
    14.0   9.484      1
    14.0   17.12     -1
    15.0   4.146      1
    15.0   9.294     -1
    16.0   2.777      1
    16.0   5.014     -1
    17.0   1.200      1
    17.0   2.691     -1
    18.0  0.7962      1
    18.0   1.437     -1
    19.0  0.3407      1
    19.0  0.7641     -1
    20.0  0.2242      1
    20.0  0.4046     -1
    21.0  0.9510E-01  1
    21.0  0.2134     -1
    22.0  0.6220E-01  1
    22.0  0.1122     -1
    23.0  0.2619E-01  1
    23.0  0.5879E-01 -1
    24.0  0.1704E-01  1
    24.0  0.3072E-01 -1
    25.0  0.7132E-02  1
    25.0  0.1601E-01 -1
    26.0  0.4618E-02  1
    26.0  0.8325E-02 -1
    27.0  0.1923E-02  1
    27.0  0.4318E-02 -1
    28.0  0.1240E-02  1
    28.0  0.2236E-02 -1
    29.0  0.5147E-03  1
    29.0  0.1156E-02 -1
    30.0  0.3305E-03  1
    30.0  0.5960E-03 -1
