#  81 angles,  1 tensor ranks for 0=projectile
@subtitle   "39K(3He,d)40Ca 21 MeV DWBA ZR 9603 keV Jpi=3- l=5 n=1 j=9/2"                   
@legend ON
@legend x1 0.2
@legend y1 0.8
@g0 type LOGY
@yaxis ticklabel format power
@legend string   0 "Lab energy =   21.0000"
#legend string   0 "Partition=  2 Excit=  1 near/far= 1"
#  Theta       sigma       iT11        T20         T21         T22         Kyy for projectile
   0.000      0.5211    
   1.000      0.5202    
   2.000      0.5175    
   3.000      0.5131    
   4.000      0.5072    
   5.000      0.5000    
   6.000      0.4919    
   7.000      0.4831    
   8.000      0.4741    
   9.000      0.4652    
   10.00      0.4569    
   11.00      0.4495    
   12.00      0.4435    
   13.00      0.4391    
   14.00      0.4367    
   15.00      0.4365    
   16.00      0.4385    
   17.00      0.4427    
   18.00      0.4490    
   19.00      0.4571    
   20.00      0.4668    
   21.00      0.4777    
   22.00      0.4893    
   23.00      0.5011    
   24.00      0.5126    
   25.00      0.5234    
   26.00      0.5330    
   27.00      0.5411    
   28.00      0.5471    
   29.00      0.5507    
   30.00      0.5517    
   31.00      0.5497    
   32.00      0.5446    
   33.00      0.5362    
   34.00      0.5246    
   35.00      0.5099    
   36.00      0.4922    
   37.00      0.4718    
   38.00      0.4492    
   39.00      0.4246    
   40.00      0.3987    
   41.00      0.3719    
   42.00      0.3447    
   43.00      0.3177    
   44.00      0.2913    
   45.00      0.2659    
   46.00      0.2419    
   47.00      0.2196    
   48.00      0.1991    
   49.00      0.1806    
   50.00      0.1643    
   51.00      0.1500    
   52.00      0.1379    
   53.00      0.1277    
   54.00      0.1194    
   55.00      0.1128    
   56.00      0.1077    
   57.00      0.1038    
   58.00      0.1009    
   59.00      0.9882E-01
   60.00      0.9729E-01
   61.00      0.9613E-01
   62.00      0.9513E-01
   63.00      0.9415E-01
   64.00      0.9305E-01
   65.00      0.9174E-01
   66.00      0.9015E-01
   67.00      0.8824E-01
   68.00      0.8598E-01
   69.00      0.8339E-01
   70.00      0.8050E-01
   71.00      0.7734E-01
   72.00      0.7397E-01
   73.00      0.7044E-01
   74.00      0.6683E-01
   75.00      0.6319E-01
   76.00      0.5958E-01
   77.00      0.5607E-01
   78.00      0.5270E-01
   79.00      0.4951E-01
   80.00      0.4653E-01
 END
