#  81 angles,  1 tensor ranks for 0=projectile
@subtitle   "39K(3He,d)40Ca 21 MeV DWBA ZR 9136 keV Jpi=3- l=1 n=3 j=3/2"                   
@legend ON
@legend x1 0.2
@legend y1 0.8
@g0 type LOGY
@yaxis ticklabel format power
@legend string   0 "Lab energy =   21.0000"
#legend string   0 "Partition=  2 Excit=  1 near/far= 1"
#  Theta       sigma       iT11        T20         T21         T22         Kyy for projectile
   0.000       43.12    
   1.000       43.02    
   2.000       42.72    
   3.000       42.19    
   4.000       41.42    
   5.000       40.39    
   6.000       39.06    
   7.000       37.42    
   8.000       35.48    
   9.000       33.24    
   10.00       30.76    
   11.00       28.09    
   12.00       25.31    
   13.00       22.52    
   14.00       19.80    
   15.00       17.26    
   16.00       14.97    
   17.00       12.97    
   18.00       11.32    
   19.00       10.01    
   20.00       9.026    
   21.00       8.342    
   22.00       7.906    
   23.00       7.661    
   24.00       7.544    
   25.00       7.496    
   26.00       7.463    
   27.00       7.400    
   28.00       7.274    
   29.00       7.064    
   30.00       6.764    
   31.00       6.377    
   32.00       5.917    
   33.00       5.402    
   34.00       4.857    
   35.00       4.306    
   36.00       3.772    
   37.00       3.275    
   38.00       2.832    
   39.00       2.454    
   40.00       2.146    
   41.00       1.911    
   42.00       1.744    
   43.00       1.640    
   44.00       1.589    
   45.00       1.580    
   46.00       1.601    
   47.00       1.640    
   48.00       1.687    
   49.00       1.732    
   50.00       1.768    
   51.00       1.790    
   52.00       1.793    
   53.00       1.776    
   54.00       1.739    
   55.00       1.682    
   56.00       1.608    
   57.00       1.519    
   58.00       1.420    
   59.00       1.314    
   60.00       1.204    
   61.00       1.093    
   62.00      0.9848    
   63.00      0.8814    
   64.00      0.7848    
   65.00      0.6962    
   66.00      0.6166    
   67.00      0.5464    
   68.00      0.4857    
   69.00      0.4343    
   70.00      0.3916    
   71.00      0.3569    
   72.00      0.3294    
   73.00      0.3082    
   74.00      0.2923    
   75.00      0.2809    
   76.00      0.2730    
   77.00      0.2680    
   78.00      0.2651    
   79.00      0.2636    
   80.00      0.2631    
 END
