     0.0   1.496      1
     0.0   2.995     -1
     1.0   13.45      1
     1.0   26.96     -1
     2.0   29.92      1
     2.0   59.95     -1
     3.0   41.87      1
     3.0   83.88     -1
     4.0   53.79      1
     4.0   107.7     -1
     5.0   65.62      1
     5.0   131.1     -1
     6.0   76.01      1
     6.0   152.8     -1
     7.0   85.73      1
     7.0   168.9     -1
     8.0   84.21      1
     8.0   171.9     -1
     9.0   79.24      1
     9.0   157.2     -1
    10.0   63.74      1
    10.0   127.1     -1
    11.0   43.03      1
    11.0   89.63     -1
    12.0   30.10      1
    12.0   55.36     -1
    13.0   14.03      1
    13.0   31.34     -1
    14.0   9.518      1
    14.0   17.19     -1
    15.0   4.164      1
    15.0   9.331     -1
    16.0   2.787      1
    16.0   5.034     -1
    17.0   1.205      1
    17.0   2.701     -1
    18.0  0.7989      1
    18.0   1.442     -1
    19.0  0.3418      1
    19.0  0.7666     -1
    20.0  0.2249      1
    20.0  0.4058     -1
    21.0  0.9537E-01  1
    21.0  0.2140     -1
    22.0  0.6235E-01  1
    22.0  0.1125     -1
    23.0  0.2625E-01  1
    23.0  0.5893E-01 -1
    24.0  0.1707E-01  1
    24.0  0.3079E-01 -1
    25.0  0.7146E-02  1
    25.0  0.1604E-01 -1
    26.0  0.4626E-02  1
    26.0  0.8341E-02 -1
    27.0  0.1927E-02  1
    27.0  0.4327E-02 -1
    28.0  0.1242E-02  1
    28.0  0.2240E-02 -1
    29.0  0.5155E-03  1
    29.0  0.1157E-02 -1
    30.0  0.3311E-03  1
    30.0  0.5971E-03 -1
