#  81 angles,  1 tensor ranks for 0=projectile
@subtitle   "39K(3He,d)40Ca 21 MeV DWBA ZR 9136 keV Jpi=3- l=1 n=3 j=3/2"                   
@legend ON
@legend x1 0.2
@legend y1 0.8
@g0 type LOGY
@yaxis ticklabel format power
@xaxis label "Scattering angle (degrees)"
@yaxis label "Cross section (mb/sr)"
@legend string   0 "Partition=  1 Excit=  1 near/far= 1"
#legend string   0 "Lab energy =   21.0000"
@s0 linestyle   1
#  Theta       sigma       iT11        T20         T21         T22         Kyy for projectile
  0.1000E-01   1.000    
   1.000      0.9997    
   2.000       1.001    
   3.000      0.9801    
   4.000      0.9937    
   5.000       1.036    
   6.000       1.069    
   7.000       1.070    
   8.000       1.043    
   9.000       1.001    
   10.00      0.9589    
   11.00      0.9259    
   12.00      0.9030    
   13.00      0.8865    
   14.00      0.8704    
   15.00      0.8486    
   16.00      0.8173    
   17.00      0.7752    
   18.00      0.7238    
   19.00      0.6664    
   20.00      0.6075    
   21.00      0.5518    
   22.00      0.5029    
   23.00      0.4636    
   24.00      0.4347    
   25.00      0.4158    
   26.00      0.4051    
   27.00      0.3999    
   28.00      0.3972    
   29.00      0.3941    
   30.00      0.3882    
   31.00      0.3777    
   32.00      0.3620    
   33.00      0.3412    
   34.00      0.3163    
   35.00      0.2889    
   36.00      0.2608    
   37.00      0.2340    
   38.00      0.2104    
   39.00      0.1911    
   40.00      0.1770    
   41.00      0.1682    
   42.00      0.1644    
   43.00      0.1646    
   44.00      0.1677    
   45.00      0.1721    
   46.00      0.1765    
   47.00      0.1796    
   48.00      0.1803    
   49.00      0.1779    
   50.00      0.1722    
   51.00      0.1633    
   52.00      0.1516    
   53.00      0.1378    
   54.00      0.1229    
   55.00      0.1077    
   56.00      0.9318E-01
   57.00      0.8011E-01
   58.00      0.6912E-01
   59.00      0.6059E-01
   60.00      0.5467E-01
   61.00      0.5129E-01
   62.00      0.5018E-01
   63.00      0.5093E-01
   64.00      0.5301E-01
   65.00      0.5587E-01
   66.00      0.5895E-01
   67.00      0.6177E-01
   68.00      0.6392E-01
   69.00      0.6510E-01
   70.00      0.6515E-01
   71.00      0.6402E-01
   72.00      0.6176E-01
   73.00      0.5853E-01
   74.00      0.5453E-01
   75.00      0.5000E-01
   76.00      0.4522E-01
   77.00      0.4042E-01
   78.00      0.3583E-01
   79.00      0.3163E-01
   80.00      0.2793E-01
 END
@legend string   1 "Partition=  2 Excit=  1 near/far= 1"
#legend string   0 "Lab energy =   21.0000"
@s1 linestyle   2
#  Theta       sigma       iT11        T20         T21         T22         Kyy for projectile
   0.000       43.12    
   1.000       43.02    
   2.000       42.72    
   3.000       42.19    
   4.000       41.42    
   5.000       40.39    
   6.000       39.06    
   7.000       37.42    
   8.000       35.48    
   9.000       33.24    
   10.00       30.76    
   11.00       28.09    
   12.00       25.31    
   13.00       22.52    
   14.00       19.80    
   15.00       17.26    
   16.00       14.97    
   17.00       12.97    
   18.00       11.32    
   19.00       10.01    
   20.00       9.026    
   21.00       8.342    
   22.00       7.906    
   23.00       7.661    
   24.00       7.544    
   25.00       7.496    
   26.00       7.463    
   27.00       7.400    
   28.00       7.274    
   29.00       7.064    
   30.00       6.764    
   31.00       6.377    
   32.00       5.917    
   33.00       5.402    
   34.00       4.857    
   35.00       4.306    
   36.00       3.772    
   37.00       3.275    
   38.00       2.832    
   39.00       2.454    
   40.00       2.146    
   41.00       1.911    
   42.00       1.744    
   43.00       1.640    
   44.00       1.589    
   45.00       1.580    
   46.00       1.601    
   47.00       1.640    
   48.00       1.687    
   49.00       1.732    
   50.00       1.768    
   51.00       1.790    
   52.00       1.793    
   53.00       1.776    
   54.00       1.739    
   55.00       1.682    
   56.00       1.608    
   57.00       1.519    
   58.00       1.420    
   59.00       1.314    
   60.00       1.204    
   61.00       1.093    
   62.00      0.9848    
   63.00      0.8814    
   64.00      0.7848    
   65.00      0.6962    
   66.00      0.6166    
   67.00      0.5464    
   68.00      0.4857    
   69.00      0.4343    
   70.00      0.3916    
   71.00      0.3569    
   72.00      0.3294    
   73.00      0.3082    
   74.00      0.2923    
   75.00      0.2809    
   76.00      0.2730    
   77.00      0.2680    
   78.00      0.2651    
   79.00      0.2636    
   80.00      0.2631    
 END
