#  81 angles,  1 tensor ranks for 0=projectile
@subtitle   "39K(3He,d)40Ca 21 MeV DWBA ZR 8484 keV Jpi=3- l=3 n=1 j=5/2"                   
@legend ON
@legend x1 0.2
@legend y1 0.8
@g0 type LOGY
@yaxis ticklabel format power
@legend string   0 "Lab energy =   21.0000"
#legend string   0 "Partition=  2 Excit=  1 near/far= 1"
#  Theta       sigma       iT11        T20         T21         T22         Kyy for projectile
   0.000       4.585    
   1.000       4.596    
   2.000       4.629    
   3.000       4.683    
   4.000       4.756    
   5.000       4.846    
   6.000       4.948    
   7.000       5.058    
   8.000       5.173    
   9.000       5.286    
   10.00       5.394    
   11.00       5.490    
   12.00       5.569    
   13.00       5.626    
   14.00       5.654    
   15.00       5.650    
   16.00       5.608    
   17.00       5.526    
   18.00       5.401    
   19.00       5.233    
   20.00       5.024    
   21.00       4.778    
   22.00       4.500    
   23.00       4.197    
   24.00       3.874    
   25.00       3.541    
   26.00       3.205    
   27.00       2.873    
   28.00       2.553    
   29.00       2.251    
   30.00       1.974    
   31.00       1.725    
   32.00       1.507    
   33.00       1.323    
   34.00       1.172    
   35.00       1.051    
   36.00      0.9596    
   37.00      0.8927    
   38.00      0.8465    
   39.00      0.8167    
   40.00      0.7987    
   41.00      0.7886    
   42.00      0.7824    
   43.00      0.7771    
   44.00      0.7698    
   45.00      0.7585    
   46.00      0.7418    
   47.00      0.7189    
   48.00      0.6898    
   49.00      0.6549    
   50.00      0.6151    
   51.00      0.5716    
   52.00      0.5258    
   53.00      0.4791    
   54.00      0.4327    
   55.00      0.3878    
   56.00      0.3454    
   57.00      0.3063    
   58.00      0.2709    
   59.00      0.2396    
   60.00      0.2126    
   61.00      0.1896    
   62.00      0.1706    
   63.00      0.1552    
   64.00      0.1429    
   65.00      0.1332    
   66.00      0.1256    
   67.00      0.1196    
   68.00      0.1148    
   69.00      0.1107    
   70.00      0.1072    
   71.00      0.1040    
   72.00      0.1009    
   73.00      0.9794E-01
   74.00      0.9496E-01
   75.00      0.9199E-01
   76.00      0.8905E-01
   77.00      0.8616E-01
   78.00      0.8338E-01
   79.00      0.8075E-01
   80.00      0.7833E-01
 END
