     0.0   1.503      1
     0.0   3.006     -1
     1.0   13.53      1
     1.0   27.05     -1
     2.0   30.05      1
     2.0   60.11     -1
     3.0   42.06      1
     3.0   84.11     -1
     4.0   53.99      1
     4.0   108.0     -1
     5.0   65.89      1
     5.0   131.5     -1
     6.0   76.33      1
     6.0   153.5     -1
     7.0   86.32      1
     7.0   170.0     -1
     8.0   85.13      1
     8.0   173.9     -1
     9.0   80.97      1
     9.0   159.9     -1
    10.0   64.75      1
    10.0   129.8     -1
    11.0   43.73      1
    11.0   91.19     -1
    12.0   30.65      1
    12.0   56.15     -1
    13.0   14.11      1
    13.0   31.69     -1
    14.0   9.634      1
    14.0   17.34     -1
    15.0   4.174      1
    15.0   9.389     -1
    16.0   2.807      1
    16.0   5.056     -1
    17.0   1.206      1
    17.0   2.709     -1
    18.0  0.8021      1
    18.0   1.445     -1
    19.0  0.3417      1
    19.0  0.7677     -1
    20.0  0.2254      1
    20.0  0.4061     -1
    21.0  0.9529E-01  1
    21.0  0.2141     -1
    22.0  0.6243E-01  1
    22.0  0.1125     -1
    23.0  0.2623E-01  1
    23.0  0.5893E-01 -1
    24.0  0.1709E-01  1
    24.0  0.3079E-01 -1
    25.0  0.7140E-02  1
    25.0  0.1604E-01 -1
    26.0  0.4628E-02  1
    26.0  0.8340E-02 -1
    27.0  0.1926E-02  1
    27.0  0.4326E-02 -1
    28.0  0.1243E-02  1
    28.0  0.2240E-02 -1
    29.0  0.5155E-03  1
    29.0  0.1158E-02 -1
    30.0  0.3312E-03  1
    30.0  0.5971E-03 -1
