#  81 angles,  1 tensor ranks for 0=projectile
@subtitle   "39K(3He,d)40Ca 21 MeV DWBA ZR 8935 keV Jpi=2+ l=2 n=2 j=5/2"                   
@legend ON
@legend x1 0.2
@legend y1 0.8
@g0 type LOGY
@yaxis ticklabel format power
@legend string   0 "Lab energy =   21.0000"
#legend string   0 "Partition=  2 Excit=  1 near/far= 1"
#  Theta       sigma       iT11        T20         T21         T22         Kyy for projectile
   0.000       14.66    
   1.000       14.69    
   2.000       14.78    
   3.000       14.91    
   4.000       15.08    
   5.000       15.26    
   6.000       15.45    
   7.000       15.61    
   8.000       15.72    
   9.000       15.76    
   10.00       15.71    
   11.00       15.55    
   12.00       15.27    
   13.00       14.85    
   14.00       14.31    
   15.00       13.64    
   16.00       12.85    
   17.00       11.98    
   18.00       11.03    
   19.00       10.05    
   20.00       9.052    
   21.00       8.075    
   22.00       7.143    
   23.00       6.278    
   24.00       5.496    
   25.00       4.810    
   26.00       4.224    
   27.00       3.738    
   28.00       3.347    
   29.00       3.042    
   30.00       2.811    
   31.00       2.641    
   32.00       2.518    
   33.00       2.426    
   34.00       2.352    
   35.00       2.287    
   36.00       2.220    
   37.00       2.145    
   38.00       2.059    
   39.00       1.960    
   40.00       1.849    
   41.00       1.727    
   42.00       1.598    
   43.00       1.465    
   44.00       1.332    
   45.00       1.203    
   46.00       1.082    
   47.00      0.9701    
   48.00      0.8706    
   49.00      0.7840    
   50.00      0.7108    
   51.00      0.6503    
   52.00      0.6014    
   53.00      0.5626    
   54.00      0.5320    
   55.00      0.5078    
   56.00      0.4879    
   57.00      0.4707    
   58.00      0.4547    
   59.00      0.4386    
   60.00      0.4215    
   61.00      0.4031    
   62.00      0.3831    
   63.00      0.3616    
   64.00      0.3390    
   65.00      0.3158    
   66.00      0.2926    
   67.00      0.2701    
   68.00      0.2491    
   69.00      0.2301    
   70.00      0.2135    
   71.00      0.1998    
   72.00      0.1891    
   73.00      0.1814    
   74.00      0.1766    
   75.00      0.1744    
   76.00      0.1746    
   77.00      0.1766    
   78.00      0.1800    
   79.00      0.1842    
   80.00      0.1887    
 END
