#  81 angles,  1 tensor ranks for 0=projectile
@subtitle   "39K(3He,d)40Ca 21 MeV DWBA ZR 8935 keV Jpi=2+ l=2 n=2 j=5/2"                   
@legend ON
@legend x1 0.2
@legend y1 0.8
@g0 type LOGY
@yaxis ticklabel format power
@xaxis label "Scattering angle (degrees)"
@yaxis label "Cross section (mb/sr)"
@legend string   0 "Partition=  1 Excit=  1 near/far= 1"
#legend string   0 "Lab energy =   21.0000"
@s0 linestyle   1
#  Theta       sigma       iT11        T20         T21         T22         Kyy for projectile
  0.1000E-01   1.000    
   1.000      0.9997    
   2.000       1.001    
   3.000      0.9801    
   4.000      0.9937    
   5.000       1.036    
   6.000       1.069    
   7.000       1.070    
   8.000       1.043    
   9.000       1.001    
   10.00      0.9589    
   11.00      0.9259    
   12.00      0.9030    
   13.00      0.8865    
   14.00      0.8704    
   15.00      0.8486    
   16.00      0.8173    
   17.00      0.7752    
   18.00      0.7238    
   19.00      0.6664    
   20.00      0.6075    
   21.00      0.5518    
   22.00      0.5029    
   23.00      0.4636    
   24.00      0.4347    
   25.00      0.4158    
   26.00      0.4051    
   27.00      0.3999    
   28.00      0.3972    
   29.00      0.3941    
   30.00      0.3882    
   31.00      0.3777    
   32.00      0.3620    
   33.00      0.3412    
   34.00      0.3163    
   35.00      0.2889    
   36.00      0.2608    
   37.00      0.2340    
   38.00      0.2104    
   39.00      0.1911    
   40.00      0.1770    
   41.00      0.1682    
   42.00      0.1644    
   43.00      0.1646    
   44.00      0.1677    
   45.00      0.1721    
   46.00      0.1765    
   47.00      0.1796    
   48.00      0.1803    
   49.00      0.1779    
   50.00      0.1722    
   51.00      0.1633    
   52.00      0.1516    
   53.00      0.1378    
   54.00      0.1229    
   55.00      0.1077    
   56.00      0.9318E-01
   57.00      0.8011E-01
   58.00      0.6912E-01
   59.00      0.6059E-01
   60.00      0.5467E-01
   61.00      0.5129E-01
   62.00      0.5018E-01
   63.00      0.5093E-01
   64.00      0.5301E-01
   65.00      0.5587E-01
   66.00      0.5895E-01
   67.00      0.6177E-01
   68.00      0.6392E-01
   69.00      0.6510E-01
   70.00      0.6515E-01
   71.00      0.6402E-01
   72.00      0.6176E-01
   73.00      0.5853E-01
   74.00      0.5453E-01
   75.00      0.5000E-01
   76.00      0.4522E-01
   77.00      0.4042E-01
   78.00      0.3583E-01
   79.00      0.3163E-01
   80.00      0.2793E-01
 END
@legend string   1 "Partition=  2 Excit=  1 near/far= 1"
#legend string   0 "Lab energy =   21.0000"
@s1 linestyle   2
#  Theta       sigma       iT11        T20         T21         T22         Kyy for projectile
   0.000       14.66    
   1.000       14.69    
   2.000       14.78    
   3.000       14.91    
   4.000       15.08    
   5.000       15.26    
   6.000       15.45    
   7.000       15.61    
   8.000       15.72    
   9.000       15.76    
   10.00       15.71    
   11.00       15.55    
   12.00       15.27    
   13.00       14.85    
   14.00       14.31    
   15.00       13.64    
   16.00       12.85    
   17.00       11.98    
   18.00       11.03    
   19.00       10.05    
   20.00       9.052    
   21.00       8.075    
   22.00       7.143    
   23.00       6.278    
   24.00       5.496    
   25.00       4.810    
   26.00       4.224    
   27.00       3.738    
   28.00       3.347    
   29.00       3.042    
   30.00       2.811    
   31.00       2.641    
   32.00       2.518    
   33.00       2.426    
   34.00       2.352    
   35.00       2.287    
   36.00       2.220    
   37.00       2.145    
   38.00       2.059    
   39.00       1.960    
   40.00       1.849    
   41.00       1.727    
   42.00       1.598    
   43.00       1.465    
   44.00       1.332    
   45.00       1.203    
   46.00       1.082    
   47.00      0.9701    
   48.00      0.8706    
   49.00      0.7840    
   50.00      0.7108    
   51.00      0.6503    
   52.00      0.6014    
   53.00      0.5626    
   54.00      0.5320    
   55.00      0.5078    
   56.00      0.4879    
   57.00      0.4707    
   58.00      0.4547    
   59.00      0.4386    
   60.00      0.4215    
   61.00      0.4031    
   62.00      0.3831    
   63.00      0.3616    
   64.00      0.3390    
   65.00      0.3158    
   66.00      0.2926    
   67.00      0.2701    
   68.00      0.2491    
   69.00      0.2301    
   70.00      0.2135    
   71.00      0.1998    
   72.00      0.1891    
   73.00      0.1814    
   74.00      0.1766    
   75.00      0.1744    
   76.00      0.1746    
   77.00      0.1766    
   78.00      0.1800    
   79.00      0.1842    
   80.00      0.1887    
 END
