#  81 angles,  1 tensor ranks for 0=projectile
@subtitle   "39K(3He,d)40Ca 21 MeV DWBA ZR 9227.43 keV Jpi=2+ l=0 n=3 j=1/2"                
@legend ON
@legend x1 0.2
@legend y1 0.8
@g0 type LOGY
@yaxis ticklabel format power
@xaxis label "Scattering angle (degrees)"
@yaxis label "Cross section (mb/sr)"
@legend string   0 "Partition=  1 Excit=  1 near/far= 1"
#legend string   0 "Lab energy =   21.0000"
@s0 linestyle   1
#  Theta       sigma       iT11        T20         T21         T22         Kyy for projectile
  0.1000E-01   1.000    
   1.000      0.9997    
   2.000       1.001    
   3.000      0.9801    
   4.000      0.9937    
   5.000       1.036    
   6.000       1.069    
   7.000       1.070    
   8.000       1.043    
   9.000       1.001    
   10.00      0.9589    
   11.00      0.9259    
   12.00      0.9030    
   13.00      0.8865    
   14.00      0.8704    
   15.00      0.8486    
   16.00      0.8173    
   17.00      0.7752    
   18.00      0.7238    
   19.00      0.6664    
   20.00      0.6075    
   21.00      0.5518    
   22.00      0.5029    
   23.00      0.4636    
   24.00      0.4347    
   25.00      0.4158    
   26.00      0.4051    
   27.00      0.3999    
   28.00      0.3972    
   29.00      0.3941    
   30.00      0.3882    
   31.00      0.3777    
   32.00      0.3620    
   33.00      0.3412    
   34.00      0.3163    
   35.00      0.2889    
   36.00      0.2608    
   37.00      0.2340    
   38.00      0.2104    
   39.00      0.1911    
   40.00      0.1770    
   41.00      0.1682    
   42.00      0.1644    
   43.00      0.1646    
   44.00      0.1677    
   45.00      0.1721    
   46.00      0.1765    
   47.00      0.1796    
   48.00      0.1803    
   49.00      0.1779    
   50.00      0.1722    
   51.00      0.1633    
   52.00      0.1516    
   53.00      0.1378    
   54.00      0.1229    
   55.00      0.1077    
   56.00      0.9318E-01
   57.00      0.8011E-01
   58.00      0.6912E-01
   59.00      0.6059E-01
   60.00      0.5467E-01
   61.00      0.5129E-01
   62.00      0.5018E-01
   63.00      0.5093E-01
   64.00      0.5301E-01
   65.00      0.5587E-01
   66.00      0.5895E-01
   67.00      0.6177E-01
   68.00      0.6392E-01
   69.00      0.6510E-01
   70.00      0.6515E-01
   71.00      0.6402E-01
   72.00      0.6176E-01
   73.00      0.5853E-01
   74.00      0.5453E-01
   75.00      0.5000E-01
   76.00      0.4522E-01
   77.00      0.4042E-01
   78.00      0.3583E-01
   79.00      0.3163E-01
   80.00      0.2793E-01
 END
@legend string   1 "Partition=  2 Excit=  1 near/far= 1"
#legend string   0 "Lab energy =   21.0000"
@s1 linestyle   2
#  Theta       sigma       iT11        T20         T21         T22         Kyy for projectile
   0.000       39.70    
   1.000       39.23    
   2.000       37.84    
   3.000       35.63    
   4.000       32.73    
   5.000       29.31    
   6.000       25.58    
   7.000       21.72    
   8.000       17.94    
   9.000       14.40    
   10.00       11.23    
   11.00       8.522    
   12.00       6.329    
   13.00       4.652    
   14.00       3.460    
   15.00       2.692    
   16.00       2.272    
   17.00       2.110    
   18.00       2.122    
   19.00       2.228    
   20.00       2.367    
   21.00       2.489    
   22.00       2.568    
   23.00       2.589    
   24.00       2.555    
   25.00       2.476    
   26.00       2.370    
   27.00       2.255    
   28.00       2.150    
   29.00       2.070    
   30.00       2.025    
   31.00       2.018    
   32.00       2.049    
   33.00       2.113    
   34.00       2.200    
   35.00       2.298    
   36.00       2.395    
   37.00       2.480    
   38.00       2.542    
   39.00       2.573    
   40.00       2.568    
   41.00       2.524    
   42.00       2.441    
   43.00       2.322    
   44.00       2.172    
   45.00       1.997    
   46.00       1.804    
   47.00       1.601    
   48.00       1.394    
   49.00       1.192    
   50.00       1.000    
   51.00      0.8229    
   52.00      0.6648    
   53.00      0.5283    
   54.00      0.4148    
   55.00      0.3247    
   56.00      0.2575    
   57.00      0.2118    
   58.00      0.1855    
   59.00      0.1763    
   60.00      0.1813    
   61.00      0.1977    
   62.00      0.2226    
   63.00      0.2532    
   64.00      0.2869    
   65.00      0.3214    
   66.00      0.3545    
   67.00      0.3847    
   68.00      0.4106    
   69.00      0.4311    
   70.00      0.4456    
   71.00      0.4537    
   72.00      0.4553    
   73.00      0.4506    
   74.00      0.4400    
   75.00      0.4240    
   76.00      0.4034    
   77.00      0.3788    
   78.00      0.3513    
   79.00      0.3217    
   80.00      0.2908    
 END
