#  81 angles,  1 tensor ranks for 0=projectile
@subtitle   "39K(3He,d)40Ca 21 MeV DWBA ZR 9227.43 keV Jpi=2+ l=0 n=3 j=1/2"                
@legend ON
@legend x1 0.2
@legend y1 0.8
@g0 type LOGY
@yaxis ticklabel format power
@legend string   0 "Lab energy =   21.0000"
#legend string   0 "Partition=  2 Excit=  1 near/far= 1"
#  Theta       sigma       iT11        T20         T21         T22         Kyy for projectile
   0.000       39.70    
   1.000       39.23    
   2.000       37.84    
   3.000       35.63    
   4.000       32.73    
   5.000       29.31    
   6.000       25.58    
   7.000       21.72    
   8.000       17.94    
   9.000       14.40    
   10.00       11.23    
   11.00       8.522    
   12.00       6.329    
   13.00       4.652    
   14.00       3.460    
   15.00       2.692    
   16.00       2.272    
   17.00       2.110    
   18.00       2.122    
   19.00       2.228    
   20.00       2.367    
   21.00       2.489    
   22.00       2.568    
   23.00       2.589    
   24.00       2.555    
   25.00       2.476    
   26.00       2.370    
   27.00       2.255    
   28.00       2.150    
   29.00       2.070    
   30.00       2.025    
   31.00       2.018    
   32.00       2.049    
   33.00       2.113    
   34.00       2.200    
   35.00       2.298    
   36.00       2.395    
   37.00       2.480    
   38.00       2.542    
   39.00       2.573    
   40.00       2.568    
   41.00       2.524    
   42.00       2.441    
   43.00       2.322    
   44.00       2.172    
   45.00       1.997    
   46.00       1.804    
   47.00       1.601    
   48.00       1.394    
   49.00       1.192    
   50.00       1.000    
   51.00      0.8229    
   52.00      0.6648    
   53.00      0.5283    
   54.00      0.4148    
   55.00      0.3247    
   56.00      0.2575    
   57.00      0.2118    
   58.00      0.1855    
   59.00      0.1763    
   60.00      0.1813    
   61.00      0.1977    
   62.00      0.2226    
   63.00      0.2532    
   64.00      0.2869    
   65.00      0.3214    
   66.00      0.3545    
   67.00      0.3847    
   68.00      0.4106    
   69.00      0.4311    
   70.00      0.4456    
   71.00      0.4537    
   72.00      0.4553    
   73.00      0.4506    
   74.00      0.4400    
   75.00      0.4240    
   76.00      0.4034    
   77.00      0.3788    
   78.00      0.3513    
   79.00      0.3217    
   80.00      0.2908    
 END
