#  81 angles,  1 tensor ranks for 0=projectile
@subtitle   "39K(3He,d)40Ca 21 MeV DWBA ZR 8484 keV Jpi=3- l=1 n=2 j=3/2"                   
@legend ON
@legend x1 0.2
@legend y1 0.8
@g0 type LOGY
@yaxis ticklabel format power
@legend string   0 "Lab energy =   21.0000"
#legend string   0 "Partition=  2 Excit=  1 near/far= 1"
#  Theta       sigma       iT11        T20         T21         T22         Kyy for projectile
   0.000       32.96    
   1.000       32.93    
   2.000       32.83    
   3.000       32.63    
   4.000       32.29    
   5.000       31.77    
   6.000       31.02    
   7.000       30.01    
   8.000       28.72    
   9.000       27.15    
   10.00       25.33    
   11.00       23.30    
   12.00       21.12    
   13.00       18.89    
   14.00       16.68    
   15.00       14.59    
   16.00       12.69    
   17.00       11.03    
   18.00       9.660    
   19.00       8.591    
   20.00       7.812    
   21.00       7.294    
   22.00       6.992    
   23.00       6.852    
   24.00       6.817    
   25.00       6.830    
   26.00       6.844    
   27.00       6.819    
   28.00       6.727    
   29.00       6.551    
   30.00       6.288    
   31.00       5.941    
   32.00       5.523    
   33.00       5.053    
   34.00       4.552    
   35.00       4.041    
   36.00       3.543    
   37.00       3.075    
   38.00       2.651    
   39.00       2.280    
   40.00       1.968    
   41.00       1.714    
   42.00       1.517    
   43.00       1.370    
   44.00       1.266    
   45.00       1.197    
   46.00       1.154    
   47.00       1.128    
   48.00       1.111    
   49.00       1.099    
   50.00       1.085    
   51.00       1.066    
   52.00       1.042    
   53.00       1.010    
   54.00      0.9720    
   55.00      0.9291    
   56.00      0.8828    
   57.00      0.8351    
   58.00      0.7879    
   59.00      0.7428    
   60.00      0.7012    
   61.00      0.6642    
   62.00      0.6324    
   63.00      0.6060    
   64.00      0.5847    
   65.00      0.5681    
   66.00      0.5553    
   67.00      0.5455    
   68.00      0.5373    
   69.00      0.5300    
   70.00      0.5224    
   71.00      0.5139    
   72.00      0.5037    
   73.00      0.4915    
   74.00      0.4770    
   75.00      0.4601    
   76.00      0.4410    
   77.00      0.4197    
   78.00      0.3966    
   79.00      0.3722    
   80.00      0.3470    
 END
