     0.0   1.497      1
     0.0   2.992     -1
     1.0   13.42      1
     1.0   26.92     -1
     2.0   29.90      1
     2.0   59.87     -1
     3.0   41.82      1
     3.0   83.78     -1
     4.0   53.74      1
     4.0   107.6     -1
     5.0   65.55      1
     5.0   131.1     -1
     6.0   75.99      1
     6.0   152.9     -1
     7.0   85.86      1
     7.0   169.2     -1
     8.0   84.48      1
     8.0   172.6     -1
     9.0   79.80      1
     9.0   158.1     -1
    10.0   64.09      1
    10.0   127.8     -1
    11.0   43.20      1
    11.0   90.01     -1
    12.0   30.19      1
    12.0   55.51     -1
    13.0   14.05      1
    13.0   31.38     -1
    14.0   9.523      1
    14.0   17.20     -1
    15.0   4.162      1
    15.0   9.328     -1
    16.0   2.786      1
    16.0   5.030     -1
    17.0   1.204      1
    17.0   2.699     -1
    18.0  0.7981      1
    18.0   1.441     -1
    19.0  0.3415      1
    19.0  0.7658     -1
    20.0  0.2247      1
    20.0  0.4054     -1
    21.0  0.9528E-01  1
    21.0  0.2138     -1
    22.0  0.6230E-01  1
    22.0  0.1124     -1
    23.0  0.2623E-01  1
    23.0  0.5888E-01 -1
    24.0  0.1706E-01  1
    24.0  0.3077E-01 -1
    25.0  0.7144E-02  1
    25.0  0.1604E-01 -1
    26.0  0.4625E-02  1
    26.0  0.8340E-02 -1
    27.0  0.1928E-02  1
    27.0  0.4327E-02 -1
    28.0  0.1243E-02  1
    28.0  0.2241E-02 -1
    29.0  0.5159E-03  1
    29.0  0.1158E-02 -1
    30.0  0.3312E-03  1
    30.0  0.5974E-03 -1
