     0.0   1.503      1
     0.0   3.004     -1
     1.0   13.52      1
     1.0   27.03     -1
     2.0   30.05      1
     2.0   60.07     -1
     3.0   42.07      1
     3.0   84.10     -1
     4.0   54.03      1
     4.0   108.0     -1
     5.0   65.96      1
     5.0   131.6     -1
     6.0   76.41      1
     6.0   153.5     -1
     7.0   86.48      1
     7.0   170.0     -1
     8.0   85.29      1
     8.0   174.0     -1
     9.0   81.15      1
     9.0   160.2     -1
    10.0   65.15      1
    10.0   130.3     -1
    11.0   44.16      1
    11.0   91.87     -1
    12.0   30.77      1
    12.0   56.58     -1
    13.0   14.28      1
    13.0   31.91     -1
    14.0   9.658      1
    14.0   17.43     -1
    15.0   4.207      1
    15.0   9.432     -1
    16.0   2.812      1
    16.0   5.076     -1
    17.0   1.212      1
    17.0   2.718     -1
    18.0  0.8030      1
    18.0   1.449     -1
    19.0  0.3430      1
    19.0  0.7694     -1
    20.0  0.2256      1
    20.0  0.4069     -1
    21.0  0.9557E-01  1
    21.0  0.2145     -1
    22.0  0.6246E-01  1
    22.0  0.1127     -1
    23.0  0.2629E-01  1
    23.0  0.5901E-01 -1
    24.0  0.1709E-01  1
    24.0  0.3082E-01 -1
    25.0  0.7152E-02  1
    25.0  0.1606E-01 -1
    26.0  0.4630E-02  1
    26.0  0.8348E-02 -1
    27.0  0.1929E-02  1
    27.0  0.4330E-02 -1
    28.0  0.1243E-02  1
    28.0  0.2242E-02 -1
    29.0  0.5159E-03  1
    29.0  0.1158E-02 -1
    30.0  0.3313E-03  1
    30.0  0.5974E-03 -1
