     0.0   1.498      1
     0.0   2.994     -1
     1.0   13.44      1
     1.0   26.94     -1
     2.0   29.92      1
     2.0   59.91     -1
     3.0   41.86      1
     3.0   83.84     -1
     4.0   53.79      1
     4.0   107.7     -1
     5.0   65.64      1
     5.0   131.2     -1
     6.0   76.10      1
     6.0   153.1     -1
     7.0   86.05      1
     7.0   169.5     -1
     8.0   84.77      1
     8.0   173.1     -1
     9.0   80.38      1
     9.0   159.1     -1
    10.0   64.60      1
    10.0   129.1     -1
    11.0   43.81      1
    11.0   91.13     -1
    12.0   30.55      1
    12.0   56.21     -1
    13.0   14.21      1
    13.0   31.75     -1
    14.0   9.618      1
    14.0   17.37     -1
    15.0   4.199      1
    15.0   9.409     -1
    16.0   2.806      1
    16.0   5.067     -1
    17.0   1.212      1
    17.0   2.715     -1
    18.0  0.8023      1
    18.0   1.448     -1
    19.0  0.3430      1
    19.0  0.7692     -1
    20.0  0.2255      1
    20.0  0.4069     -1
    21.0  0.9559E-01  1
    21.0  0.2145     -1
    22.0  0.6247E-01  1
    22.0  0.1127     -1
    23.0  0.2629E-01  1
    23.0  0.5902E-01 -1
    24.0  0.1709E-01  1
    24.0  0.3083E-01 -1
    25.0  0.7155E-02  1
    25.0  0.1606E-01 -1
    26.0  0.4631E-02  1
    26.0  0.8350E-02 -1
    27.0  0.1929E-02  1
    27.0  0.4331E-02 -1
    28.0  0.1243E-02  1
    28.0  0.2242E-02 -1
    29.0  0.5160E-03  1
    29.0  0.1158E-02 -1
    30.0  0.3313E-03  1
    30.0  0.5974E-03 -1
