#  81 angles,  1 tensor ranks for 0=projectile
@subtitle   "39K(3He,d)40Ca 21 MeV DWBA ZR 6750 keV Jpi=2- l=1 n=2 j=1/2"                   
@legend ON
@legend x1 0.2
@legend y1 0.8
@g0 type LOGY
@yaxis ticklabel format power
@xaxis label "Scattering angle (degrees)"
@yaxis label "Cross section (mb/sr)"
@legend string   0 "Partition=  1 Excit=  1 near/far= 1"
#legend string   0 "Lab energy =   21.0000"
@s0 linestyle   1
#  Theta       sigma       iT11        T20         T21         T22         Kyy for projectile
  0.1000E-01   1.000    
   1.000      0.9997    
   2.000       1.001    
   3.000      0.9801    
   4.000      0.9937    
   5.000       1.036    
   6.000       1.069    
   7.000       1.070    
   8.000       1.043    
   9.000       1.001    
   10.00      0.9589    
   11.00      0.9259    
   12.00      0.9030    
   13.00      0.8865    
   14.00      0.8704    
   15.00      0.8486    
   16.00      0.8173    
   17.00      0.7752    
   18.00      0.7238    
   19.00      0.6664    
   20.00      0.6075    
   21.00      0.5518    
   22.00      0.5029    
   23.00      0.4636    
   24.00      0.4347    
   25.00      0.4158    
   26.00      0.4051    
   27.00      0.3999    
   28.00      0.3972    
   29.00      0.3941    
   30.00      0.3882    
   31.00      0.3777    
   32.00      0.3620    
   33.00      0.3412    
   34.00      0.3163    
   35.00      0.2889    
   36.00      0.2608    
   37.00      0.2340    
   38.00      0.2104    
   39.00      0.1911    
   40.00      0.1770    
   41.00      0.1682    
   42.00      0.1644    
   43.00      0.1646    
   44.00      0.1677    
   45.00      0.1721    
   46.00      0.1765    
   47.00      0.1796    
   48.00      0.1803    
   49.00      0.1779    
   50.00      0.1722    
   51.00      0.1633    
   52.00      0.1516    
   53.00      0.1378    
   54.00      0.1229    
   55.00      0.1077    
   56.00      0.9318E-01
   57.00      0.8011E-01
   58.00      0.6912E-01
   59.00      0.6059E-01
   60.00      0.5467E-01
   61.00      0.5129E-01
   62.00      0.5018E-01
   63.00      0.5093E-01
   64.00      0.5301E-01
   65.00      0.5587E-01
   66.00      0.5895E-01
   67.00      0.6177E-01
   68.00      0.6392E-01
   69.00      0.6510E-01
   70.00      0.6515E-01
   71.00      0.6402E-01
   72.00      0.6176E-01
   73.00      0.5853E-01
   74.00      0.5453E-01
   75.00      0.5000E-01
   76.00      0.4522E-01
   77.00      0.4042E-01
   78.00      0.3583E-01
   79.00      0.3163E-01
   80.00      0.2793E-01
 END
@legend string   1 "Partition=  2 Excit=  1 near/far= 1"
#legend string   0 "Lab energy =   21.0000"
@s1 linestyle   2
#  Theta       sigma       iT11        T20         T21         T22         Kyy for projectile
   0.000       26.56    
   1.000       26.68    
   2.000       27.03    
   3.000       27.53    
   4.000       28.08    
   5.000       28.53    
   6.000       28.76    
   7.000       28.65    
   8.000       28.08    
   9.000       27.02    
   10.00       25.46    
   11.00       23.44    
   12.00       21.07    
   13.00       18.47    
   14.00       15.77    
   15.00       13.14    
   16.00       10.71    
   17.00       8.594    
   18.00       6.860    
   19.00       5.549    
   20.00       4.660    
   21.00       4.159    
   22.00       3.984    
   23.00       4.060    
   24.00       4.299    
   25.00       4.620    
   26.00       4.947    
   27.00       5.219    
   28.00       5.393    
   29.00       5.442    
   30.00       5.359    
   31.00       5.148    
   32.00       4.828    
   33.00       4.425    
   34.00       3.966    
   35.00       3.482    
   36.00       3.002    
   37.00       2.547    
   38.00       2.135    
   39.00       1.777    
   40.00       1.479    
   41.00       1.241    
   42.00       1.059    
   43.00      0.9247    
   44.00      0.8303    
   45.00      0.7657    
   46.00      0.7219    
   47.00      0.6908    
   48.00      0.6656    
   49.00      0.6418    
   50.00      0.6164    
   51.00      0.5883    
   52.00      0.5578    
   53.00      0.5261    
   54.00      0.4951    
   55.00      0.4670    
   56.00      0.4438    
   57.00      0.4273    
   58.00      0.4186    
   59.00      0.4180    
   60.00      0.4253    
   61.00      0.4397    
   62.00      0.4596    
   63.00      0.4832    
   64.00      0.5083    
   65.00      0.5327    
   66.00      0.5543    
   67.00      0.5713    
   68.00      0.5820    
   69.00      0.5855    
   70.00      0.5810    
   71.00      0.5684    
   72.00      0.5480    
   73.00      0.5205    
   74.00      0.4869    
   75.00      0.4484    
   76.00      0.4065    
   77.00      0.3628    
   78.00      0.3186    
   79.00      0.2755    
   80.00      0.2346    
 END
