     0.0   1.497      1
     0.0   2.996     -1
     1.0   13.47      1
     1.0   26.96     -1
     2.0   29.93      1
     2.0   59.92     -1
     3.0   41.92      1
     3.0   83.87     -1
     4.0   53.74      1
     4.0   107.7     -1
     5.0   65.68      1
     5.0   131.2     -1
     6.0   76.00      1
     6.0   153.0     -1
     7.0   86.06      1
     7.0   169.4     -1
     8.0   84.73      1
     8.0   173.1     -1
     9.0   80.51      1
     9.0   158.9     -1
    10.0   64.28      1
    10.0   128.6     -1
    11.0   43.53      1
    11.0   90.24     -1
    12.0   30.04      1
    12.0   55.53     -1
    13.0   14.12      1
    13.0   31.38     -1
    14.0   9.484      1
    14.0   17.19     -1
    15.0   4.177      1
    15.0   9.325     -1
    16.0   2.778      1
    16.0   5.028     -1
    17.0   1.206      1
    17.0   2.697     -1
    18.0  0.7963      1
    18.0   1.440     -1
    19.0  0.3419      1
    19.0  0.7654     -1
    20.0  0.2243      1
    20.0  0.4051     -1
    21.0  0.9534E-01  1
    21.0  0.2137     -1
    22.0  0.6221E-01  1
    22.0  0.1123     -1
    23.0  0.2624E-01  1
    23.0  0.5885E-01 -1
    24.0  0.1704E-01  1
    24.0  0.3075E-01 -1
    25.0  0.7144E-02  1
    25.0  0.1603E-01 -1
    26.0  0.4620E-02  1
    26.0  0.8334E-02 -1
    27.0  0.1927E-02  1
    27.0  0.4324E-02 -1
    28.0  0.1241E-02  1
    28.0  0.2239E-02 -1
    29.0  0.5156E-03  1
    29.0  0.1157E-02 -1
    30.0  0.3309E-03  1
    30.0  0.5970E-03 -1
