#  81 angles,  1 tensor ranks for 0=projectile
@subtitle   "39K(3He,d)40Ca 21 MeV DWBA ZR 9227.43 keV Jpi=2+ l=2 n=3 j=3/2"                
@legend ON
@legend x1 0.2
@legend y1 0.8
@g0 type LOGY
@yaxis ticklabel format power
@legend string   0 "Lab energy =   21.0000"
#legend string   0 "Partition=  2 Excit=  1 near/far= 1"
#  Theta       sigma       iT11        T20         T21         T22         Kyy for projectile
   0.000       24.44    
   1.000       24.45    
   2.000       24.48    
   3.000       24.53    
   4.000       24.58    
   5.000       24.62    
   6.000       24.62    
   7.000       24.57    
   8.000       24.44    
   9.000       24.21    
   10.00       23.87    
   11.00       23.39    
   12.00       22.75    
   13.00       21.97    
   14.00       21.03    
   15.00       19.95    
   16.00       18.75    
   17.00       17.47    
   18.00       16.12    
   19.00       14.75    
   20.00       13.39    
   21.00       12.08    
   22.00       10.84    
   23.00       9.708    
   24.00       8.688    
   25.00       7.793    
   26.00       7.028    
   27.00       6.388    
   28.00       5.863    
   29.00       5.438    
   30.00       5.096    
   31.00       4.817    
   32.00       4.581    
   33.00       4.372    
   34.00       4.173    
   35.00       3.971    
   36.00       3.760    
   37.00       3.533    
   38.00       3.290    
   39.00       3.033    
   40.00       2.764    
   41.00       2.490    
   42.00       2.219    
   43.00       1.956    
   44.00       1.709    
   45.00       1.485    
   46.00       1.286    
   47.00       1.118    
   48.00      0.9814    
   49.00      0.8759    
   50.00      0.8003    
   51.00      0.7517    
   52.00      0.7262    
   53.00      0.7195    
   54.00      0.7266    
   55.00      0.7428    
   56.00      0.7635    
   57.00      0.7844    
   58.00      0.8022    
   59.00      0.8139    
   60.00      0.8177    
   61.00      0.8124    
   62.00      0.7975    
   63.00      0.7735    
   64.00      0.7410    
   65.00      0.7015    
   66.00      0.6564    
   67.00      0.6076    
   68.00      0.5567    
   69.00      0.5054    
   70.00      0.4552    
   71.00      0.4076    
   72.00      0.3634    
   73.00      0.3236    
   74.00      0.2885    
   75.00      0.2583    
   76.00      0.2330    
   77.00      0.2124    
   78.00      0.1958    
   79.00      0.1829    
   80.00      0.1730    
 END
