#  81 angles,  1 tensor ranks for 0=projectile
@subtitle   "39K(3He,d)40Ca 21 MeV DWBA ZR 8764 keV Jpi=3- l=3 n=1 j=7/2"                   
@legend ON
@legend x1 0.2
@legend y1 0.8
@g0 type LOGY
@yaxis ticklabel format power
@legend string   0 "Lab energy =   21.0000"
#legend string   0 "Partition=  2 Excit=  1 near/far= 1"
#  Theta       sigma       iT11        T20         T21         T22         Kyy for projectile
   0.000       4.903    
   1.000       4.909    
   2.000       4.927    
   3.000       4.955    
   4.000       4.993    
   5.000       5.038    
   6.000       5.088    
   7.000       5.140    
   8.000       5.192    
   9.000       5.241    
   10.00       5.284    
   11.00       5.317    
   12.00       5.337    
   13.00       5.340    
   14.00       5.322    
   15.00       5.279    
   16.00       5.208    
   17.00       5.107    
   18.00       4.974    
   19.00       4.809    
   20.00       4.614    
   21.00       4.392    
   22.00       4.146    
   23.00       3.880    
   24.00       3.600    
   25.00       3.311    
   26.00       3.019    
   27.00       2.730    
   28.00       2.449    
   29.00       2.184    
   30.00       1.937    
   31.00       1.713    
   32.00       1.514    
   33.00       1.342    
   34.00       1.197    
   35.00       1.078    
   36.00      0.9827    
   37.00      0.9088    
   38.00      0.8531    
   39.00      0.8120    
   40.00      0.7824    
   41.00      0.7607    
   42.00      0.7440    
   43.00      0.7294    
   44.00      0.7146    
   45.00      0.6978    
   46.00      0.6777    
   47.00      0.6534    
   48.00      0.6248    
   49.00      0.5920    
   50.00      0.5558    
   51.00      0.5169    
   52.00      0.4765    
   53.00      0.4354    
   54.00      0.3949    
   55.00      0.3557    
   56.00      0.3186    
   57.00      0.2843    
   58.00      0.2531    
   59.00      0.2255    
   60.00      0.2014    
   61.00      0.1808    
   62.00      0.1636    
   63.00      0.1495    
   64.00      0.1380    
   65.00      0.1287    
   66.00      0.1212    
   67.00      0.1151    
   68.00      0.1099    
   69.00      0.1053    
   70.00      0.1012    
   71.00      0.9732E-01
   72.00      0.9352E-01
   73.00      0.8976E-01
   74.00      0.8601E-01
   75.00      0.8228E-01
   76.00      0.7862E-01
   77.00      0.7509E-01
   78.00      0.7177E-01
   79.00      0.6876E-01
   80.00      0.6613E-01
 END
