#  81 angles,  1 tensor ranks for 0=projectile
@subtitle   "39K(3He,d)40Ca 21 MeV DWBA ZR 8019 keV Jpi=1- l=1 n=2 j=3/2"                   
@legend ON
@legend x1 0.2
@legend y1 0.8
@g0 type LOGY
@yaxis ticklabel format power
@legend string   0 "Lab energy =   21.0000"
#legend string   0 "Partition=  2 Excit=  1 near/far= 1"
#  Theta       sigma       iT11        T20         T21         T22         Kyy for projectile
   0.000       12.88    
   1.000       12.92    
   2.000       13.03    
   3.000       13.18    
   4.000       13.34    
   5.000       13.44    
   6.000       13.44    
   7.000       13.30    
   8.000       12.97    
   9.000       12.45    
   10.00       11.73    
   11.00       10.83    
   12.00       9.799    
   13.00       8.681    
   14.00       7.533    
   15.00       6.413    
   16.00       5.373    
   17.00       4.456    
   18.00       3.691    
   19.00       3.093    
   20.00       2.662    
   21.00       2.386    
   22.00       2.243    
   23.00       2.202    
   24.00       2.232    
   25.00       2.298    
   26.00       2.372    
   27.00       2.429    
   28.00       2.452    
   29.00       2.429    
   30.00       2.358    
   31.00       2.241    
   32.00       2.085    
   33.00       1.899    
   34.00       1.696    
   35.00       1.487    
   36.00       1.283    
   37.00       1.093    
   38.00      0.9241    
   39.00      0.7803    
   40.00      0.6637    
   41.00      0.5739    
   42.00      0.5090    
   43.00      0.4655    
   44.00      0.4392    
   45.00      0.4257    
   46.00      0.4203    
   47.00      0.4192    
   48.00      0.4189    
   49.00      0.4169    
   50.00      0.4115    
   51.00      0.4018    
   52.00      0.3876    
   53.00      0.3692    
   54.00      0.3475    
   55.00      0.3233    
   56.00      0.2979    
   57.00      0.2723    
   58.00      0.2475    
   59.00      0.2243    
   60.00      0.2032    
   61.00      0.1845    
   62.00      0.1684    
   63.00      0.1547    
   64.00      0.1432    
   65.00      0.1336    
   66.00      0.1253    
   67.00      0.1181    
   68.00      0.1114    
   69.00      0.1049    
   70.00      0.9835E-01
   71.00      0.9160E-01
   72.00      0.8455E-01
   73.00      0.7722E-01
   74.00      0.6968E-01
   75.00      0.6209E-01
   76.00      0.5462E-01
   77.00      0.4748E-01
   78.00      0.4085E-01
   79.00      0.3492E-01
   80.00      0.2981E-01
 END
