     0.0   1.503      1
     0.0   3.005     -1
     1.0   13.53      1
     1.0   27.05     -1
     2.0   30.06      1
     2.0   60.11     -1
     3.0   42.09      1
     3.0   84.14     -1
     4.0   54.04      1
     4.0   108.1     -1
     5.0   65.98      1
     5.0   131.6     -1
     6.0   76.44      1
     6.0   153.6     -1
     7.0   86.53      1
     7.0   170.1     -1
     8.0   85.36      1
     8.0   174.1     -1
     9.0   81.24      1
     9.0   160.3     -1
    10.0   65.14      1
    10.0   130.4     -1
    11.0   44.21      1
    11.0   91.87     -1
    12.0   30.73      1
    12.0   56.58     -1
    13.0   14.29      1
    13.0   31.91     -1
    14.0   9.649      1
    14.0   17.43     -1
    15.0   4.211      1
    15.0   9.432     -1
    16.0   2.810      1
    16.0   5.076     -1
    17.0   1.213      1
    17.0   2.718     -1
    18.0  0.8025      1
    18.0   1.449     -1
    19.0  0.3432      1
    19.0  0.7694     -1
    20.0  0.2255      1
    20.0  0.4069     -1
    21.0  0.9561E-01  1
    21.0  0.2145     -1
    22.0  0.6244E-01  1
    22.0  0.1127     -1
    23.0  0.2629E-01  1
    23.0  0.5901E-01 -1
    24.0  0.1709E-01  1
    24.0  0.3082E-01 -1
    25.0  0.7154E-02  1
    25.0  0.1606E-01 -1
    26.0  0.4629E-02  1
    26.0  0.8348E-02 -1
    27.0  0.1929E-02  1
    27.0  0.4330E-02 -1
    28.0  0.1243E-02  1
    28.0  0.2242E-02 -1
    29.0  0.5160E-03  1
    29.0  0.1158E-02 -1
    30.0  0.3313E-03  1
    30.0  0.5974E-03 -1
