     0.0   1.503      1
     0.0   3.005     -1
     1.0   13.49      1
     1.0   27.00     -1
     2.0   29.97      1
     2.0   59.98     -1
     3.0   41.95      1
     3.0   83.96     -1
     4.0   53.89      1
     4.0   107.9     -1
     5.0   65.80      1
     5.0   131.4     -1
     6.0   76.22      1
     6.0   153.3     -1
     7.0   86.15      1
     7.0   169.7     -1
     8.0   84.76      1
     8.0   173.3     -1
     9.0   80.40      1
     9.0   158.8     -1
    10.0   63.90      1
    10.0   128.2     -1
    11.0   42.81      1
    11.0   89.71     -1
    12.0   30.38      1
    12.0   55.31     -1
    13.0   13.85      1
    13.0   31.31     -1
    14.0   9.583      1
    14.0   17.17     -1
    15.0   4.125      1
    15.0   9.318     -1
    16.0   2.798      1
    16.0   5.026     -1
    17.0   1.197      1
    17.0   2.697     -1
    18.0  0.8004      1
    18.0   1.440     -1
    19.0  0.3400      1
    19.0  0.7653     -1
    20.0  0.2251      1
    20.0  0.4051     -1
    21.0  0.9498E-01  1
    21.0  0.2137     -1
    22.0  0.6237E-01  1
    22.0  0.1123     -1
    23.0  0.2617E-01  1
    23.0  0.5885E-01 -1
    24.0  0.1707E-01  1
    24.0  0.3075E-01 -1
    25.0  0.7129E-02  1
    25.0  0.1603E-01 -1
    26.0  0.4625E-02  1
    26.0  0.8332E-02 -1
    27.0  0.1923E-02  1
    27.0  0.4323E-02 -1
    28.0  0.1242E-02  1
    28.0  0.2238E-02 -1
    29.0  0.5150E-03  1
    29.0  0.1157E-02 -1
    30.0  0.3310E-03  1
    30.0  0.5967E-03 -1
