#  81 angles,  1 tensor ranks for 0=projectile
@subtitle   "39K(3He,d)40Ca 21 MeV DWBA ZR 8851 keV Jpi=3- l=3 n=2 j=5/2"                   
@legend ON
@legend x1 0.2
@legend y1 0.8
@g0 type LOGY
@yaxis ticklabel format power
@legend string   0 "Lab energy =   21.0000"
#legend string   0 "Partition=  2 Excit=  1 near/far= 1"
#  Theta       sigma       iT11        T20         T21         T22         Kyy for projectile
   0.000       11.41    
   1.000       11.44    
   2.000       11.53    
   3.000       11.67    
   4.000       11.85    
   5.000       12.08    
   6.000       12.34    
   7.000       12.61    
   8.000       12.88    
   9.000       13.15    
   10.00       13.39    
   11.00       13.59    
   12.00       13.73    
   13.00       13.80    
   14.00       13.80    
   15.00       13.70    
   16.00       13.51    
   17.00       13.22    
   18.00       12.84    
   19.00       12.35    
   20.00       11.78    
   21.00       11.12    
   22.00       10.40    
   23.00       9.632    
   24.00       8.831    
   25.00       8.016    
   26.00       7.207    
   27.00       6.418    
   28.00       5.667    
   29.00       4.968    
   30.00       4.330    
   31.00       3.763    
   32.00       3.272    
   33.00       2.859    
   34.00       2.524    
   35.00       2.261    
   36.00       2.063    
   37.00       1.923    
   38.00       1.830    
   39.00       1.774    
   40.00       1.743    
   41.00       1.730    
   42.00       1.724    
   43.00       1.719    
   44.00       1.708    
   45.00       1.687    
   46.00       1.654    
   47.00       1.606    
   48.00       1.543    
   49.00       1.467    
   50.00       1.379    
   51.00       1.282    
   52.00       1.178    
   53.00       1.073    
   54.00      0.9673    
   55.00      0.8653    
   56.00      0.7691    
   57.00      0.6804    
   58.00      0.6005    
   59.00      0.5301    
   60.00      0.4695    
   61.00      0.4183    
   62.00      0.3762    
   63.00      0.3421    
   64.00      0.3150    
   65.00      0.2938    
   66.00      0.2771    
   67.00      0.2638    
   68.00      0.2528    
   69.00      0.2432    
   70.00      0.2343    
   71.00      0.2256    
   72.00      0.2168    
   73.00      0.2077    
   74.00      0.1983    
   75.00      0.1887    
   76.00      0.1791    
   77.00      0.1696    
   78.00      0.1604    
   79.00      0.1520    
   80.00      0.1444    
 END
