#  81 angles,  1 tensor ranks for 0=projectile
@subtitle   "39K(3He,d)40Ca 21 MeV DWBA ZR 9454 keV Jpi=3- l=3 n=2 j=7/2"                   
@legend ON
@legend x1 0.2
@legend y1 0.8
@g0 type LOGY
@yaxis ticklabel format power
@legend string   0 "Lab energy =   21.0000"
#legend string   0 "Partition=  2 Excit=  1 near/far= 1"
#  Theta       sigma       iT11        T20         T21         T22         Kyy for projectile
   0.000       11.78    
   1.000       11.79    
   2.000       11.83    
   3.000       11.89    
   4.000       11.97    
   5.000       12.06    
   6.000       12.16    
   7.000       12.26    
   8.000       12.34    
   9.000       12.41    
   10.00       12.44    
   11.00       12.43    
   12.00       12.37    
   13.00       12.26    
   14.00       12.09    
   15.00       11.86    
   16.00       11.57    
   17.00       11.21    
   18.00       10.79    
   19.00       10.31    
   20.00       9.783    
   21.00       9.215    
   22.00       8.615    
   23.00       7.994    
   24.00       7.362    
   25.00       6.730    
   26.00       6.110    
   27.00       5.513    
   28.00       4.947    
   29.00       4.420    
   30.00       3.940    
   31.00       3.512    
   32.00       3.138    
   33.00       2.819    
   34.00       2.553    
   35.00       2.338    
   36.00       2.168    
   37.00       2.037    
   38.00       1.939    
   39.00       1.866    
   40.00       1.811    
   41.00       1.768    
   42.00       1.732    
   43.00       1.696    
   44.00       1.657    
   45.00       1.611    
   46.00       1.557    
   47.00       1.494    
   48.00       1.420    
   49.00       1.338    
   50.00       1.248    
   51.00       1.153    
   52.00       1.055    
   53.00      0.9564    
   54.00      0.8597    
   55.00      0.7671    
   56.00      0.6804    
   57.00      0.6009    
   58.00      0.5298    
   59.00      0.4677    
   60.00      0.4147    
   61.00      0.3708    
   62.00      0.3353    
   63.00      0.3077    
   64.00      0.2869    
   65.00      0.2718    
   66.00      0.2611    
   67.00      0.2538    
   68.00      0.2488    
   69.00      0.2450    
   70.00      0.2417    
   71.00      0.2382    
   72.00      0.2342    
   73.00      0.2293    
   74.00      0.2233    
   75.00      0.2163    
   76.00      0.2083    
   77.00      0.1994    
   78.00      0.1899    
   79.00      0.1801    
   80.00      0.1703    
 END
