#  81 angles,  1 tensor ranks for 0=projectile
@subtitle   "39K(3He,d)40Ca 21 MeV DWBA ZR 9092 keV Jpi=3- l=5 n=1 j=9/2"                   
@legend ON
@legend x1 0.2
@legend y1 0.8
@g0 type LOGY
@yaxis ticklabel format power
@legend string   0 "Lab energy =   21.0000"
#legend string   0 "Partition=  2 Excit=  1 near/far= 1"
#  Theta       sigma       iT11        T20         T21         T22         Kyy for projectile
   0.000      0.4950    
   1.000      0.4940    
   2.000      0.4912    
   3.000      0.4867    
   4.000      0.4806    
   5.000      0.4733    
   6.000      0.4652    
   7.000      0.4565    
   8.000      0.4477    
   9.000      0.4392    
   10.00      0.4315    
   11.00      0.4250    
   12.00      0.4201    
   13.00      0.4172    
   14.00      0.4165    
   15.00      0.4182    
   16.00      0.4225    
   17.00      0.4294    
   18.00      0.4386    
   19.00      0.4500    
   20.00      0.4631    
   21.00      0.4776    
   22.00      0.4930    
   23.00      0.5086    
   24.00      0.5240    
   25.00      0.5386    
   26.00      0.5518    
   27.00      0.5632    
   28.00      0.5722    
   29.00      0.5785    
   30.00      0.5816    
   31.00      0.5812    
   32.00      0.5772    
   33.00      0.5693    
   34.00      0.5575    
   35.00      0.5421    
   36.00      0.5232    
   37.00      0.5012    
   38.00      0.4765    
   39.00      0.4497    
   40.00      0.4213    
   41.00      0.3920    
   42.00      0.3622    
   43.00      0.3327    
   44.00      0.3039    
   45.00      0.2762    
   46.00      0.2501    
   47.00      0.2259    
   48.00      0.2038    
   49.00      0.1840    
   50.00      0.1666    
   51.00      0.1516    
   52.00      0.1390    
   53.00      0.1286    
   54.00      0.1202    
   55.00      0.1137    
   56.00      0.1089    
   57.00      0.1053    
   58.00      0.1029    
   59.00      0.1012    
   60.00      0.1000    
   61.00      0.9917E-01
   62.00      0.9841E-01
   63.00      0.9758E-01
   64.00      0.9654E-01
   65.00      0.9521E-01
   66.00      0.9353E-01
   67.00      0.9146E-01
   68.00      0.8901E-01
   69.00      0.8619E-01
   70.00      0.8305E-01
   71.00      0.7963E-01
   72.00      0.7600E-01
   73.00      0.7224E-01
   74.00      0.6840E-01
   75.00      0.6456E-01
   76.00      0.6079E-01
   77.00      0.5714E-01
   78.00      0.5366E-01
   79.00      0.5040E-01
   80.00      0.4738E-01
 END
