#  81 angles,  1 tensor ranks for 0=projectile
@subtitle   "39K(3He,d)40Ca 21 MeV DWBA ZR 9136 keV Jpi=2- l=3 n=1 j=5/2"                   
@legend ON
@legend x1 0.2
@legend y1 0.8
@g0 type LOGY
@yaxis ticklabel format power
@legend string   0 "Lab energy =   21.0000"
#legend string   0 "Partition=  2 Excit=  1 near/far= 1"
#  Theta       sigma       iT11        T20         T21         T22         Kyy for projectile
   0.000       3.054    
   1.000       3.060    
   2.000       3.077    
   3.000       3.106    
   4.000       3.145    
   5.000       3.191    
   6.000       3.244    
   7.000       3.300    
   8.000       3.357    
   9.000       3.412    
   10.00       3.462    
   11.00       3.502    
   12.00       3.532    
   13.00       3.546    
   14.00       3.543    
   15.00       3.520    
   16.00       3.475    
   17.00       3.408    
   18.00       3.317    
   19.00       3.204    
   20.00       3.069    
   21.00       2.914    
   22.00       2.743    
   23.00       2.560    
   24.00       2.367    
   25.00       2.169    
   26.00       1.971    
   27.00       1.776    
   28.00       1.588    
   29.00       1.411    
   30.00       1.248    
   31.00       1.101    
   32.00      0.9716    
   33.00      0.8611    
   34.00      0.7693    
   35.00      0.6952    
   36.00      0.6376    
   37.00      0.5945    
   38.00      0.5636    
   39.00      0.5425    
   40.00      0.5287    
   41.00      0.5199    
   42.00      0.5140    
   43.00      0.5090    
   44.00      0.5033    
   45.00      0.4958    
   46.00      0.4854    
   47.00      0.4717    
   48.00      0.4545    
   49.00      0.4338    
   50.00      0.4100    
   51.00      0.3838    
   52.00      0.3559    
   53.00      0.3271    
   54.00      0.2981    
   55.00      0.2696    
   56.00      0.2424    
   57.00      0.2169    
   58.00      0.1934    
   59.00      0.1722    
   60.00      0.1535    
   61.00      0.1373    
   62.00      0.1235    
   63.00      0.1119    
   64.00      0.1024    
   65.00      0.9471E-01
   66.00      0.8855E-01
   67.00      0.8362E-01
   68.00      0.7965E-01
   69.00      0.7640E-01
   70.00      0.7365E-01
   71.00      0.7123E-01
   72.00      0.6901E-01
   73.00      0.6691E-01
   74.00      0.6487E-01
   75.00      0.6284E-01
   76.00      0.6084E-01
   77.00      0.5885E-01
   78.00      0.5690E-01
   79.00      0.5500E-01
   80.00      0.5318E-01
 END
