     0.0   1.499      1
     0.0   2.988     -1
     1.0   13.45      1
     1.0   26.91     -1
     2.0   29.95      1
     2.0   59.86     -1
     3.0   41.98      1
     3.0   83.87     -1
     4.0   53.91      1
     4.0   107.7     -1
     5.0   65.74      1
     5.0   131.1     -1
     6.0   76.04      1
     6.0   152.6     -1
     7.0   85.74      1
     7.0   168.7     -1
     8.0   84.64      1
     8.0   172.6     -1
     9.0   80.52      1
     9.0   159.0     -1
    10.0   64.77      1
    10.0   129.6     -1
    11.0   44.02      1
    11.0   91.56     -1
    12.0   30.69      1
    12.0   56.45     -1
    13.0   14.25      1
    13.0   31.85     -1
    14.0   9.644      1
    14.0   17.41     -1
    15.0   4.205      1
    15.0   9.425     -1
    16.0   2.810      1
    16.0   5.073     -1
    17.0   1.212      1
    17.0   2.718     -1
    18.0  0.8028      1
    18.0   1.449     -1
    19.0  0.3431      1
    19.0  0.7695     -1
    20.0  0.2256      1
    20.0  0.4070     -1
    21.0  0.9559E-01  1
    21.0  0.2145     -1
    22.0  0.6247E-01  1
    22.0  0.1127     -1
    23.0  0.2629E-01  1
    23.0  0.5901E-01 -1
    24.0  0.1709E-01  1
    24.0  0.3082E-01 -1
    25.0  0.7153E-02  1
    25.0  0.1606E-01 -1
    26.0  0.4630E-02  1
    26.0  0.8348E-02 -1
    27.0  0.1928E-02  1
    27.0  0.4330E-02 -1
    28.0  0.1243E-02  1
    28.0  0.2241E-02 -1
    29.0  0.5158E-03  1
    29.0  0.1158E-02 -1
    30.0  0.3312E-03  1
    30.0  0.5974E-03 -1
