#  81 angles,  1 tensor ranks for 0=projectile
@subtitle   "39K(3He,d)40Ca 21 MeV DWBA ZR 6025 keV Jpi=2- l=3 n=1 j=7/2"                   
@legend ON
@legend x1 0.2
@legend y1 0.8
@g0 type LOGY
@yaxis ticklabel format power
@xaxis label "Scattering angle (degrees)"
@yaxis label "Cross section (mb/sr)"
@legend string   0 "Partition=  1 Excit=  1 near/far= 1"
#legend string   0 "Lab energy =   21.0000"
@s0 linestyle   1
#  Theta       sigma       iT11        T20         T21         T22         Kyy for projectile
  0.1000E-01   1.000    
   1.000      0.9997    
   2.000       1.001    
   3.000      0.9801    
   4.000      0.9937    
   5.000       1.036    
   6.000       1.069    
   7.000       1.070    
   8.000       1.043    
   9.000       1.001    
   10.00      0.9589    
   11.00      0.9259    
   12.00      0.9030    
   13.00      0.8865    
   14.00      0.8704    
   15.00      0.8486    
   16.00      0.8173    
   17.00      0.7752    
   18.00      0.7238    
   19.00      0.6664    
   20.00      0.6075    
   21.00      0.5518    
   22.00      0.5029    
   23.00      0.4636    
   24.00      0.4347    
   25.00      0.4158    
   26.00      0.4051    
   27.00      0.3999    
   28.00      0.3972    
   29.00      0.3941    
   30.00      0.3882    
   31.00      0.3777    
   32.00      0.3620    
   33.00      0.3412    
   34.00      0.3163    
   35.00      0.2889    
   36.00      0.2608    
   37.00      0.2340    
   38.00      0.2104    
   39.00      0.1911    
   40.00      0.1770    
   41.00      0.1682    
   42.00      0.1644    
   43.00      0.1646    
   44.00      0.1677    
   45.00      0.1721    
   46.00      0.1765    
   47.00      0.1796    
   48.00      0.1803    
   49.00      0.1779    
   50.00      0.1722    
   51.00      0.1633    
   52.00      0.1516    
   53.00      0.1378    
   54.00      0.1229    
   55.00      0.1077    
   56.00      0.9318E-01
   57.00      0.8011E-01
   58.00      0.6912E-01
   59.00      0.6059E-01
   60.00      0.5467E-01
   61.00      0.5129E-01
   62.00      0.5018E-01
   63.00      0.5093E-01
   64.00      0.5301E-01
   65.00      0.5587E-01
   66.00      0.5895E-01
   67.00      0.6177E-01
   68.00      0.6392E-01
   69.00      0.6510E-01
   70.00      0.6515E-01
   71.00      0.6402E-01
   72.00      0.6176E-01
   73.00      0.5853E-01
   74.00      0.5453E-01
   75.00      0.5000E-01
   76.00      0.4522E-01
   77.00      0.4042E-01
   78.00      0.3583E-01
   79.00      0.3163E-01
   80.00      0.2793E-01
 END
@legend string   1 "Partition=  2 Excit=  1 near/far= 1"
#legend string   0 "Lab energy =   21.0000"
@s1 linestyle   2
#  Theta       sigma       iT11        T20         T21         T22         Kyy for projectile
   0.000       1.491    
   1.000       1.493    
   2.000       1.499    
   3.000       1.509    
   4.000       1.524    
   5.000       1.544    
   6.000       1.572    
   7.000       1.607    
   8.000       1.652    
   9.000       1.707    
   10.00       1.772    
   11.00       1.847    
   12.00       1.931    
   13.00       2.020    
   14.00       2.112    
   15.00       2.201    
   16.00       2.281    
   17.00       2.348    
   18.00       2.395    
   19.00       2.418    
   20.00       2.412    
   21.00       2.375    
   22.00       2.307    
   23.00       2.208    
   24.00       2.081    
   25.00       1.930    
   26.00       1.762    
   27.00       1.583    
   28.00       1.399    
   29.00       1.217    
   30.00       1.044    
   31.00      0.8842    
   32.00      0.7423    
   33.00      0.6209    
   34.00      0.5213    
   35.00      0.4434    
   36.00      0.3860    
   37.00      0.3471    
   38.00      0.3237    
   39.00      0.3128    
   40.00      0.3108    
   41.00      0.3145    
   42.00      0.3209    
   43.00      0.3274    
   44.00      0.3319    
   45.00      0.3330    
   46.00      0.3297    
   47.00      0.3218    
   48.00      0.3095    
   49.00      0.2933    
   50.00      0.2740    
   51.00      0.2527    
   52.00      0.2303    
   53.00      0.2078    
   54.00      0.1861    
   55.00      0.1659    
   56.00      0.1478    
   57.00      0.1321    
   58.00      0.1188    
   59.00      0.1080    
   60.00      0.9945E-01
   61.00      0.9292E-01
   62.00      0.8805E-01
   63.00      0.8443E-01
   64.00      0.8168E-01
   65.00      0.7944E-01
   66.00      0.7740E-01
   67.00      0.7533E-01
   68.00      0.7305E-01
   69.00      0.7050E-01
   70.00      0.6765E-01
   71.00      0.6454E-01
   72.00      0.6127E-01
   73.00      0.5795E-01
   74.00      0.5471E-01
   75.00      0.5170E-01
   76.00      0.4903E-01
   77.00      0.4680E-01
   78.00      0.4510E-01
   79.00      0.4397E-01
   80.00      0.4341E-01
 END
