#  81 angles,  1 tensor ranks for 0=projectile
@subtitle   "39K(3He,d)40Ca 21 MeV DWBA ZR 9432 keV Jpi=4- l=5 n=1 j=11/2"                  
@legend ON
@legend x1 0.2
@legend y1 0.8
@g0 type LOGY
@yaxis ticklabel format power
@legend string   0 "Lab energy =   21.0000"
#legend string   0 "Partition=  2 Excit=  1 near/far= 1"
#  Theta       sigma       iT11        T20         T21         T22         Kyy for projectile
   0.000      0.4958    
   1.000      0.4957    
   2.000      0.4955    
   3.000      0.4952    
   4.000      0.4950    
   5.000      0.4951    
   6.000      0.4957    
   7.000      0.4971    
   8.000      0.4994    
   9.000      0.5028    
   10.00      0.5076    
   11.00      0.5137    
   12.00      0.5213    
   13.00      0.5304    
   14.00      0.5409    
   15.00      0.5528    
   16.00      0.5659    
   17.00      0.5800    
   18.00      0.5949    
   19.00      0.6103    
   20.00      0.6259    
   21.00      0.6415    
   22.00      0.6566    
   23.00      0.6708    
   24.00      0.6838    
   25.00      0.6951    
   26.00      0.7044    
   27.00      0.7113    
   28.00      0.7154    
   29.00      0.7164    
   30.00      0.7141    
   31.00      0.7081    
   32.00      0.6985    
   33.00      0.6851    
   34.00      0.6681    
   35.00      0.6476    
   36.00      0.6238    
   37.00      0.5971    
   38.00      0.5679    
   39.00      0.5368    
   40.00      0.5042    
   41.00      0.4707    
   42.00      0.4369    
   43.00      0.4033    
   44.00      0.3705    
   45.00      0.3388    
   46.00      0.3088    
   47.00      0.2807    
   48.00      0.2549    
   49.00      0.2314    
   50.00      0.2106    
   51.00      0.1923    
   52.00      0.1766    
   53.00      0.1634    
   54.00      0.1525    
   55.00      0.1438    
   56.00      0.1369    
   57.00      0.1316    
   58.00      0.1276    
   59.00      0.1247    
   60.00      0.1226    
   61.00      0.1209    
   62.00      0.1195    
   63.00      0.1183    
   64.00      0.1169    
   65.00      0.1154    
   66.00      0.1136    
   67.00      0.1114    
   68.00      0.1089    
   69.00      0.1060    
   70.00      0.1027    
   71.00      0.9912E-01
   72.00      0.9530E-01
   73.00      0.9130E-01
   74.00      0.8719E-01
   75.00      0.8305E-01
   76.00      0.7893E-01
   77.00      0.7491E-01
   78.00      0.7103E-01
   79.00      0.6734E-01
   80.00      0.6386E-01
 END
