#  81 angles,  1 tensor ranks for 0=projectile
@subtitle   "39K(3He,d)40Ca 21 MeV DWBA ZR 9432 keV Jpi=4- l=5 n=1 j=11/2"                  
@legend ON
@legend x1 0.2
@legend y1 0.8
@g0 type LOGY
@yaxis ticklabel format power
@xaxis label "Scattering angle (degrees)"
@yaxis label "Cross section (mb/sr)"
@legend string   0 "Partition=  1 Excit=  1 near/far= 1"
#legend string   0 "Lab energy =   21.0000"
@s0 linestyle   1
#  Theta       sigma       iT11        T20         T21         T22         Kyy for projectile
  0.1000E-01   1.000    
   1.000      0.9997    
   2.000       1.001    
   3.000      0.9801    
   4.000      0.9937    
   5.000       1.036    
   6.000       1.069    
   7.000       1.070    
   8.000       1.043    
   9.000       1.001    
   10.00      0.9589    
   11.00      0.9259    
   12.00      0.9030    
   13.00      0.8865    
   14.00      0.8704    
   15.00      0.8486    
   16.00      0.8173    
   17.00      0.7752    
   18.00      0.7238    
   19.00      0.6664    
   20.00      0.6075    
   21.00      0.5518    
   22.00      0.5029    
   23.00      0.4636    
   24.00      0.4347    
   25.00      0.4158    
   26.00      0.4051    
   27.00      0.3999    
   28.00      0.3972    
   29.00      0.3941    
   30.00      0.3882    
   31.00      0.3777    
   32.00      0.3620    
   33.00      0.3412    
   34.00      0.3163    
   35.00      0.2889    
   36.00      0.2608    
   37.00      0.2340    
   38.00      0.2104    
   39.00      0.1911    
   40.00      0.1770    
   41.00      0.1682    
   42.00      0.1644    
   43.00      0.1646    
   44.00      0.1677    
   45.00      0.1721    
   46.00      0.1765    
   47.00      0.1796    
   48.00      0.1803    
   49.00      0.1779    
   50.00      0.1722    
   51.00      0.1633    
   52.00      0.1516    
   53.00      0.1378    
   54.00      0.1229    
   55.00      0.1077    
   56.00      0.9318E-01
   57.00      0.8011E-01
   58.00      0.6912E-01
   59.00      0.6059E-01
   60.00      0.5467E-01
   61.00      0.5129E-01
   62.00      0.5018E-01
   63.00      0.5093E-01
   64.00      0.5301E-01
   65.00      0.5587E-01
   66.00      0.5895E-01
   67.00      0.6177E-01
   68.00      0.6392E-01
   69.00      0.6510E-01
   70.00      0.6515E-01
   71.00      0.6402E-01
   72.00      0.6176E-01
   73.00      0.5853E-01
   74.00      0.5453E-01
   75.00      0.5000E-01
   76.00      0.4522E-01
   77.00      0.4042E-01
   78.00      0.3583E-01
   79.00      0.3163E-01
   80.00      0.2793E-01
 END
@legend string   1 "Partition=  2 Excit=  1 near/far= 1"
#legend string   0 "Lab energy =   21.0000"
@s1 linestyle   2
#  Theta       sigma       iT11        T20         T21         T22         Kyy for projectile
   0.000      0.4958    
   1.000      0.4957    
   2.000      0.4955    
   3.000      0.4952    
   4.000      0.4950    
   5.000      0.4951    
   6.000      0.4957    
   7.000      0.4971    
   8.000      0.4994    
   9.000      0.5028    
   10.00      0.5076    
   11.00      0.5137    
   12.00      0.5213    
   13.00      0.5304    
   14.00      0.5409    
   15.00      0.5528    
   16.00      0.5659    
   17.00      0.5800    
   18.00      0.5949    
   19.00      0.6103    
   20.00      0.6259    
   21.00      0.6415    
   22.00      0.6566    
   23.00      0.6708    
   24.00      0.6838    
   25.00      0.6951    
   26.00      0.7044    
   27.00      0.7113    
   28.00      0.7154    
   29.00      0.7164    
   30.00      0.7141    
   31.00      0.7081    
   32.00      0.6985    
   33.00      0.6851    
   34.00      0.6681    
   35.00      0.6476    
   36.00      0.6238    
   37.00      0.5971    
   38.00      0.5679    
   39.00      0.5368    
   40.00      0.5042    
   41.00      0.4707    
   42.00      0.4369    
   43.00      0.4033    
   44.00      0.3705    
   45.00      0.3388    
   46.00      0.3088    
   47.00      0.2807    
   48.00      0.2549    
   49.00      0.2314    
   50.00      0.2106    
   51.00      0.1923    
   52.00      0.1766    
   53.00      0.1634    
   54.00      0.1525    
   55.00      0.1438    
   56.00      0.1369    
   57.00      0.1316    
   58.00      0.1276    
   59.00      0.1247    
   60.00      0.1226    
   61.00      0.1209    
   62.00      0.1195    
   63.00      0.1183    
   64.00      0.1169    
   65.00      0.1154    
   66.00      0.1136    
   67.00      0.1114    
   68.00      0.1089    
   69.00      0.1060    
   70.00      0.1027    
   71.00      0.9912E-01
   72.00      0.9530E-01
   73.00      0.9130E-01
   74.00      0.8719E-01
   75.00      0.8305E-01
   76.00      0.7893E-01
   77.00      0.7491E-01
   78.00      0.7103E-01
   79.00      0.6734E-01
   80.00      0.6386E-01
 END
