     0.0   1.497      1
     0.0   2.992     -1
     1.0   13.45      1
     1.0   26.94     -1
     2.0   29.90      1
     2.0   59.88     -1
     3.0   41.93      1
     3.0   83.92     -1
     4.0   53.85      1
     4.0   107.8     -1
     5.0   65.79      1
     5.0   131.4     -1
     6.0   76.10      1
     6.0   153.2     -1
     7.0   86.11      1
     7.0   169.4     -1
     8.0   84.66      1
     8.0   172.9     -1
     9.0   80.17      1
     9.0   158.7     -1
    10.0   64.49      1
    10.0   128.9     -1
    11.0   43.70      1
    11.0   90.98     -1
    12.0   30.55      1
    12.0   56.13     -1
    13.0   14.17      1
    13.0   31.70     -1
    14.0   9.614      1
    14.0   17.34     -1
    15.0   4.186      1
    15.0   9.392     -1
    16.0   2.803      1
    16.0   5.058     -1
    17.0   1.208      1
    17.0   2.710     -1
    18.0  0.8013      1
    18.0   1.446     -1
    19.0  0.3422      1
    19.0  0.7678     -1
    20.0  0.2252      1
    20.0  0.4062     -1
    21.0  0.9538E-01  1
    21.0  0.2141     -1
    22.0  0.6239E-01  1
    22.0  0.1125     -1
    23.0  0.2625E-01  1
    23.0  0.5893E-01 -1
    24.0  0.1708E-01  1
    24.0  0.3078E-01 -1
    25.0  0.7141E-02  1
    25.0  0.1604E-01 -1
    26.0  0.4624E-02  1
    26.0  0.8334E-02 -1
    27.0  0.1923E-02  1
    27.0  0.4321E-02 -1
    28.0  0.1240E-02  1
    28.0  0.2236E-02 -1
    29.0  0.5140E-03  1
    29.0  0.1154E-02 -1
    30.0  0.3290E-03  1
    30.0  0.5931E-03 -1
