     0.0   1.503      1
     0.0   3.004     -1
     1.0   13.52      1
     1.0   27.04     -1
     2.0   30.04      1
     2.0   60.08     -1
     3.0   42.03      1
     3.0   84.06     -1
     4.0   53.88      1
     4.0   107.9     -1
     5.0   65.73      1
     5.0   131.2     -1
     6.0   75.75      1
     6.0   152.6     -1
     7.0   85.62      1
     7.0   168.6     -1
     8.0   84.59      1
     8.0   172.5     -1
     9.0   80.59      1
     9.0   159.2     -1
    10.0   64.96      1
    10.0   129.9     -1
    11.0   44.07      1
    11.0   91.77     -1
    12.0   30.79      1
    12.0   56.58     -1
    13.0   14.27      1
    13.0   31.91     -1
    14.0   9.666      1
    14.0   17.44     -1
    15.0   4.207      1
    15.0   9.436     -1
    16.0   2.814      1
    16.0   5.078     -1
    17.0   1.213      1
    17.0   2.720     -1
    18.0  0.8035      1
    18.0   1.450     -1
    19.0  0.3431      1
    19.0  0.7698     -1
    20.0  0.2257      1
    20.0  0.4071     -1
    21.0  0.9560E-01  1
    21.0  0.2145     -1
    22.0  0.6249E-01  1
    22.0  0.1127     -1
    23.0  0.2629E-01  1
    23.0  0.5903E-01 -1
    24.0  0.1710E-01  1
    24.0  0.3083E-01 -1
    25.0  0.7155E-02  1
    25.0  0.1606E-01 -1
    26.0  0.4631E-02  1
    26.0  0.8350E-02 -1
    27.0  0.1929E-02  1
    27.0  0.4331E-02 -1
    28.0  0.1244E-02  1
    28.0  0.2242E-02 -1
    29.0  0.5160E-03  1
    29.0  0.1158E-02 -1
    30.0  0.3313E-03  1
    30.0  0.5975E-03 -1
