#  81 angles,  1 tensor ranks for 0=projectile
@subtitle   "39K(3He,d)40Ca 21 MeV DWBA ZR 8851 keV Jpi=1- l=1 n=3 j=3/2"                   
@legend ON
@legend x1 0.2
@legend y1 0.8
@g0 type LOGY
@yaxis ticklabel format power
@legend string   0 "Lab energy =   21.0000"
#legend string   0 "Partition=  2 Excit=  1 near/far= 1"
#  Theta       sigma       iT11        T20         T21         T22         Kyy for projectile
   0.000       21.14    
   1.000       21.09    
   2.000       20.97    
   3.000       20.74    
   4.000       20.41    
   5.000       19.95    
   6.000       19.34    
   7.000       18.58    
   8.000       17.66    
   9.000       16.58    
   10.00       15.37    
   11.00       14.05    
   12.00       12.67    
   13.00       11.27    
   14.00       9.892    
   15.00       8.595    
   16.00       7.419    
   17.00       6.395    
   18.00       5.544    
   19.00       4.871    
   20.00       4.370    
   21.00       4.025    
   22.00       3.809    
   23.00       3.691    
   24.00       3.640    
   25.00       3.623    
   26.00       3.613    
   27.00       3.587    
   28.00       3.528    
   29.00       3.427    
   30.00       3.279    
   31.00       3.087    
   32.00       2.858    
   33.00       2.602    
   34.00       2.330    
   35.00       2.056    
   36.00       1.790    
   37.00       1.545    
   38.00       1.328    
   39.00       1.143    
   40.00      0.9950    
   41.00      0.8830    
   42.00      0.8053    
   43.00      0.7583    
   44.00      0.7370    
   45.00      0.7358    
   46.00      0.7487    
   47.00      0.7700    
   48.00      0.7942    
   49.00      0.8168    
   50.00      0.8341    
   51.00      0.8436    
   52.00      0.8434    
   53.00      0.8331    
   54.00      0.8126    
   55.00      0.7829    
   56.00      0.7451    
   57.00      0.7010    
   58.00      0.6521    
   59.00      0.6003    
   60.00      0.5473    
   61.00      0.4947    
   62.00      0.4438    
   63.00      0.3957    
   64.00      0.3513    
   65.00      0.3111    
   66.00      0.2755    
   67.00      0.2445    
   68.00      0.2180    
   69.00      0.1959    
   70.00      0.1777    
   71.00      0.1630    
   72.00      0.1515    
   73.00      0.1427    
   74.00      0.1362    
   75.00      0.1315    
   76.00      0.1282    
   77.00      0.1260    
   78.00      0.1246    
   79.00      0.1236    
   80.00      0.1229    
 END
