     0.0   1.503      1
     0.0   3.006     -1
     1.0   13.53      1
     1.0   27.05     -1
     2.0   30.05      1
     2.0   60.11     -1
     3.0   42.06      1
     3.0   84.11     -1
     4.0   53.99      1
     4.0   108.0     -1
     5.0   65.89      1
     5.0   131.5     -1
     6.0   76.33      1
     6.0   153.5     -1
     7.0   86.32      1
     7.0   170.0     -1
     8.0   85.15      1
     8.0   173.9     -1
     9.0   81.01      1
     9.0   160.0     -1
    10.0   64.79      1
    10.0   129.8     -1
    11.0   43.79      1
    11.0   91.25     -1
    12.0   30.65      1
    12.0   56.16     -1
    13.0   14.12      1
    13.0   31.69     -1
    14.0   9.633      1
    14.0   17.33     -1
    15.0   4.173      1
    15.0   9.387     -1
    16.0   2.807      1
    16.0   5.055     -1
    17.0   1.205      1
    17.0   2.709     -1
    18.0  0.8020      1
    18.0   1.445     -1
    19.0  0.3416      1
    19.0  0.7675     -1
    20.0  0.2254      1
    20.0  0.4061     -1
    21.0  0.9528E-01  1
    21.0  0.2141     -1
    22.0  0.6242E-01  1
    22.0  0.1125     -1
    23.0  0.2622E-01  1
    23.0  0.5892E-01 -1
    24.0  0.1708E-01  1
    24.0  0.3078E-01 -1
    25.0  0.7138E-02  1
    25.0  0.1604E-01 -1
    26.0  0.4623E-02  1
    26.0  0.8330E-02 -1
    27.0  0.1919E-02  1
    27.0  0.4315E-02 -1
    28.0  0.1239E-02  1
    28.0  0.2230E-02 -1
    29.0  0.5115E-03  1
    29.0  0.1151E-02 -1
    30.0  0.3287E-03  1
    30.0  0.5917E-03 -1
