#  81 angles,  1 tensor ranks for 0=projectile
@subtitle   "39K(3He,d)40Ca 21 MeV DWBA ZR 7973 keV Jpi=3- l=3 n=1 j=5/2"                   
@legend ON
@legend x1 0.2
@legend y1 0.8
@g0 type LOGY
@yaxis ticklabel format power
@legend string   0 "Lab energy =   21.0000"
#legend string   0 "Partition=  2 Excit=  1 near/far= 1"
#  Theta       sigma       iT11        T20         T21         T22         Kyy for projectile
   0.000       4.036    
   1.000       4.047    
   2.000       4.081    
   3.000       4.137    
   4.000       4.212    
   5.000       4.305    
   6.000       4.412    
   7.000       4.532    
   8.000       4.660    
   9.000       4.793    
   10.00       4.925    
   11.00       5.051    
   12.00       5.165    
   13.00       5.260    
   14.00       5.329    
   15.00       5.366    
   16.00       5.363    
   17.00       5.319    
   18.00       5.229    
   19.00       5.094    
   20.00       4.915    
   21.00       4.695    
   22.00       4.439    
   23.00       4.153    
   24.00       3.843    
   25.00       3.518    
   26.00       3.184    
   27.00       2.850    
   28.00       2.524    
   29.00       2.215    
   30.00       1.929    
   31.00       1.671    
   32.00       1.447    
   33.00       1.257    
   34.00       1.103    
   35.00      0.9820    
   36.00      0.8919    
   37.00      0.8282    
   38.00      0.7863    
   39.00      0.7612    
   40.00      0.7482    
   41.00      0.7429    
   42.00      0.7414    
   43.00      0.7404    
   44.00      0.7371    
   45.00      0.7295    
   46.00      0.7160    
   47.00      0.6959    
   48.00      0.6690    
   49.00      0.6354    
   50.00      0.5962    
   51.00      0.5526    
   52.00      0.5061    
   53.00      0.4585    
   54.00      0.4112    
   55.00      0.3658    
   56.00      0.3234    
   57.00      0.2848    
   58.00      0.2506    
   59.00      0.2210    
   60.00      0.1959    
   61.00      0.1750    
   62.00      0.1580    
   63.00      0.1444    
   64.00      0.1337    
   65.00      0.1255    
   66.00      0.1191    
   67.00      0.1141    
   68.00      0.1102    
   69.00      0.1069    
   70.00      0.1041    
   71.00      0.1014    
   72.00      0.9869E-01
   73.00      0.9598E-01
   74.00      0.9322E-01
   75.00      0.9043E-01
   76.00      0.8765E-01
   77.00      0.8497E-01
   78.00      0.8245E-01
   79.00      0.8016E-01
   80.00      0.7813E-01
 END
