#  81 angles,  1 tensor ranks for 0=projectile
@subtitle   "39K(3He,d)40Ca 21 MeV DWBA ZR 9136 keV Jpi=2- l=3 n=2 j=5/2"                   
@legend ON
@legend x1 0.2
@legend y1 0.8
@g0 type LOGY
@yaxis ticklabel format power
@legend string   0 "Lab energy =   21.0000"
#legend string   0 "Partition=  2 Excit=  1 near/far= 1"
#  Theta       sigma       iT11        T20         T21         T22         Kyy for projectile
   0.000       7.893    
   1.000       7.911    
   2.000       7.964    
   3.000       8.051    
   4.000       8.166    
   5.000       8.307    
   6.000       8.464    
   7.000       8.632    
   8.000       8.799    
   9.000       8.958    
   10.00       9.097    
   11.00       9.207    
   12.00       9.279    
   13.00       9.306    
   14.00       9.279    
   15.00       9.194    
   16.00       9.048    
   17.00       8.837    
   18.00       8.564    
   19.00       8.229    
   20.00       7.839    
   21.00       7.399    
   22.00       6.919    
   23.00       6.409    
   24.00       5.880    
   25.00       5.344    
   26.00       4.812    
   27.00       4.295    
   28.00       3.803    
   29.00       3.344    
   30.00       2.926    
   31.00       2.554    
   32.00       2.230    
   33.00       1.958    
   34.00       1.735    
   35.00       1.559    
   36.00       1.426    
   37.00       1.330    
   38.00       1.265    
   39.00       1.224    
   40.00       1.201    
   41.00       1.190    
   42.00       1.184    
   43.00       1.179    
   44.00       1.170    
   45.00       1.156    
   46.00       1.134    
   47.00       1.102    
   48.00       1.061    
   49.00       1.011    
   50.00      0.9528    
   51.00      0.8884    
   52.00      0.8197    
   53.00      0.7489    
   54.00      0.6779    
   55.00      0.6087    
   56.00      0.5429    
   57.00      0.4818    
   58.00      0.4262    
   59.00      0.3767    
   60.00      0.3336    
   61.00      0.2968    
   62.00      0.2660    
   63.00      0.2407    
   64.00      0.2203    
   65.00      0.2041    
   66.00      0.1911    
   67.00      0.1808    
   68.00      0.1723    
   69.00      0.1651    
   70.00      0.1586    
   71.00      0.1525    
   72.00      0.1464    
   73.00      0.1403    
   74.00      0.1341    
   75.00      0.1278    
   76.00      0.1215    
   77.00      0.1154    
   78.00      0.1094    
   79.00      0.1039    
   80.00      0.9888E-01
 END
