     0.0   1.500      1
     0.0   3.001     -1
     1.0   13.52      1
     1.0   27.02     -1
     2.0   30.05      1
     2.0   60.08     -1
     3.0   42.08      1
     3.0   84.11     -1
     4.0   54.03      1
     4.0   108.0     -1
     5.0   65.98      1
     5.0   131.6     -1
     6.0   76.39      1
     6.0   153.5     -1
     7.0   86.52      1
     7.0   170.1     -1
     8.0   85.18      1
     8.0   174.0     -1
     9.0   81.28      1
     9.0   160.3     -1
    10.0   65.16      1
    10.0   130.5     -1
    11.0   44.28      1
    11.0   92.08     -1
    12.0   30.84      1
    12.0   56.72     -1
    13.0   14.31      1
    13.0   31.97     -1
    14.0   9.673      1
    14.0   17.46     -1
    15.0   4.214      1
    15.0   9.446     -1
    16.0   2.815      1
    16.0   5.082     -1
    17.0   1.214      1
    17.0   2.721     -1
    18.0  0.8036      1
    18.0   1.450     -1
    19.0  0.3433      1
    19.0  0.7700     -1
    20.0  0.2257      1
    20.0  0.4072     -1
    21.0  0.9563E-01  1
    21.0  0.2146     -1
    22.0  0.6249E-01  1
    22.0  0.1127     -1
    23.0  0.2630E-01  1
    23.0  0.5903E-01 -1
    24.0  0.1710E-01  1
    24.0  0.3083E-01 -1
    25.0  0.7155E-02  1
    25.0  0.1606E-01 -1
    26.0  0.4631E-02  1
    26.0  0.8350E-02 -1
    27.0  0.1929E-02  1
    27.0  0.4331E-02 -1
    28.0  0.1243E-02  1
    28.0  0.2242E-02 -1
    29.0  0.5160E-03  1
    29.0  0.1158E-02 -1
    30.0  0.3313E-03  1
    30.0  0.5975E-03 -1
