#  81 angles,  1 tensor ranks for 0=projectile
@subtitle   "39K(3He,d)40Ca 21 MeV DWBA ZR 9227.43 keV Jpi=2+ l=2 n=2 j=5/2"                
@legend ON
@legend x1 0.2
@legend y1 0.8
@g0 type LOGY
@yaxis ticklabel format power
@legend string   0 "Lab energy =   21.0000"
#legend string   0 "Partition=  2 Excit=  1 near/far= 1"
#  Theta       sigma       iT11        T20         T21         T22         Kyy for projectile
   0.000       13.28    
   1.000       13.31    
   2.000       13.37    
   3.000       13.48    
   4.000       13.61    
   5.000       13.75    
   6.000       13.90    
   7.000       14.02    
   8.000       14.10    
   9.000       14.12    
   10.00       14.06    
   11.00       13.90    
   12.00       13.63    
   13.00       13.25    
   14.00       12.76    
   15.00       12.16    
   16.00       11.47    
   17.00       10.69    
   18.00       9.867    
   19.00       9.007    
   20.00       8.139    
   21.00       7.286    
   22.00       6.471    
   23.00       5.713    
   24.00       5.026    
   25.00       4.420    
   26.00       3.899    
   27.00       3.466    
   28.00       3.114    
   29.00       2.837    
   30.00       2.625    
   31.00       2.467    
   32.00       2.349    
   33.00       2.259    
   34.00       2.187    
   35.00       2.123    
   36.00       2.059    
   37.00       1.989    
   38.00       1.911    
   39.00       1.821    
   40.00       1.721    
   41.00       1.612    
   42.00       1.496    
   43.00       1.376    
   44.00       1.257    
   45.00       1.140    
   46.00       1.029    
   47.00      0.9259    
   48.00      0.8334    
   49.00      0.7520    
   50.00      0.6821    
   51.00      0.6235    
   52.00      0.5753    
   53.00      0.5363    
   54.00      0.5050    
   55.00      0.4799    
   56.00      0.4591    
   57.00      0.4413    
   58.00      0.4250    
   59.00      0.4092    
   60.00      0.3930    
   61.00      0.3758    
   62.00      0.3575    
   63.00      0.3381    
   64.00      0.3178    
   65.00      0.2970    
   66.00      0.2763    
   67.00      0.2562    
   68.00      0.2372    
   69.00      0.2199    
   70.00      0.2048    
   71.00      0.1920    
   72.00      0.1819    
   73.00      0.1745    
   74.00      0.1696    
   75.00      0.1672    
   76.00      0.1669    
   77.00      0.1683    
   78.00      0.1711    
   79.00      0.1747    
   80.00      0.1786    
 END
