#  81 angles,  1 tensor ranks for 0=projectile
@subtitle   "39K(3He,d)40Ca 21 MeV DWBA ZR 9662 keV Jpi=3- l=1 n=3 j=3/2"                   
@legend ON
@legend x1 0.2
@legend y1 0.8
@g0 type LOGY
@yaxis ticklabel format power
@legend string   0 "Lab energy =   21.0000"
#legend string   0 "Partition=  2 Excit=  1 near/far= 1"
#  Theta       sigma       iT11        T20         T21         T22         Kyy for projectile
   0.000       33.19    
   1.000       33.10    
   2.000       32.80    
   3.000       32.31    
   4.000       31.59    
   5.000       30.66    
   6.000       29.49    
   7.000       28.10    
   8.000       26.50    
   9.000       24.72    
   10.00       22.79    
   11.00       20.77    
   12.00       18.71    
   13.00       16.67    
   14.00       14.72    
   15.00       12.91    
   16.00       11.28    
   17.00       9.874    
   18.00       8.707    
   19.00       7.782    
   20.00       7.087    
   21.00       6.599    
   22.00       6.283    
   23.00       6.098    
   24.00       6.000    
   25.00       5.949    
   26.00       5.906    
   27.00       5.840    
   28.00       5.731    
   29.00       5.563    
   30.00       5.331    
   31.00       5.038    
   32.00       4.693    
   33.00       4.309    
   34.00       3.902    
   35.00       3.488    
   36.00       3.085    
   37.00       2.708    
   38.00       2.368    
   39.00       2.075    
   40.00       1.833    
   41.00       1.644    
   42.00       1.506    
   43.00       1.415    
   44.00       1.365    
   45.00       1.348    
   46.00       1.356    
   47.00       1.381    
   48.00       1.413    
   49.00       1.447    
   50.00       1.477    
   51.00       1.496    
   52.00       1.503    
   53.00       1.495    
   54.00       1.471    
   55.00       1.432    
   56.00       1.379    
   57.00       1.314    
   58.00       1.238    
   59.00       1.155    
   60.00       1.068    
   61.00      0.9775    
   62.00      0.8877    
   63.00      0.8001    
   64.00      0.7164    
   65.00      0.6382    
   66.00      0.5664    
   67.00      0.5018    
   68.00      0.4447    
   69.00      0.3953    
   70.00      0.3533    
   71.00      0.3184    
   72.00      0.2901    
   73.00      0.2679    
   74.00      0.2510    
   75.00      0.2388    
   76.00      0.2305    
   77.00      0.2254    
   78.00      0.2229    
   79.00      0.2223    
   80.00      0.2230    
 END
