#  81 angles,  1 tensor ranks for 0=projectile
@subtitle   "39K(3He,d)40Ca 21 MeV DWBA ZR 9136 keV Jpi=2- l=1 n=2 j=1/2"                   
@legend ON
@legend x1 0.2
@legend y1 0.8
@g0 type LOGY
@yaxis ticklabel format power
@legend string   0 "Lab energy =   21.0000"
#legend string   0 "Partition=  2 Excit=  1 near/far= 1"
#  Theta       sigma       iT11        T20         T21         T22         Kyy for projectile
   0.000       19.30    
   1.000       19.24    
   2.000       19.05    
   3.000       18.74    
   4.000       18.29    
   5.000       17.71    
   6.000       16.99    
   7.000       16.14    
   8.000       15.15    
   9.000       14.05    
   10.00       12.86    
   11.00       11.61    
   12.00       10.35    
   13.00       9.111    
   14.00       7.943    
   15.00       6.883    
   16.00       5.960    
   17.00       5.195    
   18.00       4.598    
   19.00       4.168    
   20.00       3.891    
   21.00       3.747    
   22.00       3.711    
   23.00       3.751    
   24.00       3.837    
   25.00       3.940    
   26.00       4.032    
   27.00       4.093    
   28.00       4.108    
   29.00       4.066    
   30.00       3.965    
   31.00       3.807    
   32.00       3.598    
   33.00       3.348    
   34.00       3.069    
   35.00       2.772    
   36.00       2.470    
   37.00       2.173    
   38.00       1.891    
   39.00       1.629    
   40.00       1.394    
   41.00       1.187    
   42.00       1.010    
   43.00      0.8608    
   44.00      0.7384    
   45.00      0.6399    
   46.00      0.5620    
   47.00      0.5013    
   48.00      0.4547    
   49.00      0.4194    
   50.00      0.3929    
   51.00      0.3735    
   52.00      0.3595    
   53.00      0.3502    
   54.00      0.3446    
   55.00      0.3425    
   56.00      0.3436    
   57.00      0.3476    
   58.00      0.3543    
   59.00      0.3635    
   60.00      0.3747    
   61.00      0.3874    
   62.00      0.4009    
   63.00      0.4145    
   64.00      0.4274    
   65.00      0.4387    
   66.00      0.4476    
   67.00      0.4535    
   68.00      0.4557    
   69.00      0.4538    
   70.00      0.4475    
   71.00      0.4368    
   72.00      0.4218    
   73.00      0.4026    
   74.00      0.3799    
   75.00      0.3540    
   76.00      0.3258    
   77.00      0.2960    
   78.00      0.2653    
   79.00      0.2346    
   80.00      0.2047    
 END
