     0.0   1.498      1
     0.0   2.999     -1
     1.0   13.48      1
     1.0   26.99     -1
     2.0   29.95      1
     2.0   59.97     -1
     3.0   41.95      1
     3.0   83.92     -1
     4.0   53.80      1
     4.0   107.8     -1
     5.0   65.72      1
     5.0   131.3     -1
     6.0   76.08      1
     6.0   153.2     -1
     7.0   86.13      1
     7.0   169.6     -1
     8.0   84.80      1
     8.0   173.4     -1
     9.0   80.68      1
     9.0   159.4     -1
    10.0   64.49      1
    10.0   129.3     -1
    11.0   43.93      1
    11.0   91.08     -1
    12.0   30.43      1
    12.0   56.14     -1
    13.0   14.23      1
    13.0   31.70     -1
    14.0   9.588      1
    14.0   17.35     -1
    15.0   4.201      1
    15.0   9.397     -1
    16.0   2.800      1
    16.0   5.062     -1
    17.0   1.212      1
    17.0   2.713     -1
    18.0  0.8011      1
    18.0   1.447     -1
    19.0  0.3430      1
    19.0  0.7686     -1
    20.0  0.2253      1
    20.0  0.4066     -1
    21.0  0.9557E-01  1
    21.0  0.2143     -1
    22.0  0.6242E-01  1
    22.0  0.1126     -1
    23.0  0.2629E-01  1
    23.0  0.5899E-01 -1
    24.0  0.1709E-01  1
    24.0  0.3082E-01 -1
    25.0  0.7153E-02  1
    25.0  0.1606E-01 -1
    26.0  0.4629E-02  1
    26.0  0.8347E-02 -1
    27.0  0.1929E-02  1
    27.0  0.4330E-02 -1
    28.0  0.1243E-02  1
    28.0  0.2241E-02 -1
    29.0  0.5159E-03  1
    29.0  0.1158E-02 -1
    30.0  0.3312E-03  1
    30.0  0.5974E-03 -1
