#  81 angles,  1 tensor ranks for 0=projectile
@subtitle   "39K(3He,d)40Ca 21 MeV DWBA ZR 8188 keV Jpi=3- l=1 n=3 j=3/2"                   
@legend ON
@legend x1 0.2
@legend y1 0.8
@g0 type LOGY
@yaxis ticklabel format power
@xaxis label "Scattering angle (degrees)"
@yaxis label "Cross section (mb/sr)"
@legend string   0 "Partition=  1 Excit=  1 near/far= 1"
#legend string   0 "Lab energy =   21.0000"
@s0 linestyle   1
#  Theta       sigma       iT11        T20         T21         T22         Kyy for projectile
  0.1000E-01   1.000    
   1.000      0.9997    
   2.000       1.001    
   3.000      0.9801    
   4.000      0.9937    
   5.000       1.036    
   6.000       1.069    
   7.000       1.070    
   8.000       1.043    
   9.000       1.001    
   10.00      0.9589    
   11.00      0.9259    
   12.00      0.9030    
   13.00      0.8865    
   14.00      0.8704    
   15.00      0.8486    
   16.00      0.8173    
   17.00      0.7752    
   18.00      0.7238    
   19.00      0.6664    
   20.00      0.6075    
   21.00      0.5518    
   22.00      0.5029    
   23.00      0.4636    
   24.00      0.4347    
   25.00      0.4158    
   26.00      0.4051    
   27.00      0.3999    
   28.00      0.3972    
   29.00      0.3941    
   30.00      0.3882    
   31.00      0.3777    
   32.00      0.3620    
   33.00      0.3412    
   34.00      0.3163    
   35.00      0.2889    
   36.00      0.2608    
   37.00      0.2340    
   38.00      0.2104    
   39.00      0.1911    
   40.00      0.1770    
   41.00      0.1682    
   42.00      0.1644    
   43.00      0.1646    
   44.00      0.1677    
   45.00      0.1721    
   46.00      0.1765    
   47.00      0.1796    
   48.00      0.1803    
   49.00      0.1779    
   50.00      0.1722    
   51.00      0.1633    
   52.00      0.1516    
   53.00      0.1378    
   54.00      0.1229    
   55.00      0.1077    
   56.00      0.9318E-01
   57.00      0.8011E-01
   58.00      0.6912E-01
   59.00      0.6059E-01
   60.00      0.5467E-01
   61.00      0.5129E-01
   62.00      0.5018E-01
   63.00      0.5093E-01
   64.00      0.5301E-01
   65.00      0.5587E-01
   66.00      0.5895E-01
   67.00      0.6177E-01
   68.00      0.6392E-01
   69.00      0.6510E-01
   70.00      0.6515E-01
   71.00      0.6402E-01
   72.00      0.6176E-01
   73.00      0.5853E-01
   74.00      0.5453E-01
   75.00      0.5000E-01
   76.00      0.4522E-01
   77.00      0.4042E-01
   78.00      0.3583E-01
   79.00      0.3163E-01
   80.00      0.2793E-01
 END
@legend string   1 "Partition=  2 Excit=  1 near/far= 1"
#legend string   0 "Lab energy =   21.0000"
@s1 linestyle   2
#  Theta       sigma       iT11        T20         T21         T22         Kyy for projectile
   0.000       62.15    
   1.000       62.13    
   2.000       62.05    
   3.000       61.85    
   4.000       61.42    
   5.000       60.65    
   6.000       59.43    
   7.000       57.66    
   8.000       55.29    
   9.000       52.31    
   10.00       48.75    
   11.00       44.72    
   12.00       40.35    
   13.00       35.81    
   14.00       31.29    
   15.00       26.97    
   16.00       23.01    
   17.00       19.54    
   18.00       16.65    
   19.00       14.38    
   20.00       12.70    
   21.00       11.58    
   22.00       10.91    
   23.00       10.59    
   24.00       10.50    
   25.00       10.53    
   26.00       10.59    
   27.00       10.58    
   28.00       10.45    
   29.00       10.18    
   30.00       9.734    
   31.00       9.140    
   32.00       8.418    
   33.00       7.604    
   34.00       6.742    
   35.00       5.874    
   36.00       5.042    
   37.00       4.280    
   38.00       3.614    
   39.00       3.061    
   40.00       2.627    
   41.00       2.312    
   42.00       2.107    
   43.00       1.997    
   44.00       1.965    
   45.00       1.991    
   46.00       2.055    
   47.00       2.138    
   48.00       2.224    
   49.00       2.298    
   50.00       2.349    
   51.00       2.372    
   52.00       2.362    
   53.00       2.319    
   54.00       2.244    
   55.00       2.142    
   56.00       2.018    
   57.00       1.877    
   58.00       1.726    
   59.00       1.570    
   60.00       1.415    
   61.00       1.265    
   62.00       1.123    
   63.00      0.9937    
   64.00      0.8773    
   65.00      0.7752    
   66.00      0.6874    
   67.00      0.6136    
   68.00      0.5526    
   69.00      0.5033    
   70.00      0.4640    
   71.00      0.4334    
   72.00      0.4098    
   73.00      0.3919    
   74.00      0.3784    
   75.00      0.3682    
   76.00      0.3602    
   77.00      0.3537    
   78.00      0.3480    
   79.00      0.3426    
   80.00      0.3373    
 END
