     0.0   1.494      1
     0.0   2.990     -1
     1.0   13.47      1
     1.0   26.98     -1
     2.0   29.96      1
     2.0   59.97     -1
     3.0   41.96      1
     3.0   83.98     -1
     4.0   53.88      1
     4.0   107.9     -1
     5.0   65.78      1
     5.0   131.3     -1
     6.0   76.04      1
     6.0   153.0     -1
     7.0   86.00      1
     7.0   169.3     -1
     8.0   84.94      1
     8.0   173.3     -1
     9.0   80.94      1
     9.0   159.9     -1
    10.0   65.12      1
    10.0   130.3     -1
    11.0   44.20      1
    11.0   91.98     -1
    12.0   30.83      1
    12.0   56.68     -1
    13.0   14.29      1
    13.0   31.96     -1
    14.0   9.672      1
    14.0   17.46     -1
    15.0   4.211      1
    15.0   9.444     -1
    16.0   2.815      1
    16.0   5.081     -1
    17.0   1.213      1
    17.0   2.721     -1
    18.0  0.8037      1
    18.0   1.450     -1
    19.0  0.3433      1
    19.0  0.7700     -1
    20.0  0.2257      1
    20.0  0.4072     -1
    21.0  0.9563E-01  1
    21.0  0.2146     -1
    22.0  0.6250E-01  1
    22.0  0.1127     -1
    23.0  0.2630E-01  1
    23.0  0.5904E-01 -1
    24.0  0.1710E-01  1
    24.0  0.3084E-01 -1
    25.0  0.7156E-02  1
    25.0  0.1607E-01 -1
    26.0  0.4632E-02  1
    26.0  0.8351E-02 -1
    27.0  0.1929E-02  1
    27.0  0.4332E-02 -1
    28.0  0.1244E-02  1
    28.0  0.2242E-02 -1
    29.0  0.5161E-03  1
    29.0  0.1159E-02 -1
    30.0  0.3313E-03  1
    30.0  0.5976E-03 -1
