     0.0   1.498      1
     0.0   2.998     -1
     1.0   13.48      1
     1.0   26.98     -1
     2.0   29.94      1
     2.0   59.95     -1
     3.0   41.93      1
     3.0   83.90     -1
     4.0   53.76      1
     4.0   107.7     -1
     5.0   65.68      1
     5.0   131.2     -1
     6.0   76.02      1
     6.0   153.1     -1
     7.0   86.05      1
     7.0   169.5     -1
     8.0   84.67      1
     8.0   173.1     -1
     9.0   80.45      1
     9.0   158.9     -1
    10.0   64.22      1
    10.0   128.7     -1
    11.0   43.67      1
    11.0   90.48     -1
    12.0   30.17      1
    12.0   55.73     -1
    13.0   14.16      1
    13.0   31.48     -1
    14.0   9.517      1
    14.0   17.24     -1
    15.0   4.184      1
    15.0   9.347     -1
    16.0   2.784      1
    16.0   5.038     -1
    17.0   1.208      1
    17.0   2.702     -1
    18.0  0.7977      1
    18.0   1.442     -1
    19.0  0.3422      1
    19.0  0.7663     -1
    20.0  0.2246      1
    20.0  0.4056     -1
    21.0  0.9542E-01  1
    21.0  0.2139     -1
    22.0  0.6228E-01  1
    22.0  0.1124     -1
    23.0  0.2626E-01  1
    23.0  0.5890E-01 -1
    24.0  0.1706E-01  1
    24.0  0.3078E-01 -1
    25.0  0.7149E-02  1
    25.0  0.1604E-01 -1
    26.0  0.4624E-02  1
    26.0  0.8341E-02 -1
    27.0  0.1928E-02  1
    27.0  0.4327E-02 -1
    28.0  0.1242E-02  1
    28.0  0.2241E-02 -1
    29.0  0.5160E-03  1
    29.0  0.1158E-02 -1
    30.0  0.3312E-03  1
    30.0  0.5974E-03 -1
