#  81 angles,  1 tensor ranks for 0=projectile
@subtitle   "39K(3He,d)40Ca 21 MeV DWBA ZR 8359 keV Jpi=2- l=3 n=1 j=7/2"                   
@legend ON
@legend x1 0.2
@legend y1 0.8
@g0 type LOGY
@yaxis ticklabel format power
@legend string   0 "Lab energy =   21.0000"
#legend string   0 "Partition=  2 Excit=  1 near/far= 1"
#  Theta       sigma       iT11        T20         T21         T22         Kyy for projectile
   0.000       3.655    
   1.000       3.660    
   2.000       3.676    
   3.000       3.701    
   4.000       3.735    
   5.000       3.776    
   6.000       3.821    
   7.000       3.870    
   8.000       3.920    
   9.000       3.969    
   10.00       4.015    
   11.00       4.055    
   12.00       4.085    
   13.00       4.102    
   14.00       4.104    
   15.00       4.085    
   16.00       4.044    
   17.00       3.978    
   18.00       3.885    
   19.00       3.765    
   20.00       3.619    
   21.00       3.448    
   22.00       3.256    
   23.00       3.047    
   24.00       2.824    
   25.00       2.593    
   26.00       2.359    
   27.00       2.126    
   28.00       1.901    
   29.00       1.687    
   30.00       1.488    
   31.00       1.308    
   32.00       1.149    
   33.00       1.012    
   34.00      0.8971    
   35.00      0.8037    
   36.00      0.7298    
   37.00      0.6733    
   38.00      0.6315    
   39.00      0.6015    
   40.00      0.5805    
   41.00      0.5656    
   42.00      0.5543    
   43.00      0.5443    
   44.00      0.5338    
   45.00      0.5213    
   46.00      0.5059    
   47.00      0.4870    
   48.00      0.4646    
   49.00      0.4389    
   50.00      0.4105    
   51.00      0.3802    
   52.00      0.3487    
   53.00      0.3171    
   54.00      0.2860    
   55.00      0.2563    
   56.00      0.2285    
   57.00      0.2030    
   58.00      0.1802    
   59.00      0.1602    
   60.00      0.1431    
   61.00      0.1287    
   62.00      0.1170    
   63.00      0.1075    
   64.00      0.9990E-01
   65.00      0.9388E-01
   66.00      0.8904E-01
   67.00      0.8507E-01
   68.00      0.8166E-01
   69.00      0.7859E-01
   70.00      0.7570E-01
   71.00      0.7286E-01
   72.00      0.7001E-01
   73.00      0.6711E-01
   74.00      0.6419E-01
   75.00      0.6127E-01
   76.00      0.5840E-01
   77.00      0.5567E-01
   78.00      0.5314E-01
   79.00      0.5089E-01
   80.00      0.4899E-01
 END
