     0.0   1.503      1
     0.0   3.006     -1
     1.0   13.52      1
     1.0   27.04     -1
     2.0   30.03      1
     2.0   60.08     -1
     3.0   42.01      1
     3.0   84.06     -1
     4.0   53.91      1
     4.0   107.9     -1
     5.0   65.72      1
     5.0   131.3     -1
     6.0   75.94      1
     6.0   152.9     -1
     7.0   85.51      1
     7.0   168.6     -1
     8.0   84.37      1
     8.0   171.8     -1
     9.0   80.02      1
     9.0   158.1     -1
    10.0   64.46      1
    10.0   128.9     -1
    11.0   43.74      1
    11.0   91.17     -1
    12.0   30.66      1
    12.0   56.28     -1
    13.0   14.19      1
    13.0   31.77     -1
    14.0   9.637      1
    14.0   17.37     -1
    15.0   4.191      1
    15.0   9.407     -1
    16.0   2.808      1
    16.0   5.065     -1
    17.0   1.209      1
    17.0   2.714     -1
    18.0  0.8023      1
    18.0   1.447     -1
    19.0  0.3424      1
    19.0  0.7686     -1
    20.0  0.2254      1
    20.0  0.4066     -1
    21.0  0.9546E-01  1
    21.0  0.2143     -1
    22.0  0.6244E-01  1
    22.0  0.1126     -1
    23.0  0.2626E-01  1
    23.0  0.5898E-01 -1
    24.0  0.1709E-01  1
    24.0  0.3081E-01 -1
    25.0  0.7148E-02  1
    25.0  0.1605E-01 -1
    26.0  0.4629E-02  1
    26.0  0.8345E-02 -1
    27.0  0.1928E-02  1
    27.0  0.4329E-02 -1
    28.0  0.1243E-02  1
    28.0  0.2241E-02 -1
    29.0  0.5158E-03  1
    29.0  0.1158E-02 -1
    30.0  0.3313E-03  1
    30.0  0.5974E-03 -1
