#  81 angles,  1 tensor ranks for 0=projectile
@subtitle   "39K(3He,d)40Ca 21 MeV DWBA ZR 6950 keV Jpi=1- l=1 n=3 j=1/2"                   
@legend ON
@legend x1 0.2
@legend y1 0.8
@g0 type LOGY
@yaxis ticklabel format power
@legend string   0 "Lab energy =   21.0000"
#legend string   0 "Partition=  2 Excit=  1 near/far= 1"
#  Theta       sigma       iT11        T20         T21         T22         Kyy for projectile
   0.000       28.66    
   1.000       28.77    
   2.000       29.08    
   3.000       29.51    
   4.000       29.97    
   5.000       30.32    
   6.000       30.43    
   7.000       30.17    
   8.000       29.47    
   9.000       28.27    
   10.00       26.57    
   11.00       24.43    
   12.00       21.93    
   13.00       19.20    
   14.00       16.39    
   15.00       13.65    
   16.00       11.11    
   17.00       8.892    
   18.00       7.061    
   19.00       5.657    
   20.00       4.678    
   21.00       4.091    
   22.00       3.834    
   23.00       3.831    
   24.00       3.998    
   25.00       4.251    
   26.00       4.519    
   27.00       4.739    
   28.00       4.869    
   29.00       4.884    
   30.00       4.776    
   31.00       4.551    
   32.00       4.226    
   33.00       3.829    
   34.00       3.388    
   35.00       2.932    
   36.00       2.489    
   37.00       2.080    
   38.00       1.723    
   39.00       1.426    
   40.00       1.195    
   41.00       1.026    
   42.00      0.9144    
   43.00      0.8509    
   44.00      0.8247    
   45.00      0.8244    
   46.00      0.8390    
   47.00      0.8589    
   48.00      0.8762    
   49.00      0.8853    
   50.00      0.8828    
   51.00      0.8672    
   52.00      0.8389    
   53.00      0.7997    
   54.00      0.7523    
   55.00      0.6997    
   56.00      0.6454    
   57.00      0.5922    
   58.00      0.5428    
   59.00      0.4990    
   60.00      0.4622    
   61.00      0.4327    
   62.00      0.4104    
   63.00      0.3946    
   64.00      0.3840    
   65.00      0.3772    
   66.00      0.3727    
   67.00      0.3688    
   68.00      0.3641    
   69.00      0.3576    
   70.00      0.3484    
   71.00      0.3358    
   72.00      0.3198    
   73.00      0.3005    
   74.00      0.2783    
   75.00      0.2538    
   76.00      0.2277    
   77.00      0.2009    
   78.00      0.1744    
   79.00      0.1490    
   80.00      0.1256    
 END
