#  81 angles,  1 tensor ranks for 0=projectile
@subtitle   "39K(3He,d)40Ca 21 MeV DWBA ZR 8188 keV Jpi=4- l=3 n=1 j=5/2"                   
@legend ON
@legend x1 0.2
@legend y1 0.8
@g0 type LOGY
@yaxis ticklabel format power
@legend string   0 "Lab energy =   21.0000"
#legend string   0 "Partition=  2 Excit=  1 near/far= 1"
#  Theta       sigma       iT11        T20         T21         T22         Kyy for projectile
   0.000       5.672    
   1.000       5.686    
   2.000       5.728    
   3.000       5.797    
   4.000       5.891    
   5.000       6.007    
   6.000       6.143    
   7.000       6.294    
   8.000       6.455    
   9.000       6.619    
   10.00       6.779    
   11.00       6.927    
   12.00       7.054    
   13.00       7.153    
   14.00       7.216    
   15.00       7.235    
   16.00       7.205    
   17.00       7.123    
   18.00       6.985    
   19.00       6.792    
   20.00       6.543    
   21.00       6.242    
   22.00       5.895    
   23.00       5.506    
   24.00       5.087    
   25.00       4.648    
   26.00       4.199    
   27.00       3.754    
   28.00       3.324    
   29.00       2.920    
   30.00       2.549    
   31.00       2.218    
   32.00       1.930    
   33.00       1.687    
   34.00       1.487    
   35.00       1.329    
   36.00       1.209    
   37.00       1.123    
   38.00       1.064    
   39.00       1.028    
   40.00       1.009    
   41.00      0.9999    
   42.00      0.9967    
   43.00      0.9940    
   44.00      0.9878    
   45.00      0.9752    
   46.00      0.9542    
   47.00      0.9243    
   48.00      0.8854    
   49.00      0.8388    
   50.00      0.7857    
   51.00      0.7281    
   52.00      0.6679    
   53.00      0.6068    
   54.00      0.5464    
   55.00      0.4884    
   56.00      0.4337    
   57.00      0.3835    
   58.00      0.3383    
   59.00      0.2985    
   60.00      0.2644    
   61.00      0.2358    
   62.00      0.2124    
   63.00      0.1936    
   64.00      0.1789    
   65.00      0.1675    
   66.00      0.1586    
   67.00      0.1517    
   68.00      0.1461    
   69.00      0.1414    
   70.00      0.1371    
   71.00      0.1331    
   72.00      0.1292    
   73.00      0.1254    
   74.00      0.1216    
   75.00      0.1178    
   76.00      0.1142    
   77.00      0.1107    
   78.00      0.1075    
   79.00      0.1045    
   80.00      0.1018    
 END
