#  81 angles,  1 tensor ranks for 0=projectile
@subtitle   "39K(3He,d)40Ca 21 MeV DWBA ZR 8188 keV Jpi=3- l=3 n=2 j=5/2"                   
@legend ON
@legend x1 0.2
@legend y1 0.8
@g0 type LOGY
@yaxis ticklabel format power
@xaxis label "Scattering angle (degrees)"
@yaxis label "Cross section (mb/sr)"
@legend string   0 "Partition=  1 Excit=  1 near/far= 1"
#legend string   0 "Lab energy =   21.0000"
@s0 linestyle   1
#  Theta       sigma       iT11        T20         T21         T22         Kyy for projectile
  0.1000E-01   1.000    
   1.000      0.9997    
   2.000       1.001    
   3.000      0.9801    
   4.000      0.9937    
   5.000       1.036    
   6.000       1.069    
   7.000       1.070    
   8.000       1.043    
   9.000       1.001    
   10.00      0.9589    
   11.00      0.9259    
   12.00      0.9030    
   13.00      0.8865    
   14.00      0.8704    
   15.00      0.8486    
   16.00      0.8173    
   17.00      0.7752    
   18.00      0.7238    
   19.00      0.6664    
   20.00      0.6075    
   21.00      0.5518    
   22.00      0.5029    
   23.00      0.4636    
   24.00      0.4347    
   25.00      0.4158    
   26.00      0.4051    
   27.00      0.3999    
   28.00      0.3972    
   29.00      0.3941    
   30.00      0.3882    
   31.00      0.3777    
   32.00      0.3620    
   33.00      0.3412    
   34.00      0.3163    
   35.00      0.2889    
   36.00      0.2608    
   37.00      0.2340    
   38.00      0.2104    
   39.00      0.1911    
   40.00      0.1770    
   41.00      0.1682    
   42.00      0.1644    
   43.00      0.1646    
   44.00      0.1677    
   45.00      0.1721    
   46.00      0.1765    
   47.00      0.1796    
   48.00      0.1803    
   49.00      0.1779    
   50.00      0.1722    
   51.00      0.1633    
   52.00      0.1516    
   53.00      0.1378    
   54.00      0.1229    
   55.00      0.1077    
   56.00      0.9318E-01
   57.00      0.8011E-01
   58.00      0.6912E-01
   59.00      0.6059E-01
   60.00      0.5467E-01
   61.00      0.5129E-01
   62.00      0.5018E-01
   63.00      0.5093E-01
   64.00      0.5301E-01
   65.00      0.5587E-01
   66.00      0.5895E-01
   67.00      0.6177E-01
   68.00      0.6392E-01
   69.00      0.6510E-01
   70.00      0.6515E-01
   71.00      0.6402E-01
   72.00      0.6176E-01
   73.00      0.5853E-01
   74.00      0.5453E-01
   75.00      0.5000E-01
   76.00      0.4522E-01
   77.00      0.4042E-01
   78.00      0.3583E-01
   79.00      0.3163E-01
   80.00      0.2793E-01
 END
@legend string   1 "Partition=  2 Excit=  1 near/far= 1"
#legend string   0 "Lab energy =   21.0000"
@s1 linestyle   2
#  Theta       sigma       iT11        T20         T21         T22         Kyy for projectile
   0.000       11.36    
   1.000       11.39    
   2.000       11.50    
   3.000       11.67    
   4.000       11.91    
   5.000       12.19    
   6.000       12.52    
   7.000       12.88    
   8.000       13.25    
   9.000       13.61    
   10.00       13.96    
   11.00       14.26    
   12.00       14.51    
   13.00       14.70    
   14.00       14.79    
   15.00       14.79    
   16.00       14.69    
   17.00       14.46    
   18.00       14.12    
   19.00       13.66    
   20.00       13.08    
   21.00       12.39    
   22.00       11.61    
   23.00       10.76    
   24.00       9.850    
   25.00       8.918    
   26.00       7.984    
   27.00       7.072    
   28.00       6.203    
   29.00       5.394    
   30.00       4.659    
   31.00       4.008    
   32.00       3.447    
   33.00       2.978    
   34.00       2.600    
   35.00       2.308    
   36.00       2.095    
   37.00       1.949    
   38.00       1.859    
   39.00       1.812    
   40.00       1.795    
   41.00       1.794    
   42.00       1.800    
   43.00       1.804    
   44.00       1.798    
   45.00       1.778    
   46.00       1.741    
   47.00       1.687    
   48.00       1.616    
   49.00       1.529    
   50.00       1.430    
   51.00       1.321    
   52.00       1.207    
   53.00       1.091    
   54.00      0.9761    
   55.00      0.8663    
   56.00      0.7643    
   57.00      0.6720    
   58.00      0.5908    
   59.00      0.5213    
   60.00      0.4631    
   61.00      0.4157    
   62.00      0.3779    
   63.00      0.3484    
   64.00      0.3258    
   65.00      0.3086    
   66.00      0.2954    
   67.00      0.2849    
   68.00      0.2760    
   69.00      0.2678    
   70.00      0.2594    
   71.00      0.2506    
   72.00      0.2409    
   73.00      0.2303    
   74.00      0.2190    
   75.00      0.2072    
   76.00      0.1954    
   77.00      0.1838    
   78.00      0.1730    
   79.00      0.1631    
   80.00      0.1546    
 END
