     0.0   1.497      1
     0.0   2.992     -1
     1.0   13.42      1
     1.0   26.92     -1
     2.0   29.90      1
     2.0   59.87     -1
     3.0   41.81      1
     3.0   83.78     -1
     4.0   53.73      1
     4.0   107.6     -1
     5.0   65.53      1
     5.0   131.1     -1
     6.0   75.97      1
     6.0   152.9     -1
     7.0   85.83      1
     7.0   169.1     -1
     8.0   84.44      1
     8.0   172.5     -1
     9.0   79.71      1
     9.0   158.0     -1
    10.0   64.01      1
    10.0   127.6     -1
    11.0   43.08      1
    11.0   89.80     -1
    12.0   30.12      1
    12.0   55.37     -1
    13.0   14.01      1
    13.0   31.31     -1
    14.0   9.503      1
    14.0   17.16     -1
    15.0   4.154      1
    15.0   9.310     -1
    16.0   2.781      1
    16.0   5.022     -1
    17.0   1.202      1
    17.0   2.695     -1
    18.0  0.7972      1
    18.0   1.439     -1
    19.0  0.3411      1
    19.0  0.7649     -1
    20.0  0.2245      1
    20.0  0.4050     -1
    21.0  0.9520E-01  1
    21.0  0.2136     -1
    22.0  0.6226E-01  1
    22.0  0.1123     -1
    23.0  0.2622E-01  1
    23.0  0.5885E-01 -1
    24.0  0.1706E-01  1
    24.0  0.3076E-01 -1
    25.0  0.7141E-02  1
    25.0  0.1603E-01 -1
    26.0  0.4623E-02  1
    26.0  0.8337E-02 -1
    27.0  0.1926E-02  1
    27.0  0.4325E-02 -1
    28.0  0.1242E-02  1
    28.0  0.2239E-02 -1
    29.0  0.5156E-03  1
    29.0  0.1157E-02 -1
    30.0  0.3309E-03  1
    30.0  0.5967E-03 -1
