#  81 angles,  1 tensor ranks for 0=projectile
@subtitle   "39K(3He,d)40Ca 21 MeV DWBA ZR 8271 keV Jpi=3- l=1 n=2 j=3/2"                   
@legend ON
@legend x1 0.2
@legend y1 0.8
@g0 type LOGY
@yaxis ticklabel format power
@legend string   0 "Lab energy =   21.0000"
#legend string   0 "Partition=  2 Excit=  1 near/far= 1"
#  Theta       sigma       iT11        T20         T21         T22         Kyy for projectile
   0.000       35.38    
   1.000       35.37    
   2.000       35.34    
   3.000       35.24    
   4.000       35.02    
   5.000       34.59    
   6.000       33.91    
   7.000       32.92    
   8.000       31.59    
   9.000       29.92    
   10.00       27.94    
   11.00       25.70    
   12.00       23.29    
   13.00       20.80    
   14.00       18.33    
   15.00       15.97    
   16.00       13.82    
   17.00       11.94    
   18.00       10.38    
   19.00       9.159    
   20.00       8.268    
   21.00       7.677    
   22.00       7.337    
   23.00       7.186    
   24.00       7.157    
   25.00       7.187    
   26.00       7.218    
   27.00       7.207    
   28.00       7.119    
   29.00       6.939    
   30.00       6.659    
   31.00       6.287    
   32.00       5.836    
   33.00       5.329    
   34.00       4.787    
   35.00       4.237    
   36.00       3.701    
   37.00       3.200    
   38.00       2.748    
   39.00       2.356    
   40.00       2.028    
   41.00       1.765    
   42.00       1.564    
   43.00       1.417    
   44.00       1.316    
   45.00       1.251    
   46.00       1.213    
   47.00       1.191    
   48.00       1.178    
   49.00       1.168    
   50.00       1.154    
   51.00       1.135    
   52.00       1.107    
   53.00       1.071    
   54.00       1.027    
   55.00      0.9781    
   56.00      0.9253    
   57.00      0.8713    
   58.00      0.8182    
   59.00      0.7681    
   60.00      0.7226    
   61.00      0.6827    
   62.00      0.6490    
   63.00      0.6215    
   64.00      0.6000    
   65.00      0.5837    
   66.00      0.5717    
   67.00      0.5629    
   68.00      0.5560    
   69.00      0.5499    
   70.00      0.5435    
   71.00      0.5359    
   72.00      0.5264    
   73.00      0.5144    
   74.00      0.4996    
   75.00      0.4820    
   76.00      0.4617    
   77.00      0.4390    
   78.00      0.4143    
   79.00      0.3882    
   80.00      0.3612    
 END
