     0.0   1.503      1
     0.0   3.006     -1
     1.0   13.53      1
     1.0   27.05     -1
     2.0   30.05      1
     2.0   60.11     -1
     3.0   42.06      1
     3.0   84.12     -1
     4.0   54.00      1
     4.0   108.0     -1
     5.0   65.88      1
     5.0   131.5     -1
     6.0   76.34      1
     6.0   153.5     -1
     7.0   86.33      1
     7.0   169.9     -1
     8.0   85.11      1
     8.0   173.9     -1
     9.0   80.82      1
     9.0   159.8     -1
    10.0   64.73      1
    10.0   129.3     -1
    11.0   43.17      1
    11.0   90.50     -1
    12.0   30.14      1
    12.0   55.27     -1
    13.0   13.93      1
    13.0   31.14     -1
    14.0   9.450      1
    14.0   17.07     -1
    15.0   4.134      1
    15.0   9.265     -1
    16.0   2.769      1
    16.0   5.000     -1
    17.0   1.197      1
    17.0   2.684     -1
    18.0  0.7943      1
    18.0   1.434     -1
    19.0  0.3400      1
    19.0  0.7625     -1
    20.0  0.2238      1
    20.0  0.4038     -1
    21.0  0.9494E-01  1
    21.0  0.2130     -1
    22.0  0.6211E-01  1
    22.0  0.1120     -1
    23.0  0.2616E-01  1
    23.0  0.5871E-01 -1
    24.0  0.1702E-01  1
    24.0  0.3069E-01 -1
    25.0  0.7126E-02  1
    25.0  0.1600E-01 -1
    26.0  0.4615E-02  1
    26.0  0.8320E-02 -1
    27.0  0.1922E-02  1
    27.0  0.4317E-02 -1
    28.0  0.1240E-02  1
    28.0  0.2235E-02 -1
    29.0  0.5149E-03  1
    29.0  0.1156E-02 -1
    30.0  0.3307E-03  1
    30.0  0.5963E-03 -1
