#  81 angles,  1 tensor ranks for 0=projectile
@subtitle   "39K(3He,d)40Ca 21 MeV DWBA ZR 8425 keV Jpi=2- l=1 n=3 j=3/2"                   
@legend ON
@legend x1 0.2
@legend y1 0.8
@g0 type LOGY
@yaxis ticklabel format power
@legend string   0 "Lab energy =   21.0000"
#legend string   0 "Partition=  2 Excit=  1 near/far= 1"
#  Theta       sigma       iT11        T20         T21         T22         Kyy for projectile
   0.000       42.31    
   1.000       42.26    
   2.000       42.11    
   3.000       41.82    
   4.000       41.34    
   5.000       40.62    
   6.000       39.60    
   7.000       38.24    
   8.000       36.51    
   9.000       34.41    
   10.00       31.98    
   11.00       29.28    
   12.00       26.40    
   13.00       23.44    
   14.00       20.51    
   15.00       17.73    
   16.00       15.20    
   17.00       12.99    
   18.00       11.15    
   19.00       9.707    
   20.00       8.638    
   21.00       7.912    
   22.00       7.472    
   23.00       7.249    
   24.00       7.170    
   25.00       7.165    
   26.00       7.171    
   27.00       7.140    
   28.00       7.034    
   29.00       6.834    
   30.00       6.532    
   31.00       6.135    
   32.00       5.657    
   33.00       5.123    
   34.00       4.558    
   35.00       3.990    
   36.00       3.445    
   37.00       2.944    
   38.00       2.505    
   39.00       2.137    
   40.00       1.846    
   41.00       1.631    
   42.00       1.488    
   43.00       1.407    
   44.00       1.377    
   45.00       1.386    
   46.00       1.420    
   47.00       1.469    
   48.00       1.521    
   49.00       1.567    
   50.00       1.599    
   51.00       1.614    
   52.00       1.608    
   53.00       1.581    
   54.00       1.534    
   55.00       1.468    
   56.00       1.388    
   57.00       1.296    
   58.00       1.196    
   59.00       1.092    
   60.00      0.9885    
   61.00      0.8871    
   62.00      0.7908    
   63.00      0.7015    
   64.00      0.6206    
   65.00      0.5488    
   66.00      0.4864    
   67.00      0.4332    
   68.00      0.3887    
   69.00      0.3522    
   70.00      0.3229    
   71.00      0.2997    
   72.00      0.2817    
   73.00      0.2680    
   74.00      0.2578    
   75.00      0.2502    
   76.00      0.2446    
   77.00      0.2403    
   78.00      0.2368    
   79.00      0.2338    
   80.00      0.2310    
 END
