#  81 angles,  1 tensor ranks for 0=projectile
@subtitle   "39K(3He,d)40Ca 21 MeV DWBA ZR 8425 keV Jpi=2+ l=4 n=2 j=7/2"                   
@legend ON
@legend x1 0.2
@legend y1 0.8
@g0 type LOGY
@yaxis ticklabel format power
@legend string   0 "Lab energy =   21.0000"
#legend string   0 "Partition=  2 Excit=  1 near/far= 1"
#  Theta       sigma       iT11        T20         T21         T22         Kyy for projectile
   0.000       2.775    
   1.000       2.781    
   2.000       2.800    
   3.000       2.831    
   4.000       2.874    
   5.000       2.926    
   6.000       2.986    
   7.000       3.053    
   8.000       3.125    
   9.000       3.199    
   10.00       3.276    
   11.00       3.352    
   12.00       3.426    
   13.00       3.497    
   14.00       3.563    
   15.00       3.624    
   16.00       3.677    
   17.00       3.721    
   18.00       3.755    
   19.00       3.776    
   20.00       3.783    
   21.00       3.774    
   22.00       3.748    
   23.00       3.702    
   24.00       3.636    
   25.00       3.549    
   26.00       3.440    
   27.00       3.312    
   28.00       3.164    
   29.00       2.998    
   30.00       2.818    
   31.00       2.627    
   32.00       2.427    
   33.00       2.223    
   34.00       2.018    
   35.00       1.818    
   36.00       1.624    
   37.00       1.440    
   38.00       1.270    
   39.00       1.115    
   40.00      0.9763    
   41.00      0.8556    
   42.00      0.7527    
   43.00      0.6672    
   44.00      0.5981    
   45.00      0.5439    
   46.00      0.5028    
   47.00      0.4728    
   48.00      0.4517    
   49.00      0.4373    
   50.00      0.4277    
   51.00      0.4208    
   52.00      0.4151    
   53.00      0.4092    
   54.00      0.4020    
   55.00      0.3928    
   56.00      0.3812    
   57.00      0.3671    
   58.00      0.3505    
   59.00      0.3319    
   60.00      0.3117    
   61.00      0.2905    
   62.00      0.2689    
   63.00      0.2474    
   64.00      0.2266    
   65.00      0.2070    
   66.00      0.1888    
   67.00      0.1724    
   68.00      0.1578    
   69.00      0.1452    
   70.00      0.1344    
   71.00      0.1255    
   72.00      0.1181    
   73.00      0.1122    
   74.00      0.1075    
   75.00      0.1037    
   76.00      0.1006    
   77.00      0.9792E-01
   78.00      0.9540E-01
   79.00      0.9289E-01
   80.00      0.9025E-01
 END
