#  81 angles,  1 tensor ranks for 0=projectile
@subtitle   "39K(3He,d)40Ca 21 MeV DWBA ZR 9432 keV Jpi=1- l=3 n=1 j=5/2"                   
@legend ON
@legend x1 0.2
@legend y1 0.8
@g0 type LOGY
@yaxis ticklabel format power
@xaxis label "Scattering angle (degrees)"
@yaxis label "Cross section (mb/sr)"
@legend string   0 "Partition=  1 Excit=  1 near/far= 1"
#legend string   0 "Lab energy =   21.0000"
@s0 linestyle   1
#  Theta       sigma       iT11        T20         T21         T22         Kyy for projectile
  0.1000E-01   1.000    
   1.000      0.9997    
   2.000       1.001    
   3.000      0.9801    
   4.000      0.9937    
   5.000       1.036    
   6.000       1.069    
   7.000       1.070    
   8.000       1.043    
   9.000       1.001    
   10.00      0.9589    
   11.00      0.9259    
   12.00      0.9030    
   13.00      0.8865    
   14.00      0.8704    
   15.00      0.8486    
   16.00      0.8173    
   17.00      0.7752    
   18.00      0.7238    
   19.00      0.6664    
   20.00      0.6075    
   21.00      0.5518    
   22.00      0.5029    
   23.00      0.4636    
   24.00      0.4347    
   25.00      0.4158    
   26.00      0.4051    
   27.00      0.3999    
   28.00      0.3972    
   29.00      0.3941    
   30.00      0.3882    
   31.00      0.3777    
   32.00      0.3620    
   33.00      0.3412    
   34.00      0.3163    
   35.00      0.2889    
   36.00      0.2608    
   37.00      0.2340    
   38.00      0.2104    
   39.00      0.1911    
   40.00      0.1770    
   41.00      0.1682    
   42.00      0.1644    
   43.00      0.1646    
   44.00      0.1677    
   45.00      0.1721    
   46.00      0.1765    
   47.00      0.1796    
   48.00      0.1803    
   49.00      0.1779    
   50.00      0.1722    
   51.00      0.1633    
   52.00      0.1516    
   53.00      0.1378    
   54.00      0.1229    
   55.00      0.1077    
   56.00      0.9318E-01
   57.00      0.8011E-01
   58.00      0.6912E-01
   59.00      0.6059E-01
   60.00      0.5467E-01
   61.00      0.5129E-01
   62.00      0.5018E-01
   63.00      0.5093E-01
   64.00      0.5301E-01
   65.00      0.5587E-01
   66.00      0.5895E-01
   67.00      0.6177E-01
   68.00      0.6392E-01
   69.00      0.6510E-01
   70.00      0.6515E-01
   71.00      0.6402E-01
   72.00      0.6176E-01
   73.00      0.5853E-01
   74.00      0.5453E-01
   75.00      0.5000E-01
   76.00      0.4522E-01
   77.00      0.4042E-01
   78.00      0.3583E-01
   79.00      0.3163E-01
   80.00      0.2793E-01
 END
@legend string   1 "Partition=  2 Excit=  1 near/far= 1"
#legend string   0 "Lab energy =   21.0000"
@s1 linestyle   2
#  Theta       sigma       iT11        T20         T21         T22         Kyy for projectile
   0.000       1.757    
   1.000       1.760    
   2.000       1.769    
   3.000       1.783    
   4.000       1.803    
   5.000       1.827    
   6.000       1.854    
   7.000       1.882    
   8.000       1.911    
   9.000       1.938    
   10.00       1.961    
   11.00       1.978    
   12.00       1.989    
   13.00       1.992    
   14.00       1.985    
   15.00       1.967    
   16.00       1.938    
   17.00       1.897    
   18.00       1.844    
   19.00       1.780    
   20.00       1.703    
   21.00       1.617    
   22.00       1.522    
   23.00       1.420    
   24.00       1.314    
   25.00       1.205    
   26.00       1.096    
   27.00      0.9896    
   28.00      0.8872    
   29.00      0.7909    
   30.00      0.7020    
   31.00      0.6219    
   32.00      0.5514    
   33.00      0.4907    
   34.00      0.4400    
   35.00      0.3989    
   36.00      0.3666    
   37.00      0.3422    
   38.00      0.3246    
   39.00      0.3123    
   40.00      0.3041    
   41.00      0.2988    
   42.00      0.2950    
   43.00      0.2918    
   44.00      0.2884    
   45.00      0.2840    
   46.00      0.2781    
   47.00      0.2705    
   48.00      0.2610    
   49.00      0.2497    
   50.00      0.2368    
   51.00      0.2224    
   52.00      0.2070    
   53.00      0.1910    
   54.00      0.1748    
   55.00      0.1588    
   56.00      0.1433    
   57.00      0.1288    
   58.00      0.1153    
   59.00      0.1031    
   60.00      0.9214E-01
   61.00      0.8258E-01
   62.00      0.7435E-01
   63.00      0.6738E-01
   64.00      0.6156E-01
   65.00      0.5679E-01
   66.00      0.5293E-01
   67.00      0.4982E-01
   68.00      0.4732E-01
   69.00      0.4528E-01
   70.00      0.4358E-01
   71.00      0.4211E-01
   72.00      0.4077E-01
   73.00      0.3951E-01
   74.00      0.3827E-01
   75.00      0.3706E-01
   76.00      0.3585E-01
   77.00      0.3466E-01
   78.00      0.3349E-01
   79.00      0.3236E-01
   80.00      0.3127E-01
 END
