#  81 angles,  1 tensor ranks for 0=projectile
@subtitle   "39K(3He,d)40Ca 21 MeV DWBA ZR 5614 keV Jpi=4- l=3 n=2 j=7/2"                   
@legend ON
@legend x1 0.2
@legend y1 0.8
@g0 type LOGY
@yaxis ticklabel format power
@legend string   0 "Lab energy =   21.0000"
#legend string   0 "Partition=  2 Excit=  1 near/far= 1"
#  Theta       sigma       iT11        T20         T21         T22         Kyy for projectile
   0.000       6.084    
   1.000       6.107    
   2.000       6.176    
   3.000       6.290    
   4.000       6.447    
   5.000       6.645    
   6.000       6.884    
   7.000       7.162    
   8.000       7.480    
   9.000       7.835    
   10.00       8.225    
   11.00       8.646    
   12.00       9.089    
   13.00       9.542    
   14.00       9.988    
   15.00       10.41    
   16.00       10.77    
   17.00       11.06    
   18.00       11.25    
   19.00       11.31    
   20.00       11.24    
   21.00       11.02    
   22.00       10.65    
   23.00       10.13    
   24.00       9.494    
   25.00       8.751    
   26.00       7.932    
   27.00       7.068    
   28.00       6.193    
   29.00       5.337    
   30.00       4.531    
   31.00       3.798    
   32.00       3.157    
   33.00       2.618    
   34.00       2.186    
   35.00       1.860    
   36.00       1.631    
   37.00       1.487    
   38.00       1.414    
   39.00       1.393    
   40.00       1.409    
   41.00       1.444    
   42.00       1.485    
   43.00       1.519    
   44.00       1.538    
   45.00       1.535    
   46.00       1.507    
   47.00       1.455    
   48.00       1.380    
   49.00       1.287    
   50.00       1.180    
   51.00       1.066    
   52.00      0.9505    
   53.00      0.8384    
   54.00      0.7346    
   55.00      0.6425    
   56.00      0.5646    
   57.00      0.5020    
   58.00      0.4548    
   59.00      0.4220    
   60.00      0.4021    
   61.00      0.3928    
   62.00      0.3915    
   63.00      0.3956    
   64.00      0.4025    
   65.00      0.4099    
   66.00      0.4157    
   67.00      0.4185    
   68.00      0.4171    
   69.00      0.4110    
   70.00      0.4000    
   71.00      0.3844    
   72.00      0.3649    
   73.00      0.3423    
   74.00      0.3176    
   75.00      0.2919    
   76.00      0.2661    
   77.00      0.2413    
   78.00      0.2183    
   79.00      0.1976    
   80.00      0.1799    
 END
