#  81 angles,  1 tensor ranks for 0=projectile
@subtitle   "39K(3He,d)40Ca 21 MeV DWBA ZR 5614 keV Jpi=4- l=3 n=2 j=7/2"                   
@legend ON
@legend x1 0.2
@legend y1 0.8
@g0 type LOGY
@yaxis ticklabel format power
@xaxis label "Scattering angle (degrees)"
@yaxis label "Cross section (mb/sr)"
@legend string   0 "Partition=  1 Excit=  1 near/far= 1"
#legend string   0 "Lab energy =   21.0000"
@s0 linestyle   1
#  Theta       sigma       iT11        T20         T21         T22         Kyy for projectile
  0.1000E-01   1.000    
   1.000      0.9997    
   2.000       1.001    
   3.000      0.9801    
   4.000      0.9937    
   5.000       1.036    
   6.000       1.069    
   7.000       1.070    
   8.000       1.043    
   9.000       1.001    
   10.00      0.9589    
   11.00      0.9259    
   12.00      0.9030    
   13.00      0.8865    
   14.00      0.8704    
   15.00      0.8486    
   16.00      0.8173    
   17.00      0.7752    
   18.00      0.7238    
   19.00      0.6664    
   20.00      0.6075    
   21.00      0.5518    
   22.00      0.5029    
   23.00      0.4636    
   24.00      0.4347    
   25.00      0.4158    
   26.00      0.4051    
   27.00      0.3999    
   28.00      0.3972    
   29.00      0.3941    
   30.00      0.3882    
   31.00      0.3777    
   32.00      0.3620    
   33.00      0.3412    
   34.00      0.3163    
   35.00      0.2889    
   36.00      0.2608    
   37.00      0.2340    
   38.00      0.2104    
   39.00      0.1911    
   40.00      0.1770    
   41.00      0.1682    
   42.00      0.1644    
   43.00      0.1646    
   44.00      0.1677    
   45.00      0.1721    
   46.00      0.1765    
   47.00      0.1796    
   48.00      0.1803    
   49.00      0.1779    
   50.00      0.1722    
   51.00      0.1633    
   52.00      0.1516    
   53.00      0.1378    
   54.00      0.1229    
   55.00      0.1077    
   56.00      0.9318E-01
   57.00      0.8011E-01
   58.00      0.6912E-01
   59.00      0.6059E-01
   60.00      0.5467E-01
   61.00      0.5129E-01
   62.00      0.5018E-01
   63.00      0.5093E-01
   64.00      0.5301E-01
   65.00      0.5587E-01
   66.00      0.5895E-01
   67.00      0.6177E-01
   68.00      0.6392E-01
   69.00      0.6510E-01
   70.00      0.6515E-01
   71.00      0.6402E-01
   72.00      0.6176E-01
   73.00      0.5853E-01
   74.00      0.5453E-01
   75.00      0.5000E-01
   76.00      0.4522E-01
   77.00      0.4042E-01
   78.00      0.3583E-01
   79.00      0.3163E-01
   80.00      0.2793E-01
 END
@legend string   1 "Partition=  2 Excit=  1 near/far= 1"
#legend string   0 "Lab energy =   21.0000"
@s1 linestyle   2
#  Theta       sigma       iT11        T20         T21         T22         Kyy for projectile
   0.000       6.084    
   1.000       6.107    
   2.000       6.176    
   3.000       6.290    
   4.000       6.447    
   5.000       6.645    
   6.000       6.884    
   7.000       7.162    
   8.000       7.480    
   9.000       7.835    
   10.00       8.225    
   11.00       8.646    
   12.00       9.089    
   13.00       9.542    
   14.00       9.988    
   15.00       10.41    
   16.00       10.77    
   17.00       11.06    
   18.00       11.25    
   19.00       11.31    
   20.00       11.24    
   21.00       11.02    
   22.00       10.65    
   23.00       10.13    
   24.00       9.494    
   25.00       8.751    
   26.00       7.932    
   27.00       7.068    
   28.00       6.193    
   29.00       5.337    
   30.00       4.531    
   31.00       3.798    
   32.00       3.157    
   33.00       2.618    
   34.00       2.186    
   35.00       1.860    
   36.00       1.631    
   37.00       1.487    
   38.00       1.414    
   39.00       1.393    
   40.00       1.409    
   41.00       1.444    
   42.00       1.485    
   43.00       1.519    
   44.00       1.538    
   45.00       1.535    
   46.00       1.507    
   47.00       1.455    
   48.00       1.380    
   49.00       1.287    
   50.00       1.180    
   51.00       1.066    
   52.00      0.9505    
   53.00      0.8384    
   54.00      0.7346    
   55.00      0.6425    
   56.00      0.5646    
   57.00      0.5020    
   58.00      0.4548    
   59.00      0.4220    
   60.00      0.4021    
   61.00      0.3928    
   62.00      0.3915    
   63.00      0.3956    
   64.00      0.4025    
   65.00      0.4099    
   66.00      0.4157    
   67.00      0.4185    
   68.00      0.4171    
   69.00      0.4110    
   70.00      0.4000    
   71.00      0.3844    
   72.00      0.3649    
   73.00      0.3423    
   74.00      0.3176    
   75.00      0.2919    
   76.00      0.2661    
   77.00      0.2413    
   78.00      0.2183    
   79.00      0.1976    
   80.00      0.1799    
 END
