     0.0   1.499      1
     0.0   3.002     -1
     1.0   13.47      1
     1.0   26.97     -1
     2.0   29.89      1
     2.0   59.87     -1
     3.0   41.90      1
     3.0   83.85     -1
     4.0   53.80      1
     4.0   107.7     -1
     5.0   65.75      1
     5.0   131.3     -1
     6.0   76.14      1
     6.0   153.2     -1
     7.0   86.12      1
     7.0   169.6     -1
     8.0   84.88      1
     8.0   173.3     -1
     9.0   80.59      1
     9.0   159.1     -1
    10.0   64.16      1
    10.0   128.9     -1
    11.0   43.58      1
    11.0   90.39     -1
    12.0   30.22      1
    12.0   55.60     -1
    13.0   14.04      1
    13.0   31.39     -1
    14.0   9.530      1
    14.0   17.20     -1
    15.0   4.160      1
    15.0   9.329     -1
    16.0   2.787      1
    16.0   5.030     -1
    17.0   1.203      1
    17.0   2.698     -1
    18.0  0.7982      1
    18.0   1.440     -1
    19.0  0.3412      1
    19.0  0.7655     -1
    20.0  0.2246      1
    20.0  0.4052     -1
    21.0  0.9520E-01  1
    21.0  0.2137     -1
    22.0  0.6227E-01  1
    22.0  0.1123     -1
    23.0  0.2621E-01  1
    23.0  0.5885E-01 -1
    24.0  0.1705E-01  1
    24.0  0.3075E-01 -1
    25.0  0.7137E-02  1
    25.0  0.1602E-01 -1
    26.0  0.4621E-02  1
    26.0  0.8332E-02 -1
    27.0  0.1925E-02  1
    27.0  0.4322E-02 -1
    28.0  0.1241E-02  1
    28.0  0.2237E-02 -1
    29.0  0.5146E-03  1
    29.0  0.1155E-02 -1
    30.0  0.3303E-03  1
    30.0  0.5956E-03 -1
