#  81 angles,  1 tensor ranks for 0=projectile
@subtitle   "39K(3He,d)40Ca 21 MeV DWBA ZR 8851 keV Jpi=3- l=1 n=3 j=3/2"                   
@legend ON
@legend x1 0.2
@legend y1 0.8
@g0 type LOGY
@yaxis ticklabel format power
@legend string   0 "Lab energy =   21.0000"
#legend string   0 "Partition=  2 Excit=  1 near/far= 1"
#  Theta       sigma       iT11        T20         T21         T22         Kyy for projectile
   0.000       49.30    
   1.000       49.20    
   2.000       48.91    
   3.000       48.39    
   4.000       47.62    
   5.000       46.54    
   6.000       45.13    
   7.000       43.35    
   8.000       41.20    
   9.000       38.69    
   10.00       35.86    
   11.00       32.79    
   12.00       29.56    
   13.00       26.29    
   14.00       23.08    
   15.00       20.06    
   16.00       17.31    
   17.00       14.92    
   18.00       12.93    
   19.00       11.36    
   20.00       10.20    
   21.00       9.390    
   22.00       8.886    
   23.00       8.613    
   24.00       8.493    
   25.00       8.454    
   26.00       8.431    
   27.00       8.370    
   28.00       8.232    
   29.00       7.996    
   30.00       7.651    
   31.00       7.204    
   32.00       6.669    
   33.00       6.070    
   34.00       5.436    
   35.00       4.796    
   36.00       4.177    
   37.00       3.605    
   38.00       3.098    
   39.00       2.668    
   40.00       2.322    
   41.00       2.061    
   42.00       1.879    
   43.00       1.770    
   44.00       1.720    
   45.00       1.717    
   46.00       1.747    
   47.00       1.797    
   48.00       1.853    
   49.00       1.906    
   50.00       1.946    
   51.00       1.968    
   52.00       1.968    
   53.00       1.944    
   54.00       1.896    
   55.00       1.827    
   56.00       1.739    
   57.00       1.636    
   58.00       1.522    
   59.00       1.401    
   60.00       1.277    
   61.00       1.154    
   62.00       1.036    
   63.00      0.9233    
   64.00      0.8196    
   65.00      0.7258    
   66.00      0.6427    
   67.00      0.5704    
   68.00      0.5087    
   69.00      0.4570    
   70.00      0.4146    
   71.00      0.3805    
   72.00      0.3537    
   73.00      0.3331    
   74.00      0.3179    
   75.00      0.3069    
   76.00      0.2992    
   77.00      0.2941    
   78.00      0.2907    
   79.00      0.2884    
   80.00      0.2867    
 END
