     0.0   1.496      1
     0.0   2.995     -1
     1.0   13.44      1
     1.0   26.95     -1
     2.0   29.92      1
     2.0   59.94     -1
     3.0   41.86      1
     3.0   83.87     -1
     4.0   53.77      1
     4.0   107.7     -1
     5.0   65.59      1
     5.0   131.1     -1
     6.0   75.97      1
     6.0   152.8     -1
     7.0   85.66      1
     7.0   168.8     -1
     8.0   84.09      1
     8.0   171.7     -1
     9.0   79.01      1
     9.0   156.8     -1
    10.0   63.54      1
    10.0   126.6     -1
    11.0   42.78      1
    11.0   89.17     -1
    12.0   29.95      1
    12.0   55.07     -1
    13.0   13.96      1
    13.0   31.19     -1
    14.0   9.479      1
    14.0   17.12     -1
    15.0   4.149      1
    15.0   9.298     -1
    16.0   2.779      1
    16.0   5.019     -1
    17.0   1.202      1
    17.0   2.694     -1
    18.0  0.7972      1
    18.0   1.439     -1
    19.0  0.3412      1
    19.0  0.7652     -1
    20.0  0.2245      1
    20.0  0.4051     -1
    21.0  0.9525E-01  1
    21.0  0.2137     -1
    22.0  0.6229E-01  1
    22.0  0.1123     -1
    23.0  0.2623E-01  1
    23.0  0.5888E-01 -1
    24.0  0.1706E-01  1
    24.0  0.3077E-01 -1
    25.0  0.7144E-02  1
    25.0  0.1604E-01 -1
    26.0  0.4625E-02  1
    26.0  0.8340E-02 -1
    27.0  0.1928E-02  1
    27.0  0.4327E-02 -1
    28.0  0.1243E-02  1
    28.0  0.2241E-02 -1
    29.0  0.5159E-03  1
    29.0  0.1158E-02 -1
    30.0  0.3312E-03  1
    30.0  0.5974E-03 -1
