     0.0   1.503      1
     0.0   3.005     -1
     1.0   13.48      1
     1.0   26.98     -1
     2.0   29.95      1
     2.0   59.94     -1
     3.0   41.92      1
     3.0   83.91     -1
     4.0   53.86      1
     4.0   107.8     -1
     5.0   65.77      1
     5.0   131.4     -1
     6.0   76.20      1
     6.0   153.3     -1
     7.0   86.19      1
     7.0   169.7     -1
     8.0   84.93      1
     8.0   173.5     -1
     9.0   80.70      1
     9.0   159.4     -1
    10.0   64.34      1
    10.0   129.0     -1
    11.0   43.38      1
    11.0   90.39     -1
    12.0   30.36      1
    12.0   55.51     -1
    13.0   13.91      1
    13.0   31.35     -1
    14.0   9.575      1
    14.0   17.18     -1
    15.0   4.131      1
    15.0   9.320     -1
    16.0   2.795      1
    16.0   5.025     -1
    17.0   1.197      1
    17.0   2.696     -1
    18.0  0.7998      1
    18.0   1.439     -1
    19.0  0.3398      1
    19.0  0.7648     -1
    20.0  0.2249      1
    20.0  0.4048     -1
    21.0  0.9491E-01  1
    21.0  0.2135     -1
    22.0  0.6233E-01  1
    22.0  0.1122     -1
    23.0  0.2614E-01  1
    23.0  0.5880E-01 -1
    24.0  0.1706E-01  1
    24.0  0.3073E-01 -1
    25.0  0.7120E-02  1
    25.0  0.1601E-01 -1
    26.0  0.4621E-02  1
    26.0  0.8322E-02 -1
    27.0  0.1918E-02  1
    27.0  0.4314E-02 -1
    28.0  0.1239E-02  1
    28.0  0.2231E-02 -1
    29.0  0.5121E-03  1
    29.0  0.1152E-02 -1
    30.0  0.3288E-03  1
    30.0  0.5920E-03 -1
