     0.0   1.503      1
     0.0   3.006     -1
     1.0   13.53      1
     1.0   27.06     -1
     2.0   30.06      1
     2.0   60.11     -1
     3.0   42.07      1
     3.0   84.12     -1
     4.0   53.99      1
     4.0   108.0     -1
     5.0   65.92      1
     5.0   131.6     -1
     6.0   76.35      1
     6.0   153.5     -1
     7.0   86.49      1
     7.0   170.2     -1
     8.0   85.32      1
     8.0   174.3     -1
     9.0   81.35      1
     9.0   160.6     -1
    10.0   65.26      1
    10.0   130.7     -1
    11.0   44.31      1
    11.0   92.15     -1
    12.0   30.84      1
    12.0   56.73     -1
    13.0   14.31      1
    13.0   31.97     -1
    14.0   9.669      1
    14.0   17.46     -1
    15.0   4.215      1
    15.0   9.446     -1
    16.0   2.814      1
    16.0   5.082     -1
    17.0   1.214      1
    17.0   2.721     -1
    18.0  0.8035      1
    18.0   1.451     -1
    19.0  0.3434      1
    19.0  0.7700     -1
    20.0  0.2257      1
    20.0  0.4072     -1
    21.0  0.9564E-01  1
    21.0  0.2146     -1
    22.0  0.6248E-01  1
    22.0  0.1127     -1
    23.0  0.2630E-01  1
    23.0  0.5903E-01 -1
    24.0  0.1710E-01  1
    24.0  0.3083E-01 -1
    25.0  0.7155E-02  1
    25.0  0.1606E-01 -1
    26.0  0.4629E-02  1
    26.0  0.8347E-02 -1
    27.0  0.1928E-02  1
    27.0  0.4328E-02 -1
    28.0  0.1242E-02  1
    28.0  0.2239E-02 -1
    29.0  0.5148E-03  1
    29.0  0.1156E-02 -1
    30.0  0.3293E-03  1
    30.0  0.5936E-03 -1
