#  81 angles,  1 tensor ranks for 0=projectile
@subtitle   "39K(3He,d)40Ca 21 MeV DWBA ZR 7114 keV Jpi=4- l=5 n=1 j=9/2"                   
@legend ON
@legend x1 0.2
@legend y1 0.8
@g0 type LOGY
@yaxis ticklabel format power
@legend string   0 "Lab energy =   21.0000"
#legend string   0 "Partition=  2 Excit=  1 near/far= 1"
#  Theta       sigma       iT11        T20         T21         T22         Kyy for projectile
   0.000      0.3672    
   1.000      0.3662    
   2.000      0.3633    
   3.000      0.3587    
   4.000      0.3525    
   5.000      0.3451    
   6.000      0.3367    
   7.000      0.3279    
   8.000      0.3191    
   9.000      0.3110    
   10.00      0.3040    
   11.00      0.2988    
   12.00      0.2959    
   13.00      0.2958    
   14.00      0.2989    
   15.00      0.3056    
   16.00      0.3161    
   17.00      0.3304    
   18.00      0.3486    
   19.00      0.3702    
   20.00      0.3952    
   21.00      0.4228    
   22.00      0.4526    
   23.00      0.4838    
   24.00      0.5155    
   25.00      0.5470    
   26.00      0.5772    
   27.00      0.6053    
   28.00      0.6303    
   29.00      0.6514    
   30.00      0.6679    
   31.00      0.6791    
   32.00      0.6845    
   33.00      0.6837    
   34.00      0.6767    
   35.00      0.6635    
   36.00      0.6444    
   37.00      0.6198    
   38.00      0.5904    
   39.00      0.5571    
   40.00      0.5207    
   41.00      0.4821    
   42.00      0.4425    
   43.00      0.4028    
   44.00      0.3638    
   45.00      0.3264    
   46.00      0.2914    
   47.00      0.2592    
   48.00      0.2303    
   49.00      0.2050    
   50.00      0.1833    
   51.00      0.1654    
   52.00      0.1511    
   53.00      0.1400    
   54.00      0.1320    
   55.00      0.1265    
   56.00      0.1231    
   57.00      0.1215    
   58.00      0.1210    
   59.00      0.1214    
   60.00      0.1221    
   61.00      0.1229    
   62.00      0.1235    
   63.00      0.1236    
   64.00      0.1232    
   65.00      0.1221    
   66.00      0.1203    
   67.00      0.1178    
   68.00      0.1147    
   69.00      0.1110    
   70.00      0.1068    
   71.00      0.1023    
   72.00      0.9758E-01
   73.00      0.9273E-01
   74.00      0.8787E-01
   75.00      0.8310E-01
   76.00      0.7851E-01
   77.00      0.7414E-01
   78.00      0.7006E-01
   79.00      0.6630E-01
   80.00      0.6286E-01
 END
