#  81 angles,  1 tensor ranks for 0=projectile
@subtitle   "39K(3He,d)40Ca 21 MeV DWBA ZR 9454 keV Jpi=3- l=1 n=3 j=3/2"                   
@legend ON
@legend x1 0.2
@legend y1 0.8
@g0 type LOGY
@yaxis ticklabel format power
@legend string   0 "Lab energy =   21.0000"
#legend string   0 "Partition=  2 Excit=  1 near/far= 1"
#  Theta       sigma       iT11        T20         T21         T22         Kyy for projectile
   0.000       36.86    
   1.000       36.76    
   2.000       36.47    
   3.000       35.97    
   4.000       35.24    
   5.000       34.27    
   6.000       33.04    
   7.000       31.56    
   8.000       29.82    
   9.000       27.86    
   10.00       25.72    
   11.00       23.45    
   12.00       21.12    
   13.00       18.81    
   14.00       16.58    
   15.00       14.51    
   16.00       12.64    
   17.00       11.02    
   18.00       9.681    
   19.00       8.616    
   20.00       7.817    
   21.00       7.256    
   22.00       6.894    
   23.00       6.686    
   24.00       6.580    
   25.00       6.529    
   26.00       6.489    
   27.00       6.424    
   28.00       6.307    
   29.00       6.124    
   30.00       5.867    
   31.00       5.539    
   32.00       5.152    
   33.00       4.720    
   34.00       4.262    
   35.00       3.798    
   36.00       3.347    
   37.00       2.925    
   38.00       2.547    
   39.00       2.221    
   40.00       1.954    
   41.00       1.748    
   42.00       1.598    
   43.00       1.502    
   44.00       1.451    
   45.00       1.437    
   46.00       1.449    
   47.00       1.479    
   48.00       1.517    
   49.00       1.555    
   50.00       1.587    
   51.00       1.607    
   52.00       1.613    
   53.00       1.602    
   54.00       1.573    
   55.00       1.528    
   56.00       1.467    
   57.00       1.393    
   58.00       1.309    
   59.00       1.217    
   60.00       1.121    
   61.00       1.023    
   62.00      0.9265    
   63.00      0.8327    
   64.00      0.7439    
   65.00      0.6615    
   66.00      0.5865    
   67.00      0.5195    
   68.00      0.4608    
   69.00      0.4103    
   70.00      0.3679    
   71.00      0.3329    
   72.00      0.3048    
   73.00      0.2829    
   74.00      0.2664    
   75.00      0.2545    
   76.00      0.2464    
   77.00      0.2415    
   78.00      0.2389    
   79.00      0.2380    
   80.00      0.2384    
 END
