     0.0   1.496      1
     0.0   2.996     -1
     1.0   13.45      1
     1.0   26.97     -1
     2.0   29.93      1
     2.0   59.96     -1
     3.0   41.88      1
     3.0   83.89     -1
     4.0   53.81      1
     4.0   107.7     -1
     5.0   65.65      1
     5.0   131.2     -1
     6.0   76.05      1
     6.0   152.9     -1
     7.0   85.80      1
     7.0   169.0     -1
     8.0   84.33      1
     8.0   172.1     -1
     9.0   79.50      1
     9.0   157.6     -1
    10.0   63.96      1
    10.0   127.7     -1
    11.0   43.27      1
    11.0   90.08     -1
    12.0   30.25      1
    12.0   55.64     -1
    13.0   14.10      1
    13.0   31.49     -1
    14.0   9.554      1
    14.0   17.26     -1
    15.0   4.178      1
    15.0   9.361     -1
    16.0   2.795      1
    16.0   5.048     -1
    17.0   1.208      1
    17.0   2.707     -1
    18.0  0.8004      1
    18.0   1.445     -1
    19.0  0.3424      1
    19.0  0.7678     -1
    20.0  0.2252      1
    20.0  0.4063     -1
    21.0  0.9548E-01  1
    21.0  0.2142     -1
    22.0  0.6241E-01  1
    22.0  0.1126     -1
    23.0  0.2628E-01  1
    23.0  0.5898E-01 -1
    24.0  0.1709E-01  1
    24.0  0.3081E-01 -1
    25.0  0.7151E-02  1
    25.0  0.1605E-01 -1
    26.0  0.4629E-02  1
    26.0  0.8346E-02 -1
    27.0  0.1928E-02  1
    27.0  0.4329E-02 -1
    28.0  0.1243E-02  1
    28.0  0.2241E-02 -1
    29.0  0.5158E-03  1
    29.0  0.1158E-02 -1
    30.0  0.3312E-03  1
    30.0  0.5972E-03 -1
