#  81 angles,  1 tensor ranks for 0=projectile
@subtitle   "39K(3He,d)40Ca 21 MeV DWBA ZR 7694 keV Jpi=3- l=3 n=1 j=5/2"                   
@legend ON
@legend x1 0.2
@legend y1 0.8
@g0 type LOGY
@yaxis ticklabel format power
@legend string   0 "Lab energy =   21.0000"
#legend string   0 "Partition=  2 Excit=  1 near/far= 1"
#  Theta       sigma       iT11        T20         T21         T22         Kyy for projectile
   0.000       3.609    
   1.000       3.620    
   2.000       3.652    
   3.000       3.705    
   4.000       3.777    
   5.000       3.867    
   6.000       3.972    
   7.000       4.090    
   8.000       4.218    
   9.000       4.353    
   10.00       4.490    
   11.00       4.625    
   12.00       4.751    
   13.00       4.862    
   14.00       4.951    
   15.00       5.011    
   16.00       5.036    
   17.00       5.020    
   18.00       4.960    
   19.00       4.854    
   20.00       4.703    
   21.00       4.508    
   22.00       4.275    
   23.00       4.008    
   24.00       3.714    
   25.00       3.402    
   26.00       3.078    
   27.00       2.753    
   28.00       2.434    
   29.00       2.130    
   30.00       1.848    
   31.00       1.594    
   32.00       1.373    
   33.00       1.186    
   34.00       1.034    
   35.00      0.9162    
   36.00      0.8291    
   37.00      0.7688    
   38.00      0.7307    
   39.00      0.7096    
   40.00      0.7007    
   41.00      0.6994    
   42.00      0.7017    
   43.00      0.7040    
   44.00      0.7036    
   45.00      0.6984    
   46.00      0.6868    
   47.00      0.6683    
   48.00      0.6425    
   49.00      0.6101    
   50.00      0.5720    
   51.00      0.5296    
   52.00      0.4843    
   53.00      0.4380    
   54.00      0.3921    
   55.00      0.3481    
   56.00      0.3072    
   57.00      0.2701    
   58.00      0.2373    
   59.00      0.2090    
   60.00      0.1851    
   61.00      0.1655    
   62.00      0.1496    
   63.00      0.1371    
   64.00      0.1274    
   65.00      0.1199    
   66.00      0.1143    
   67.00      0.1099    
   68.00      0.1064    
   69.00      0.1036    
   70.00      0.1010    
   71.00      0.9848E-01
   72.00      0.9599E-01
   73.00      0.9346E-01
   74.00      0.9088E-01
   75.00      0.8829E-01
   76.00      0.8575E-01
   77.00      0.8333E-01
   78.00      0.8111E-01
   79.00      0.7913E-01
   80.00      0.7743E-01
 END
