#  81 angles,  1 tensor ranks for 0=projectile
@subtitle   "39K(3He,d)40Ca 21 MeV DWBA ZR 7623 keV Jpi=3+ l=2 n=2 j=3/2"                   
@legend ON
@legend x1 0.2
@legend y1 0.8
@g0 type LOGY
@yaxis ticklabel format power
@legend string   0 "Lab energy =   21.0000"
#legend string   0 "Partition=  2 Excit=  1 near/far= 1"
#  Theta       sigma       iT11        T20         T21         T22         Kyy for projectile
   0.000       22.56    
   1.000       22.62    
   2.000       22.80    
   3.000       23.08    
   4.000       23.45    
   5.000       23.89    
   6.000       24.37    
   7.000       24.84    
   8.000       25.28    
   9.000       25.62    
   10.00       25.82    
   11.00       25.83    
   12.00       25.62    
   13.00       25.14    
   14.00       24.39    
   15.00       23.37    
   16.00       22.09    
   17.00       20.58    
   18.00       18.91    
   19.00       17.13    
   20.00       15.31    
   21.00       13.50    
   22.00       11.77    
   23.00       10.17    
   24.00       8.733    
   25.00       7.490    
   26.00       6.452    
   27.00       5.618    
   28.00       4.976    
   29.00       4.506    
   30.00       4.179    
   31.00       3.962    
   32.00       3.822    
   33.00       3.729    
   34.00       3.655    
   35.00       3.578    
   36.00       3.482    
   37.00       3.356    
   38.00       3.198    
   39.00       3.007    
   40.00       2.789    
   41.00       2.552    
   42.00       2.304    
   43.00       2.056    
   44.00       1.817    
   45.00       1.595    
   46.00       1.395    
   47.00       1.224    
   48.00       1.082    
   49.00      0.9692    
   50.00      0.8839    
   51.00      0.8226    
   52.00      0.7809    
   53.00      0.7538    
   54.00      0.7363    
   55.00      0.7238    
   56.00      0.7122    
   57.00      0.6981    
   58.00      0.6791    
   59.00      0.6537    
   60.00      0.6217    
   61.00      0.5832    
   62.00      0.5395    
   63.00      0.4921    
   64.00      0.4431    
   65.00      0.3945    
   66.00      0.3483    
   67.00      0.3063    
   68.00      0.2699    
   69.00      0.2402    
   70.00      0.2177    
   71.00      0.2026    
   72.00      0.1946    
   73.00      0.1933    
   74.00      0.1976    
   75.00      0.2064    
   76.00      0.2184    
   77.00      0.2322    
   78.00      0.2465    
   79.00      0.2599    
   80.00      0.2715    
 END
