     0.0   1.503      1
     0.0   3.005     -1
     1.0   13.53      1
     1.0   27.04     -1
     2.0   30.05      1
     2.0   60.08     -1
     3.0   42.06      1
     3.0   84.06     -1
     4.0   53.97      1
     4.0   107.9     -1
     5.0   65.88      1
     5.0   131.4     -1
     6.0   76.30      1
     6.0   153.3     -1
     7.0   86.34      1
     7.0   169.6     -1
     8.0   85.05      1
     8.0   173.4     -1
     9.0   80.63      1
     9.0   158.8     -1
    10.0   64.14      1
    10.0   127.9     -1
    11.0   42.76      1
    11.0   88.53     -1
    12.0   28.87      1
    12.0   53.85     -1
    13.0   13.87      1
    13.0   30.40     -1
    14.0   9.132      1
    14.0   16.72     -1
    15.0   4.122      1
    15.0   9.108     -1
    16.0   2.703      1
    16.0   4.929     -1
    17.0   1.195      1
    17.0   2.652     -1
    18.0  0.7809      1
    18.0   1.419     -1
    19.0  0.3394      1
    19.0  0.7559     -1
    20.0  0.2211      1
    20.0  0.4008     -1
    21.0  0.9482E-01  1
    21.0  0.2117     -1
    22.0  0.6154E-01  1
    22.0  0.1114     -1
    23.0  0.2613E-01  1
    23.0  0.5843E-01 -1
    24.0  0.1690E-01  1
    24.0  0.3056E-01 -1
    25.0  0.7120E-02  1
    25.0  0.1594E-01 -1
    26.0  0.4590E-02  1
    26.0  0.8293E-02 -1
    27.0  0.1921E-02  1
    27.0  0.4305E-02 -1
    28.0  0.1235E-02  1
    28.0  0.2230E-02 -1
    29.0  0.5146E-03  1
    29.0  0.1153E-02 -1
    30.0  0.3297E-03  1
    30.0  0.5953E-03 -1
