     0.0   1.499      1
     0.0   2.999     -1
     1.0   13.48      1
     1.0   26.99     -1
     2.0   29.96      1
     2.0   59.98     -1
     3.0   41.95      1
     3.0   83.93     -1
     4.0   53.81      1
     4.0   107.8     -1
     5.0   65.74      1
     5.0   131.3     -1
     6.0   76.10      1
     6.0   153.2     -1
     7.0   86.16      1
     7.0   169.7     -1
     8.0   84.84      1
     8.0   173.4     -1
     9.0   80.76      1
     9.0   159.5     -1
    10.0   64.58      1
    10.0   129.4     -1
    11.0   44.00      1
    11.0   91.26     -1
    12.0   30.50      1
    12.0   56.25     -1
    13.0   14.25      1
    13.0   31.76     -1
    14.0   9.606      1
    14.0   17.37     -1
    15.0   4.205      1
    15.0   9.409     -1
    16.0   2.804      1
    16.0   5.067     -1
    17.0   1.212      1
    17.0   2.715     -1
    18.0  0.8018      1
    18.0   1.448     -1
    19.0  0.3431      1
    19.0  0.7691     -1
    20.0  0.2254      1
    20.0  0.4068     -1
    21.0  0.9560E-01  1
    21.0  0.2144     -1
    22.0  0.6245E-01  1
    22.0  0.1127     -1
    23.0  0.2630E-01  1
    23.0  0.5901E-01 -1
    24.0  0.1709E-01  1
    24.0  0.3083E-01 -1
    25.0  0.7155E-02  1
    25.0  0.1606E-01 -1
    26.0  0.4630E-02  1
    26.0  0.8349E-02 -1
    27.0  0.1929E-02  1
    27.0  0.4331E-02 -1
    28.0  0.1243E-02  1
    28.0  0.2242E-02 -1
    29.0  0.5160E-03  1
    29.0  0.1158E-02 -1
    30.0  0.3313E-03  1
    30.0  0.5974E-03 -1
