#  81 angles,  1 tensor ranks for 0=projectile
@subtitle   "39K(3He,d)40Ca 21 MeV DWBA ZR 8188 keV Jpi=3- l=5 n=1 j=9/2"                   
@legend ON
@legend x1 0.2
@legend y1 0.8
@g0 type LOGY
@yaxis ticklabel format power
@legend string   0 "Lab energy =   21.0000"
#legend string   0 "Partition=  2 Excit=  1 near/far= 1"
#  Theta       sigma       iT11        T20         T21         T22         Kyy for projectile
   0.000      0.4220    
   1.000      0.4211    
   2.000      0.4184    
   3.000      0.4141    
   4.000      0.4083    
   5.000      0.4014    
   6.000      0.3937    
   7.000      0.3855    
   8.000      0.3774    
   9.000      0.3699    
   10.00      0.3633    
   11.00      0.3583    
   12.00      0.3553    
   13.00      0.3547    
   14.00      0.3568    
   15.00      0.3619    
   16.00      0.3701    
   17.00      0.3814    
   18.00      0.3955    
   19.00      0.4122    
   20.00      0.4312    
   21.00      0.4518    
   22.00      0.4736    
   23.00      0.4959    
   24.00      0.5181    
   25.00      0.5395    
   26.00      0.5593    
   27.00      0.5770    
   28.00      0.5918    
   29.00      0.6032    
   30.00      0.6107    
   31.00      0.6138    
   32.00      0.6123    
   33.00      0.6061    
   34.00      0.5950    
   35.00      0.5793    
   36.00      0.5593    
   37.00      0.5354    
   38.00      0.5083    
   39.00      0.4785    
   40.00      0.4468    
   41.00      0.4138    
   42.00      0.3804    
   43.00      0.3473    
   44.00      0.3150    
   45.00      0.2841    
   46.00      0.2551    
   47.00      0.2284    
   48.00      0.2042    
   49.00      0.1829    
   50.00      0.1643    
   51.00      0.1487    
   52.00      0.1358    
   53.00      0.1255    
   54.00      0.1176    
   55.00      0.1118    
   56.00      0.1077    
   57.00      0.1051    
   58.00      0.1036    
   59.00      0.1028    
   60.00      0.1024    
   61.00      0.1022    
   62.00      0.1020    
   63.00      0.1016    
   64.00      0.1007    
   65.00      0.9948E-01
   66.00      0.9772E-01
   67.00      0.9546E-01
   68.00      0.9273E-01
   69.00      0.8958E-01
   70.00      0.8608E-01
   71.00      0.8231E-01
   72.00      0.7835E-01
   73.00      0.7429E-01
   74.00      0.7021E-01
   75.00      0.6619E-01
   76.00      0.6230E-01
   77.00      0.5858E-01
   78.00      0.5509E-01
   79.00      0.5186E-01
   80.00      0.4891E-01
 END
