#  81 angles,  1 tensor ranks for 0=projectile
@subtitle   "39K(3He,d)40Ca 21 MeV DWBA ZR 8484 keV Jpi=3- l=5 n=1 j=9/2"                   
@legend ON
@legend x1 0.2
@legend y1 0.8
@g0 type LOGY
@yaxis ticklabel format power
@legend string   0 "Lab energy =   21.0000"
#legend string   0 "Partition=  2 Excit=  1 near/far= 1"
#  Theta       sigma       iT11        T20         T21         T22         Kyy for projectile
   0.000      0.4553    
   1.000      0.4544    
   2.000      0.4518    
   3.000      0.4477    
   4.000      0.4420    
   5.000      0.4350    
   6.000      0.4271    
   7.000      0.4186    
   8.000      0.4101    
   9.000      0.4019    
   10.00      0.3947    
   11.00      0.3891    
   12.00      0.3855    
   13.00      0.3843    
   14.00      0.3858    
   15.00      0.3902    
   16.00      0.3975    
   17.00      0.4077    
   18.00      0.4207    
   19.00      0.4360    
   20.00      0.4535    
   21.00      0.4726    
   22.00      0.4929    
   23.00      0.5136    
   24.00      0.5341    
   25.00      0.5538    
   26.00      0.5720    
   27.00      0.5879    
   28.00      0.6009    
   29.00      0.6104    
   30.00      0.6161    
   31.00      0.6175    
   32.00      0.6145    
   33.00      0.6069    
   34.00      0.5948    
   35.00      0.5784    
   36.00      0.5580    
   37.00      0.5341    
   38.00      0.5071    
   39.00      0.4776    
   40.00      0.4464    
   41.00      0.4140    
   42.00      0.3812    
   43.00      0.3487    
   44.00      0.3169    
   45.00      0.2864    
   46.00      0.2578    
   47.00      0.2313    
   48.00      0.2073    
   49.00      0.1860    
   50.00      0.1675    
   51.00      0.1517    
   52.00      0.1386    
   53.00      0.1281    
   54.00      0.1199    
   55.00      0.1138    
   56.00      0.1094    
   57.00      0.1065    
   58.00      0.1046    
   59.00      0.1035    
   60.00      0.1028    
   61.00      0.1024    
   62.00      0.1020    
   63.00      0.1014    
   64.00      0.1005    
   65.00      0.9921E-01
   66.00      0.9747E-01
   67.00      0.9525E-01
   68.00      0.9256E-01
   69.00      0.8943E-01
   70.00      0.8594E-01
   71.00      0.8215E-01
   72.00      0.7816E-01
   73.00      0.7406E-01
   74.00      0.6995E-01
   75.00      0.6590E-01
   76.00      0.6200E-01
   77.00      0.5830E-01
   78.00      0.5484E-01
   79.00      0.5163E-01
   80.00      0.4870E-01
 END
