     0.0   1.499      1
     0.0   3.002     -1
     1.0   13.47      1
     1.0   26.96     -1
     2.0   29.88      1
     2.0   59.85     -1
     3.0   41.89      1
     3.0   83.86     -1
     4.0   53.76      1
     4.0   107.7     -1
     5.0   65.68      1
     5.0   131.2     -1
     6.0   75.90      1
     6.0   152.8     -1
     7.0   85.72      1
     7.0   168.8     -1
     8.0   84.31      1
     8.0   172.3     -1
     9.0   80.46      1
     9.0   158.6     -1
    10.0   64.43      1
    10.0   129.2     -1
    11.0   43.93      1
    11.0   91.22     -1
    12.0   30.55      1
    12.0   56.25     -1
    13.0   14.23      1
    13.0   31.75     -1
    14.0   9.609      1
    14.0   17.36     -1
    15.0   4.198      1
    15.0   9.402     -1
    16.0   2.802      1
    16.0   5.063     -1
    17.0   1.211      1
    17.0   2.713     -1
    18.0  0.8013      1
    18.0   1.447     -1
    19.0  0.3428      1
    19.0  0.7684     -1
    20.0  0.2252      1
    20.0  0.4065     -1
    21.0  0.9552E-01  1
    21.0  0.2143     -1
    22.0  0.6241E-01  1
    22.0  0.1126     -1
    23.0  0.2628E-01  1
    23.0  0.5898E-01 -1
    24.0  0.1708E-01  1
    24.0  0.3081E-01 -1
    25.0  0.7152E-02  1
    25.0  0.1605E-01 -1
    26.0  0.4629E-02  1
    26.0  0.8347E-02 -1
    27.0  0.1929E-02  1
    27.0  0.4330E-02 -1
    28.0  0.1243E-02  1
    28.0  0.2242E-02 -1
    29.0  0.5161E-03  1
    29.0  0.1158E-02 -1
    30.0  0.3313E-03  1
    30.0  0.5975E-03 -1
