#  81 angles,  1 tensor ranks for 0=projectile
@subtitle   "39K(3He,d)40Ca 21 MeV DWBA ZR 8359 keV Jpi=2- l=1 n=2 j=3/2"                   
@legend ON
@legend x1 0.2
@legend y1 0.8
@g0 type LOGY
@yaxis ticklabel format power
@legend string   0 "Lab energy =   21.0000"
#legend string   0 "Partition=  2 Excit=  1 near/far= 1"
#  Theta       sigma       iT11        T20         T21         T22         Kyy for projectile
   0.000       24.93    
   1.000       24.91    
   2.000       24.85    
   3.000       24.73    
   4.000       24.50    
   5.000       24.15    
   6.000       23.61    
   7.000       22.88    
   8.000       21.92    
   9.000       20.74    
   10.00       19.36    
   11.00       17.81    
   12.00       16.14    
   13.00       14.42    
   14.00       12.72    
   15.00       11.10    
   16.00       9.619    
   17.00       8.334    
   18.00       7.270    
   19.00       6.440    
   20.00       5.835    
   21.00       5.433    
   22.00       5.200    
   23.00       5.093    
   24.00       5.069    
   25.00       5.083    
   26.00       5.097    
   27.00       5.082    
   28.00       5.015    
   29.00       4.885    
   30.00       4.687    
   31.00       4.425    
   32.00       4.109    
   33.00       3.754    
   34.00       3.375    
   35.00       2.991    
   36.00       2.616    
   37.00       2.265    
   38.00       1.949    
   39.00       1.673    
   40.00       1.442    
   41.00       1.256    
   42.00       1.112    
   43.00       1.007    
   44.00      0.9331    
   45.00      0.8851    
   46.00      0.8559    
   47.00      0.8390    
   48.00      0.8287    
   49.00      0.8204    
   50.00      0.8104    
   51.00      0.7964    
   52.00      0.7772    
   53.00      0.7525    
   54.00      0.7228    
   55.00      0.6893    
   56.00      0.6532    
   57.00      0.6162    
   58.00      0.5798    
   59.00      0.5452    
   60.00      0.5136    
   61.00      0.4856    
   62.00      0.4619    
   63.00      0.4423    
   64.00      0.4268    
   65.00      0.4149    
   66.00      0.4059    
   67.00      0.3991    
   68.00      0.3937    
   69.00      0.3888    
   70.00      0.3837    
   71.00      0.3779    
   72.00      0.3707    
   73.00      0.3619    
   74.00      0.3514    
   75.00      0.3389    
   76.00      0.3247    
   77.00      0.3089    
   78.00      0.2917    
   79.00      0.2735    
   80.00      0.2547    
 END
