     0.0   1.503      1
     0.0   3.006     -1
     1.0   13.53      1
     1.0   27.05     -1
     2.0   30.05      1
     2.0   60.08     -1
     3.0   42.06      1
     3.0   84.07     -1
     4.0   53.98      1
     4.0   107.9     -1
     5.0   65.88      1
     5.0   131.4     -1
     6.0   76.32      1
     6.0   153.2     -1
     7.0   86.22      1
     7.0   169.4     -1
     8.0   84.82      1
     8.0   172.8     -1
     9.0   80.39      1
     9.0   158.3     -1
    10.0   64.05      1
    10.0   128.1     -1
    11.0   43.20      1
    11.0   90.34     -1
    12.0   30.52      1
    12.0   55.80     -1
    13.0   14.03      1
    13.0   31.55     -1
    14.0   9.607      1
    14.0   17.27     -1
    15.0   4.158      1
    15.0   9.361     -1
    16.0   2.802      1
    16.0   5.044     -1
    17.0   1.203      1
    17.0   2.704     -1
    18.0  0.8010      1
    18.0   1.443     -1
    19.0  0.3411      1
    19.0  0.7666     -1
    20.0  0.2252      1
    20.0  0.4057     -1
    21.0  0.9519E-01  1
    21.0  0.2139     -1
    22.0  0.6239E-01  1
    22.0  0.1124     -1
    23.0  0.2621E-01  1
    23.0  0.5890E-01 -1
    24.0  0.1708E-01  1
    24.0  0.3077E-01 -1
    25.0  0.7138E-02  1
    25.0  0.1604E-01 -1
    26.0  0.4627E-02  1
    26.0  0.8339E-02 -1
    27.0  0.1926E-02  1
    27.0  0.4326E-02 -1
    28.0  0.1243E-02  1
    28.0  0.2240E-02 -1
    29.0  0.5155E-03  1
    29.0  0.1158E-02 -1
    30.0  0.3312E-03  1
    30.0  0.5972E-03 -1
