#  81 angles,  1 tensor ranks for 0=projectile
@subtitle   "39K(3He,d)40Ca 21 MeV DWBA ZR 8425 keV Jpi=2+ l=2 n=2 j=3/2"                   
@legend ON
@legend x1 0.2
@legend y1 0.8
@g0 type LOGY
@yaxis ticklabel format power
@legend string   0 "Lab energy =   21.0000"
#legend string   0 "Partition=  2 Excit=  1 near/far= 1"
#  Theta       sigma       iT11        T20         T21         T22         Kyy for projectile
   0.000       17.97    
   1.000       18.00    
   2.000       18.09    
   3.000       18.22    
   4.000       18.39    
   5.000       18.58    
   6.000       18.76    
   7.000       18.92    
   8.000       19.02    
   9.000       19.03    
   10.00       18.93    
   11.00       18.71    
   12.00       18.33    
   13.00       17.80    
   14.00       17.11    
   15.00       16.26    
   16.00       15.28    
   17.00       14.19    
   18.00       13.03    
   19.00       11.82    
   20.00       10.61    
   21.00       9.434    
   22.00       8.320    
   23.00       7.297    
   24.00       6.383    
   25.00       5.589    
   26.00       4.922    
   27.00       4.377    
   28.00       3.945    
   29.00       3.614    
   30.00       3.366    
   31.00       3.184    
   32.00       3.047    
   33.00       2.938    
   34.00       2.842    
   35.00       2.747    
   36.00       2.642    
   37.00       2.524    
   38.00       2.389    
   39.00       2.237    
   40.00       2.072    
   41.00       1.897    
   42.00       1.718    
   43.00       1.541    
   44.00       1.370    
   45.00       1.211    
   46.00       1.066    
   47.00      0.9401    
   48.00      0.8329    
   49.00      0.7449    
   50.00      0.6752    
   51.00      0.6219    
   52.00      0.5825    
   53.00      0.5541    
   54.00      0.5338    
   55.00      0.5185    
   56.00      0.5057    
   57.00      0.4931    
   58.00      0.4790    
   59.00      0.4622    
   60.00      0.4421    
   61.00      0.4186    
   62.00      0.3921    
   63.00      0.3633    
   64.00      0.3331    
   65.00      0.3026    
   66.00      0.2730    
   67.00      0.2452    
   68.00      0.2204    
   69.00      0.1992    
   70.00      0.1820    
   71.00      0.1692    
   72.00      0.1608    
   73.00      0.1565    
   74.00      0.1558    
   75.00      0.1583    
   76.00      0.1632    
   77.00      0.1696    
   78.00      0.1769    
   79.00      0.1842    
   80.00      0.1909    
 END
