#  81 angles,  1 tensor ranks for 0=projectile
@subtitle   "39K(3He,d)40Ca 21 MeV DWBA ZR 8019 keV Jpi=1- l=3 n=1 j=5/2"                   
@legend ON
@legend x1 0.2
@legend y1 0.8
@g0 type LOGY
@yaxis ticklabel format power
@legend string   0 "Lab energy =   21.0000"
#legend string   0 "Partition=  2 Excit=  1 near/far= 1"
#  Theta       sigma       iT11        T20         T21         T22         Kyy for projectile
   0.000       1.660    
   1.000       1.663    
   2.000       1.670    
   3.000       1.681    
   4.000       1.698    
   5.000       1.719    
   6.000       1.746    
   7.000       1.776    
   8.000       1.810    
   9.000       1.847    
   10.00       1.884    
   11.00       1.922    
   12.00       1.956    
   13.00       1.986    
   14.00       2.008    
   15.00       2.021    
   16.00       2.020    
   17.00       2.005    
   18.00       1.973    
   19.00       1.923    
   20.00       1.855    
   21.00       1.769    
   22.00       1.668    
   23.00       1.554    
   24.00       1.429    
   25.00       1.298    
   26.00       1.163    
   27.00       1.030    
   28.00      0.9005    
   29.00      0.7783    
   30.00      0.6659    
   31.00      0.5650    
   32.00      0.4773    
   33.00      0.4032    
   34.00      0.3429    
   35.00      0.2957    
   36.00      0.2605    
   37.00      0.2358    
   38.00      0.2197    
   39.00      0.2103    
   40.00      0.2057    
   41.00      0.2041    
   42.00      0.2039    
   43.00      0.2039    
   44.00      0.2029    
   45.00      0.2004    
   46.00      0.1958    
   47.00      0.1892    
   48.00      0.1804    
   49.00      0.1698    
   50.00      0.1577    
   51.00      0.1447    
   52.00      0.1312    
   53.00      0.1179    
   54.00      0.1051    
   55.00      0.9332E-01
   56.00      0.8278E-01
   57.00      0.7366E-01
   58.00      0.6606E-01
   59.00      0.5993E-01
   60.00      0.5519E-01
   61.00      0.5167E-01
   62.00      0.4919E-01
   63.00      0.4751E-01
   64.00      0.4642E-01
   65.00      0.4569E-01
   66.00      0.4512E-01
   67.00      0.4453E-01
   68.00      0.4377E-01
   69.00      0.4274E-01
   70.00      0.4138E-01
   71.00      0.3966E-01
   72.00      0.3761E-01
   73.00      0.3528E-01
   74.00      0.3273E-01
   75.00      0.3005E-01
   76.00      0.2732E-01
   77.00      0.2462E-01
   78.00      0.2202E-01
   79.00      0.1959E-01
   80.00      0.1738E-01
 END
