#  81 angles,  1 tensor ranks for 0=projectile
@subtitle   "39K(3He,d)40Ca 21 MeV DWBA ZR 8995 keV Jpi=1- l=3 n=2 j=5/2"                   
@legend ON
@legend x1 0.2
@legend y1 0.8
@g0 type LOGY
@yaxis ticklabel format power
@legend string   0 "Lab energy =   21.0000"
#legend string   0 "Partition=  2 Excit=  1 near/far= 1"
#  Theta       sigma       iT11        T20         T21         T22         Kyy for projectile
   0.000       4.814    
   1.000       4.826    
   2.000       4.860    
   3.000       4.916    
   4.000       4.991    
   5.000       5.082    
   6.000       5.184    
   7.000       5.293    
   8.000       5.402    
   9.000       5.506    
   10.00       5.599    
   11.00       5.673    
   12.00       5.725    
   13.00       5.749    
   14.00       5.739    
   15.00       5.693    
   16.00       5.609    
   17.00       5.483    
   18.00       5.318    
   19.00       5.113    
   20.00       4.872    
   21.00       4.600    
   22.00       4.302    
   23.00       3.984    
   24.00       3.655    
   25.00       3.320    
   26.00       2.987    
   27.00       2.664    
   28.00       2.355    
   29.00       2.068    
   30.00       1.805    
   31.00       1.572    
   32.00       1.370    
   33.00       1.200    
   34.00       1.061    
   35.00      0.9524    
   36.00      0.8702    
   37.00      0.8113    
   38.00      0.7718    
   39.00      0.7474    
   40.00      0.7339    
   41.00      0.7274    
   42.00      0.7244    
   43.00      0.7218    
   44.00      0.7172    
   45.00      0.7086    
   46.00      0.6948    
   47.00      0.6750    
   48.00      0.6492    
   49.00      0.6177    
   50.00      0.5813    
   51.00      0.5411    
   52.00      0.4984    
   53.00      0.4545    
   54.00      0.4107    
   55.00      0.3681    
   56.00      0.3278    
   57.00      0.2905    
   58.00      0.2567    
   59.00      0.2267    
   60.00      0.2007    
   61.00      0.1787    
   62.00      0.1604    
   63.00      0.1455    
   64.00      0.1336    
   65.00      0.1241    
   66.00      0.1167    
   67.00      0.1107    
   68.00      0.1058    
   69.00      0.1016    
   70.00      0.9770E-01
   71.00      0.9400E-01
   72.00      0.9031E-01
   73.00      0.8655E-01
   74.00      0.8270E-01
   75.00      0.7878E-01
   76.00      0.7484E-01
   77.00      0.7095E-01
   78.00      0.6722E-01
   79.00      0.6374E-01
   80.00      0.6060E-01
 END
