#  81 angles,  1 tensor ranks for 0=projectile
@subtitle   "39K(3He,d)40Ca 21 MeV DWBA ZR 8995 keV Jpi=1- l=3 n=2 j=5/2"                   
@legend ON
@legend x1 0.2
@legend y1 0.8
@g0 type LOGY
@yaxis ticklabel format power
@xaxis label "Scattering angle (degrees)"
@yaxis label "Cross section (mb/sr)"
@legend string   0 "Partition=  1 Excit=  1 near/far= 1"
#legend string   0 "Lab energy =   21.0000"
@s0 linestyle   1
#  Theta       sigma       iT11        T20         T21         T22         Kyy for projectile
  0.1000E-01   1.000    
   1.000      0.9997    
   2.000       1.001    
   3.000      0.9801    
   4.000      0.9937    
   5.000       1.036    
   6.000       1.069    
   7.000       1.070    
   8.000       1.043    
   9.000       1.001    
   10.00      0.9589    
   11.00      0.9259    
   12.00      0.9030    
   13.00      0.8865    
   14.00      0.8704    
   15.00      0.8486    
   16.00      0.8173    
   17.00      0.7752    
   18.00      0.7238    
   19.00      0.6664    
   20.00      0.6075    
   21.00      0.5518    
   22.00      0.5029    
   23.00      0.4636    
   24.00      0.4347    
   25.00      0.4158    
   26.00      0.4051    
   27.00      0.3999    
   28.00      0.3972    
   29.00      0.3941    
   30.00      0.3882    
   31.00      0.3777    
   32.00      0.3620    
   33.00      0.3412    
   34.00      0.3163    
   35.00      0.2889    
   36.00      0.2608    
   37.00      0.2340    
   38.00      0.2104    
   39.00      0.1911    
   40.00      0.1770    
   41.00      0.1682    
   42.00      0.1644    
   43.00      0.1646    
   44.00      0.1677    
   45.00      0.1721    
   46.00      0.1765    
   47.00      0.1796    
   48.00      0.1803    
   49.00      0.1779    
   50.00      0.1722    
   51.00      0.1633    
   52.00      0.1516    
   53.00      0.1378    
   54.00      0.1229    
   55.00      0.1077    
   56.00      0.9318E-01
   57.00      0.8011E-01
   58.00      0.6912E-01
   59.00      0.6059E-01
   60.00      0.5467E-01
   61.00      0.5129E-01
   62.00      0.5018E-01
   63.00      0.5093E-01
   64.00      0.5301E-01
   65.00      0.5587E-01
   66.00      0.5895E-01
   67.00      0.6177E-01
   68.00      0.6392E-01
   69.00      0.6510E-01
   70.00      0.6515E-01
   71.00      0.6402E-01
   72.00      0.6176E-01
   73.00      0.5853E-01
   74.00      0.5453E-01
   75.00      0.5000E-01
   76.00      0.4522E-01
   77.00      0.4042E-01
   78.00      0.3583E-01
   79.00      0.3163E-01
   80.00      0.2793E-01
 END
@legend string   1 "Partition=  2 Excit=  1 near/far= 1"
#legend string   0 "Lab energy =   21.0000"
@s1 linestyle   2
#  Theta       sigma       iT11        T20         T21         T22         Kyy for projectile
   0.000       4.814    
   1.000       4.826    
   2.000       4.860    
   3.000       4.916    
   4.000       4.991    
   5.000       5.082    
   6.000       5.184    
   7.000       5.293    
   8.000       5.402    
   9.000       5.506    
   10.00       5.599    
   11.00       5.673    
   12.00       5.725    
   13.00       5.749    
   14.00       5.739    
   15.00       5.693    
   16.00       5.609    
   17.00       5.483    
   18.00       5.318    
   19.00       5.113    
   20.00       4.872    
   21.00       4.600    
   22.00       4.302    
   23.00       3.984    
   24.00       3.655    
   25.00       3.320    
   26.00       2.987    
   27.00       2.664    
   28.00       2.355    
   29.00       2.068    
   30.00       1.805    
   31.00       1.572    
   32.00       1.370    
   33.00       1.200    
   34.00       1.061    
   35.00      0.9524    
   36.00      0.8702    
   37.00      0.8113    
   38.00      0.7718    
   39.00      0.7474    
   40.00      0.7339    
   41.00      0.7274    
   42.00      0.7244    
   43.00      0.7218    
   44.00      0.7172    
   45.00      0.7086    
   46.00      0.6948    
   47.00      0.6750    
   48.00      0.6492    
   49.00      0.6177    
   50.00      0.5813    
   51.00      0.5411    
   52.00      0.4984    
   53.00      0.4545    
   54.00      0.4107    
   55.00      0.3681    
   56.00      0.3278    
   57.00      0.2905    
   58.00      0.2567    
   59.00      0.2267    
   60.00      0.2007    
   61.00      0.1787    
   62.00      0.1604    
   63.00      0.1455    
   64.00      0.1336    
   65.00      0.1241    
   66.00      0.1167    
   67.00      0.1107    
   68.00      0.1058    
   69.00      0.1016    
   70.00      0.9770E-01
   71.00      0.9400E-01
   72.00      0.9031E-01
   73.00      0.8655E-01
   74.00      0.8270E-01
   75.00      0.7878E-01
   76.00      0.7484E-01
   77.00      0.7095E-01
   78.00      0.6722E-01
   79.00      0.6374E-01
   80.00      0.6060E-01
 END
